9 0.261133 0.322479 0.013953 0.058833
9 0.237734 0.324604 0.024844 0.053667
9 0.428117 0.501021 0.018453 0.023417
0 0.565508 0.757656 0.181203 0.482229
0 0.759148 0.726583 0.094141 0.455667
0 0.881711 0.707146 0.142609 0.407167
0 0.956914 0.771635 0.077328 0.430396
0 0.431461 0.689885 0.134828 0.323604
0 0.665805 0.639344 0.043453 0.154104
0 0.278336 0.600427 0.042609 0.111438
0 0.245031 0.602250 0.039219 0.098542
0 0.372023 0.645635 0.087297 0.239021
0 0.320961 0.622198 0.050328 0.159396
2 0.092945 0.566073 0.022328 0.022729
2 0.248477 0.559948 0.014703 0.020188
3 0.613484 0.849438 0.252812 0.274167
24 0.723320 0.631990 0.054797 0.132438
24 0.669852 0.610177 0.026797 0.059438
24 0.948930 0.690948 0.048922 0.139562
24 0.628367 0.607875 0.019234 0.034208
24 0.493117 0.582573 0.011641 0.024854
0 0.211930 0.589510 0.031359 0.087563
0 0.842164 0.582667 0.035984 0.056708
2 0.029922 0.579083 0.023625 0.036792
3 0.438461 0.749396 0.129484 0.291167
3 0.324469 0.643792 0.060750 0.141500
3 0.282836 0.633146 0.048234 0.087083
3 0.243055 0.617333 0.039359 0.080125
3 0.216555 0.614260 0.023078 0.048646
3 0.195164 0.590646 0.009828 0.028250
3 0.369148 0.681938 0.062953 0.198875
3 0.187211 0.579365 0.006609 0.017313
3 0.181953 0.575052 0.006906 0.020562
3 0.177602 0.569479 0.006672 0.018042
0 0.628039 0.583948 0.038484 0.048854
2 0.108813 0.567312 0.012750 0.015625
2 0.069641 0.573823 0.015469 0.023271
2 0.060406 0.577135 0.013688 0.028604
2 0.039820 0.575365 0.032672 0.037312
2 0.011680 0.582729 0.023297 0.049292
7 0.968938 0.849385 0.062125 0.274646
9 0.097625 0.503073 0.005625 0.014313
