58 0.112937 0.505047 0.097594 0.090282
56 0.652773 0.816408 0.231391 0.345493
60 0.835938 0.858216 0.328125 0.262911
72 0.032906 0.612923 0.062813 0.757300
43 0.291703 0.489448 0.004969 0.018427
69 0.486477 0.692570 0.184391 0.292793
75 0.873664 0.843286 0.061828 0.110376
71 0.395633 0.560869 0.081109 0.022723
73 0.537094 0.883533 0.032375 0.053545
73 0.561625 0.805258 0.082312 0.065822
58 0.881180 0.759472 0.123391 0.159038
73 0.512445 0.719319 0.057016 0.042582
43 0.315867 0.499002 0.010297 0.028427
43 0.285781 0.489413 0.003875 0.017512
