46 0.435523 0.210035 0.121453 0.283685
46 0.462508 0.551796 0.028766 0.043216
0 0.366469 0.621350 0.257281 0.757300
0 0.503320 0.702570 0.202516 0.594859
0 0.626906 0.637805 0.294844 0.702465
0 0.882773 0.723439 0.234453 0.553122
0 0.272852 0.597969 0.257859 0.779272
0 0.100219 0.697758 0.197437 0.573028
0 0.777266 0.738709 0.152906 0.522582
0 0.823859 0.532430 0.029719 0.128709
0 0.799430 0.585704 0.115484 0.142300
0 0.921070 0.493498 0.038016 0.048592
0 0.173844 0.546009 0.040719 0.052254
74 0.686766 0.715106 0.025594 0.051526
0 0.874906 0.593087 0.055563 0.120775
