62 0.935297 0.211762 0.129406 0.263525
59 0.433992 0.821788 0.862359 0.328075
59 0.496078 0.597538 0.269062 0.325125
56 0.877109 0.771913 0.245781 0.429225
56 0.135953 0.567375 0.041031 0.153150
56 0.259023 0.508512 0.038641 0.046175
56 0.170477 0.576213 0.065109 0.160525
60 0.247078 0.501700 0.042750 0.014200
41 0.218156 0.601163 0.015531 0.046375
41 0.267430 0.616625 0.014391 0.054450
56 0.294734 0.555987 0.040406 0.137275
75 0.732055 0.446850 0.033797 0.079600
26 0.930445 0.414738 0.139109 0.172975
57 0.498812 0.601125 0.277000 0.321800
59 0.047836 0.656400 0.095672 0.165450
60 0.310750 0.498400 0.063687 0.011450
41 0.232367 0.596388 0.014922 0.043075
