28 0.708633 0.684896 0.083641 0.073375
28 0.335953 0.558677 0.047844 0.065521
28 0.256180 0.731906 0.242703 0.323604
0 0.392250 0.490479 0.069156 0.129000
0 0.405922 0.677906 0.057125 0.139396
0 0.339484 0.863010 0.084812 0.142521
0 0.761109 0.645813 0.089656 0.152750
0 0.766570 0.467615 0.047453 0.145563
0 0.199984 0.436969 0.083250 0.158104
0 0.147437 0.471896 0.062125 0.124083
26 0.346578 0.912469 0.044094 0.047021
26 0.417906 0.660219 0.014688 0.032521
0 0.721438 0.517167 0.068844 0.137708
0 0.163289 0.540667 0.057484 0.134583
24 0.124305 0.468104 0.045328 0.064167
24 0.158047 0.409656 0.038375 0.028229
