2 0.086445 0.835895 0.169703 0.078297
0 0.485656 0.789203 0.173687 0.384258
0 0.355352 0.867544 0.060766 0.128013
0 0.389359 0.871943 0.065875 0.112838
1 0.517539 0.908002 0.221484 0.183996
24 0.560367 0.937424 0.076359 0.125153
0 0.702828 0.866594 0.032156 0.079782
0 0.162211 0.801703 0.009391 0.024585
0 0.889805 0.827849 0.032297 0.067096
0 0.313406 0.824159 0.020938 0.059934
0 0.724203 0.862915 0.031531 0.088712
0 0.780664 0.846245 0.021859 0.087904
0 0.675234 0.867489 0.029219 0.081092
13 0.655172 0.876081 0.028875 0.057096
13 0.340562 0.888985 0.057781 0.079672
13 0.741859 0.867686 0.018125 0.028559
0 0.588398 0.864956 0.042859 0.090786
0 0.421383 0.862347 0.051891 0.120852
