57 0.472164 0.645813 0.552453 0.503208
56 0.063898 0.659198 0.127797 0.484312
73 0.311305 0.135219 0.008328 0.077729
73 0.439461 0.141875 0.007328 0.072042
58 0.159195 0.378156 0.037484 0.111979
73 0.170602 0.126969 0.013984 0.081146
73 0.321414 0.130792 0.367953 0.094792
65 0.636547 0.684354 0.069625 0.047542
65 0.679648 0.674323 0.057203 0.043937
65 0.669430 0.680875 0.062891 0.045917
65 0.654508 0.682167 0.062578 0.047333
58 0.726414 0.647062 0.022516 0.044792
58 0.524117 0.340135 0.028734 0.110021
