58 0.125383 0.261063 0.103516 0.108000
58 0.189898 0.213773 0.061234 0.058141
58 0.856703 0.269156 0.062375 0.057750
58 0.473875 0.588906 0.022219 0.027031
60 0.592914 0.740688 0.381547 0.402688
60 0.293531 0.468359 0.235562 0.166938
60 0.644352 0.262789 0.080984 0.098328
43 0.630023 0.763391 0.030547 0.033063
43 0.698859 0.805906 0.025875 0.022687
44 0.604102 0.720539 0.021703 0.022984
39 0.659633 0.734273 0.014391 0.044422
39 0.602195 0.687969 0.016266 0.046469
39 0.525602 0.634266 0.013422 0.040594
39 0.482164 0.564688 0.011422 0.030781
39 0.273422 0.440555 0.013750 0.039641
39 0.253469 0.424328 0.012281 0.032500
39 0.218766 0.394797 0.015656 0.036437
42 0.758055 0.791859 0.025141 0.016469
42 0.636961 0.725133 0.029547 0.028672
42 0.427781 0.579891 0.013719 0.011406
42 0.694445 0.430680 0.009547 0.007516
44 0.700313 0.798555 0.017406 0.019797
44 0.641297 0.728656 0.018344 0.021031
56 0.619383 0.911758 0.140516 0.165078
56 0.942055 0.869148 0.115891 0.176422
56 0.394867 0.747977 0.097328 0.125422
56 0.343477 0.347023 0.065828 0.074859
56 0.413930 0.351578 0.078547 0.080781
56 0.335117 0.083562 0.030672 0.033187
56 0.541867 0.065719 0.031922 0.033781
56 0.626703 0.206289 0.044969 0.034297
56 0.660969 0.290609 0.071813 0.076938
56 0.710562 0.399734 0.083062 0.045844
0 0.784383 0.714367 0.093984 0.145172
0 0.772727 0.859711 0.112953 0.146578
0 0.565937 0.773344 0.103000 0.135250
0 0.685648 0.657312 0.077266 0.130062
0 0.295969 0.526695 0.078375 0.104516
0 0.614828 0.612516 0.088625 0.128531
0 0.494297 0.709641 0.052687 0.120906
0 0.378531 0.610430 0.103875 0.149234
0 0.510156 0.529336 0.084812 0.106328
0 0.178547 0.464180 0.053375 0.077703
0 0.145055 0.426555 0.054391 0.096734
39 0.380508 0.281367 0.013172 0.025234
39 0.699273 0.451437 0.012203 0.041844
39 0.623648 0.411164 0.010859 0.040297
39 0.718203 0.437820 0.010187 0.041828
39 0.756250 0.463570 0.012156 0.037703
40 0.347703 0.493102 0.011687 0.013703
42 0.659477 0.797289 0.028578 0.022734
42 0.599125 0.722148 0.017313 0.016766
43 0.725086 0.796695 0.019328 0.017734
56 0.430984 0.293047 0.058750 0.106281
56 0.670383 0.375898 0.048234 0.062484
58 0.678117 0.746625 0.026109 0.033531
58 0.330836 0.474633 0.012641 0.043359
58 0.593125 0.679477 0.016063 0.021641
58 0.317586 0.482430 0.008141 0.015016
60 0.753828 0.474086 0.130375 0.091609
60 0.616914 0.416094 0.188297 0.108688
60 0.384359 0.291297 0.127562 0.041031
60 0.510734 0.170836 0.066969 0.034578
60 0.370750 0.119891 0.450594 0.224187
60 0.543648 0.092766 0.132234 0.054438
0 0.269508 0.375250 0.069797 0.081812
40 0.710187 0.790531 0.011125 0.018625
40 0.627641 0.716898 0.014563 0.032984
40 0.538992 0.651664 0.015422 0.020016
40 0.558437 0.378031 0.009250 0.022000
40 0.438359 0.579703 0.010531 0.014813
40 0.268477 0.465273 0.007328 0.009859
56 0.519422 0.213758 0.062813 0.072578
0 0.230258 0.490039 0.075703 0.117203
39 0.330344 0.464250 0.013187 0.040688
40 0.702258 0.468406 0.010391 0.022125
40 0.840016 0.569812 0.019688 0.031531
