39 0.853977 0.340333 0.041172 0.135042
39 0.903508 0.347937 0.042578 0.125500
56 0.387305 0.297438 0.130047 0.184083
56 0.387320 0.230844 0.083078 0.106854
56 0.534891 0.262125 0.112156 0.150458
60 0.424914 0.646469 0.773484 0.570854
0 0.950844 0.493260 0.098312 0.150562
41 0.529469 0.370646 0.038500 0.047083
41 0.818844 0.446896 0.052125 0.063583
41 0.860305 0.457167 0.041828 0.064417
42 0.544555 0.461500 0.034422 0.043583
43 0.768633 0.619885 0.134391 0.024354
44 0.460258 0.323104 0.094922 0.050125
45 0.143758 0.566042 0.121766 0.128125
45 0.062422 0.518760 0.123625 0.126854
45 0.157148 0.452240 0.124859 0.104354
55 0.648781 0.599750 0.112031 0.128042
41 0.903133 0.468062 0.037859 0.050833
44 0.553844 0.465667 0.029219 0.036708
44 0.354703 0.484240 0.110312 0.045771
55 0.562203 0.562219 0.038781 0.049771
55 0.629430 0.719458 0.069703 0.070333
55 0.726641 0.563552 0.038875 0.042687
60 0.857680 0.633146 0.268297 0.440458
39 0.965430 0.345354 0.042516 0.119792
39 0.943992 0.330667 0.040984 0.118500
41 0.658016 0.339781 0.020844 0.046729
44 0.137148 0.405625 0.054078 0.062833
55 0.525203 0.562406 0.038656 0.054021
55 0.530062 0.675219 0.081625 0.075354
55 0.759398 0.564719 0.037453 0.041604
55 0.638750 0.519365 0.025250 0.037271
55 0.578937 0.523229 0.029875 0.038208
55 0.511523 0.536760 0.036391 0.046021
55 0.763828 0.543927 0.031313 0.036437
55 0.546930 0.533885 0.036266 0.037188
60 0.449219 0.247979 0.137063 0.118583
