33 0.858510 0.667493 0.054900 0.107413
33 0.747430 0.800947 0.045060 0.079707
33 0.973190 0.477387 0.053620 0.043253
0 0.422770 0.806187 0.074980 0.288160
0 0.206510 0.790013 0.046300 0.214213
0 0.148130 0.783867 0.062300 0.242080
0 0.088470 0.774080 0.047980 0.210933
0 0.501490 0.802373 0.066860 0.188587
26 0.449460 0.760827 0.039840 0.123147
33 0.796320 0.780413 0.038160 0.107440
33 0.902280 0.549773 0.128960 0.051600
33 0.641090 0.778240 0.024020 0.029813
0 0.392840 0.729013 0.038160 0.123627
0 0.629370 0.734253 0.027900 0.105787
0 0.121340 0.679067 0.011120 0.037653
0 0.325920 0.772147 0.045800 0.189573
0 0.733050 0.733613 0.024860 0.109413
0 0.713470 0.717000 0.028780 0.080453
0 0.795990 0.716147 0.056820 0.093040
26 0.862660 0.733787 0.015280 0.019040
0 0.867970 0.752387 0.036100 0.129413
26 0.073920 0.822640 0.030000 0.062507
