56 0.471570 0.748762 0.049484 0.121075
33 0.862789 0.230935 0.026672 0.026963
33 0.610266 0.365864 0.003031 0.004533
33 0.520789 0.401051 0.008328 0.012103
0 0.474078 0.654124 0.034000 0.111005
0 0.360461 0.756098 0.067422 0.112664
0 0.429984 0.666811 0.035563 0.068014
0 0.621336 0.729206 0.044484 0.087056
0 0.662453 0.722477 0.042281 0.083271
0 0.593734 0.706624 0.040406 0.065771
0 0.685406 0.733586 0.049406 0.085724
0 0.554164 0.730993 0.057109 0.087079
0 0.906609 0.660689 0.023031 0.090164
0 0.496461 0.646671 0.021078 0.078949
0 0.948359 0.693680 0.033063 0.134322
25 0.629047 0.586262 0.102844 0.064720
25 0.925820 0.552056 0.148359 0.074112
25 0.429359 0.581250 0.050438 0.030864
25 0.480914 0.582150 0.056578 0.033318
25 0.310523 0.584136 0.038984 0.029907
25 0.377617 0.586939 0.045422 0.027523
25 0.200875 0.577360 0.039875 0.033645
25 0.121180 0.576121 0.050016 0.030234
25 0.255320 0.580771 0.046828 0.022196
33 0.310531 0.422558 0.004406 0.007360
33 0.301109 0.448598 0.008125 0.010000
33 0.766914 0.091589 0.010641 0.020841
33 0.648914 0.488657 0.008359 0.010724
56 0.208734 0.713855 0.048063 0.087850
56 0.113469 0.683586 0.040656 0.063621
24 0.199641 0.859813 0.065844 0.140234
56 0.070711 0.753002 0.067766 0.108621
0 0.986109 0.649895 0.018594 0.115023
26 0.980453 0.676928 0.024844 0.033949
26 0.947266 0.619077 0.004094 0.016565
33 0.463523 0.371343 0.007891 0.011145
33 0.502789 0.530304 0.005516 0.006869
33 0.373672 0.463189 0.003625 0.007500
33 0.289836 0.482967 0.004922 0.006822
33 0.135984 0.442570 0.007375 0.010841
33 0.361609 0.430911 0.006813 0.012430
0 0.434648 0.746904 0.059109 0.266659
