39 0.689609 0.800021 0.045500 0.096625
39 0.729656 0.805031 0.029063 0.087479
39 0.779078 0.791562 0.028906 0.133625
39 0.723906 0.749927 0.016906 0.057104
39 0.700273 0.746750 0.031109 0.050917
0 0.713633 0.544719 0.560891 0.910562
0 0.214438 0.589833 0.285438 0.820333
65 0.333328 0.401667 0.036656 0.053000
65 0.776680 0.476969 0.034797 0.040937
39 0.762195 0.793479 0.022891 0.100292
0 0.932984 0.421396 0.134031 0.328458
56 0.882789 0.832031 0.234422 0.303896
65 0.976484 0.541021 0.045875 0.082792
39 0.755820 0.826573 0.013828 0.061521
57 0.880555 0.839094 0.235172 0.301229
