56 0.785344 0.592237 0.044688 0.226347
60 0.682055 0.777541 0.635891 0.418314
0 0.380180 0.543923 0.321578 0.882881
0 0.814117 0.566288 0.317859 0.867424
0 0.127297 0.525621 0.216781 0.948759
40 0.148648 0.340843 0.037516 0.126651
43 0.666695 0.838501 0.136797 0.126792
69 0.235891 0.378080 0.075469 0.185012
39 0.688187 0.161206 0.009844 0.039087
39 0.663336 0.163806 0.006328 0.030000
39 0.665305 0.096721 0.015484 0.052927
39 0.692781 0.103794 0.007562 0.035597
39 0.703180 0.099286 0.013828 0.047237
39 0.702836 0.221932 0.008141 0.032857
39 0.677852 0.216979 0.005953 0.036534
39 0.687781 0.219239 0.009469 0.043911
39 0.695937 0.166920 0.005562 0.027518
39 0.704187 0.159977 0.009187 0.041639
39 0.697141 0.159578 0.007125 0.040749
45 0.475055 0.346276 0.075766 0.050117
69 0.405047 0.540445 0.053438 0.113864
39 0.678930 0.161194 0.008953 0.037283
39 0.663016 0.217119 0.009562 0.034895
