0 0.338767 0.534822 0.677533 0.907867
55 0.710583 0.644300 0.088100 0.054467
55 0.664733 0.320100 0.079600 0.032822
55 0.763467 0.488522 0.073933 0.043267
55 0.778650 0.381789 0.079900 0.035489
55 0.770183 0.438356 0.087300 0.036444
55 0.643967 0.431756 0.076267 0.036444
55 0.633950 0.533544 0.070500 0.041844
55 0.793833 0.329744 0.079267 0.030200
55 0.753367 0.544944 0.097733 0.042689
55 0.748767 0.545133 0.077400 0.044578
69 0.583983 0.477867 0.722633 0.859378
72 0.600100 0.476467 0.799800 0.952933
