56 0.297477 0.176844 0.166859 0.121354
60 0.500844 0.523427 0.998312 0.764563
42 0.831172 0.563698 0.031031 0.122021
42 0.141930 0.365417 0.134859 0.030042
42 0.090336 0.744094 0.178266 0.129646
43 0.162078 0.644646 0.323313 0.080667
44 0.675953 0.600771 0.040719 0.123292
44 0.392281 0.630906 0.047188 0.134812
44 0.981078 0.467875 0.037844 0.048875
44 0.659883 0.392406 0.078891 0.023229
44 0.586977 0.600573 0.108109 0.091229
44 0.325398 0.320948 0.054516 0.068854
45 0.536617 0.233073 0.104672 0.089063
45 0.670250 0.572250 0.122188 0.170333
45 0.518437 0.591927 0.193687 0.202604
39 0.301594 0.469958 0.056781 0.151417
42 0.849297 0.319177 0.019375 0.089896
44 0.320164 0.230281 0.026516 0.062396
45 0.333055 0.261344 0.068141 0.057604
45 0.845008 0.349406 0.124859 0.097729
56 0.811398 0.099906 0.113234 0.166437
39 0.357945 0.482760 0.055359 0.125438
44 0.789578 0.268458 0.095500 0.068292
44 0.736187 0.240042 0.075750 0.052792
45 0.728547 0.365021 0.165563 0.122167
45 0.533344 0.456583 0.127719 0.075542
45 0.379375 0.420979 0.108875 0.102417
45 0.770867 0.293708 0.086484 0.079625
45 0.342852 0.602729 0.074203 0.091500
45 0.853422 0.191187 0.111875 0.041667
45 0.553336 0.300667 0.073297 0.060417
45 0.849859 0.224635 0.111375 0.037812
