5 0.406180 0.558052 0.205609 0.271896
5 0.268820 0.610542 0.224172 0.265167
5 0.672250 0.590635 0.060969 0.076771
5 0.616805 0.598448 0.028703 0.073229
5 0.761977 0.575573 0.075547 0.107604
0 0.737266 0.616969 0.011469 0.042312
0 0.829148 0.599042 0.009484 0.027958
0 0.705016 0.596490 0.007000 0.026313
0 0.421453 0.472698 0.013062 0.020229
14 0.498352 0.115687 0.006578 0.012208
14 0.594133 0.029219 0.018547 0.027146
0 0.814633 0.624156 0.015703 0.051813
0 0.830688 0.620719 0.008031 0.049271
5 0.565484 0.602698 0.075844 0.117396
