30 0.455484 0.813120 0.062219 0.014206
0 0.455688 0.713788 0.040344 0.193259
0 0.358687 0.608384 0.039031 0.134986
0 0.749656 0.505989 0.040563 0.149861
0 0.270641 0.509011 0.017906 0.041643
0 0.173375 0.534471 0.018469 0.050334
0 0.072430 0.512159 0.040297 0.086100
0 0.389508 0.484262 0.017641 0.101114
0 0.356469 0.520265 0.023375 0.026602
0 0.815969 0.567006 0.030187 0.124206
0 0.711727 0.498148 0.023078 0.050669
30 0.359805 0.672354 0.059609 0.011281
30 0.748625 0.575627 0.058656 0.019109
31 0.068500 0.553148 0.045312 0.018384
31 0.749242 0.577730 0.066328 0.025710
31 0.603602 0.538370 0.045516 0.026657
0 0.867695 0.301448 0.014484 0.044513
30 0.874664 0.332061 0.037203 0.023621
30 0.805148 0.627047 0.086234 0.016212
0 0.184219 0.466086 0.025969 0.056852
