17 0.847820 0.591186 0.049960 0.220751
17 0.777970 0.574399 0.058820 0.252583
17 0.704500 0.580706 0.067760 0.221051
17 0.655890 0.568093 0.067020 0.225375
17 0.593730 0.590766 0.068100 0.165736
0 0.450600 0.644144 0.043120 0.289189
0 0.660350 0.468709 0.024780 0.095676
0 0.723790 0.456111 0.042060 0.106456
0 0.793800 0.500375 0.045920 0.173964
0 0.848440 0.502057 0.068920 0.181111
0 0.385410 0.526667 0.020180 0.043363
0 0.144330 0.665150 0.068900 0.281772
17 0.407370 0.486336 0.032980 0.070330
9 0.398960 0.361997 0.020480 0.075766
9 0.925320 0.310736 0.036400 0.088498
9 0.915510 0.396066 0.025820 0.058318
9 0.028360 0.416261 0.020640 0.051021
0 0.119370 0.518544 0.023820 0.046997
26 0.516750 0.627252 0.028500 0.049520
26 0.978140 0.553168 0.043560 0.102252
0 0.191310 0.545180 0.024580 0.041231
9 0.942470 0.394535 0.022780 0.050330
26 0.018350 0.638273 0.036260 0.115405
0 0.310480 0.531486 0.038040 0.063273
17 0.516450 0.540225 0.045940 0.139129
17 0.353510 0.522057 0.048940 0.054264
17 0.279630 0.501742 0.038300 0.063423
17 0.481240 0.573378 0.063880 0.186577
0 0.105320 0.537583 0.044920 0.056126
0 0.546120 0.660631 0.064080 0.322222
0 0.037190 0.667102 0.067460 0.270120
