8 0.738172 0.505615 0.042625 0.032938
8 0.530273 0.505083 0.033422 0.015375
8 0.406398 0.501573 0.046672 0.042771
8 0.583375 0.518490 0.036312 0.012479
8 0.317406 0.496271 0.026687 0.012167
8 0.857383 0.515427 0.022828 0.012354
8 0.912180 0.512771 0.025109 0.013583
8 0.275656 0.511781 0.048219 0.017021
8 0.970336 0.511250 0.014359 0.008958
8 0.862547 0.499458 0.021156 0.010958
25 0.241008 0.319104 0.482016 0.444958
56 0.166586 0.809771 0.333172 0.380458
56 0.364547 0.735219 0.171594 0.312563
56 0.659523 0.740604 0.188266 0.305250
56 0.161164 0.612625 0.158953 0.065042
56 0.745336 0.687354 0.083109 0.100292
56 0.831891 0.689719 0.078406 0.099396
8 0.325883 0.493948 0.006516 0.004854
56 0.011070 0.590063 0.022141 0.059125
8 0.887297 0.490208 0.015094 0.008083
56 0.511359 0.737656 0.173375 0.311688
