0 0.742063 0.302195 0.149188 0.378192
0 0.084328 0.397981 0.165656 0.665915
0 0.154148 0.309437 0.084641 0.253333
0 0.510125 0.229225 0.026781 0.101737
0 0.099219 0.216784 0.024375 0.113239
7 0.436891 0.229413 0.053750 0.115211
13 0.594367 0.288486 0.121109 0.096127
25 0.674289 0.179542 0.154359 0.168944
46 0.088250 0.809730 0.167531 0.343826
46 0.176625 0.685364 0.091156 0.120305
46 0.240219 0.563286 0.035656 0.065822
46 0.231500 0.512523 0.044281 0.070915
46 0.297844 0.420082 0.079937 0.067911
46 0.322031 0.361772 0.031938 0.036925
46 0.561180 0.400305 0.030891 0.039577
46 0.602797 0.463110 0.045750 0.053310
46 0.641461 0.845610 0.070922 0.087840
0 0.965883 0.376174 0.068234 0.363944
46 0.339984 0.737383 0.026625 0.023826
46 0.281609 0.363803 0.034469 0.049906
46 0.439031 0.400023 0.024250 0.031455
46 0.575094 0.898322 0.116312 0.190023
0 0.819500 0.555833 0.266250 0.851948
0 0.923602 0.366725 0.076422 0.349601
