14 0.702406 0.297750 0.159594 0.175792
14 0.691930 0.592479 0.106453 0.144083
0 0.251125 0.448313 0.283156 0.604500
14 0.736336 0.525573 0.119109 0.094937
14 0.550258 0.552094 0.105891 0.050646
13 0.495508 0.594010 0.984266 0.478646
14 0.941930 0.557802 0.103891 0.044396
14 0.716883 0.477927 0.023391 0.025979
14 0.755914 0.629406 0.041391 0.108896
14 0.932234 0.674865 0.058469 0.077438
14 0.015172 0.562469 0.030344 0.038104
14 0.380273 0.515437 0.037422 0.115583
14 0.019711 0.536625 0.025016 0.032833
14 0.104719 0.544594 0.040125 0.033229
