0 0.407648 0.584344 0.453266 0.773560
0 0.543367 0.517775 0.076266 0.350117
0 0.983555 0.549473 0.022359 0.028876
0 0.979805 0.416909 0.040141 0.141639
34 0.351430 0.176475 0.114172 0.336885
0 0.816391 0.545246 0.044781 0.091616
0 0.321719 0.484016 0.057719 0.067002
56 0.724281 0.499473 0.017094 0.021991
56 0.764344 0.493115 0.020531 0.018173
56 0.861227 0.491487 0.020891 0.015667
56 0.664633 0.546792 0.018953 0.013115
56 0.699187 0.528700 0.021531 0.020539
56 0.922875 0.511077 0.018937 0.020141
56 0.959586 0.533700 0.023016 0.027869
56 0.926156 0.549637 0.026125 0.016230
56 0.950047 0.493349 0.027250 0.019578
0 0.767898 0.556511 0.072234 0.079344
56 0.885180 0.492260 0.025328 0.020023
56 0.875492 0.510972 0.027578 0.021663
0 0.885477 0.425761 0.023828 0.055831
56 0.866273 0.530094 0.026391 0.023185
56 0.718500 0.532178 0.020250 0.024731
