37 0.545195 0.559836 0.169859 0.073208
0 0.079602 0.608080 0.019797 0.105855
0 0.362414 0.567881 0.042547 0.216464
0 0.449328 0.582646 0.024156 0.123700
0 0.560273 0.576569 0.029953 0.199883
0 0.694281 0.550550 0.027406 0.130328
0 0.635305 0.560129 0.036078 0.119930
0 0.053891 0.604040 0.048063 0.191780
0 0.754703 0.544075 0.038844 0.145386
0 0.795352 0.538653 0.065766 0.146768
0 0.337211 0.576956 0.034078 0.185059
0 0.831687 0.582635 0.021625 0.062459
0 0.882375 0.534813 0.024969 0.117588
0 0.129766 0.584637 0.059406 0.198173
