58 0.909547 0.588083 0.180906 0.404500
62 0.907406 0.271604 0.074063 0.242792
57 0.062977 0.580979 0.125078 0.332083
57 0.148313 0.865729 0.293250 0.238208
74 0.077898 0.213448 0.057797 0.098771
65 0.196672 0.624729 0.061500 0.023375
58 0.450055 0.359063 0.077453 0.093833
58 0.857805 0.876781 0.284391 0.246438
74 0.353445 0.376260 0.016859 0.030604
58 0.259953 0.361510 0.030500 0.059771
75 0.254289 0.375917 0.021359 0.026167
75 0.460422 0.369323 0.009969 0.055104
56 0.515164 0.808177 0.376859 0.356438
56 0.474672 0.645281 0.303625 0.326479
56 0.066398 0.578375 0.132453 0.329875
