16 0.763875 0.266500 0.374969 0.234750
56 0.769266 0.665187 0.208781 0.486083
56 0.156445 0.509677 0.164516 0.434396
60 0.449117 0.644708 0.467641 0.635292
0 0.791289 0.476562 0.264609 0.498875
0 0.229211 0.353937 0.242703 0.492125
41 0.601039 0.593167 0.065578 0.112750
41 0.342750 0.527990 0.063406 0.106479
44 0.609813 0.379573 0.072188 0.029229
45 0.492992 0.596510 0.085109 0.097813
45 0.408703 0.519104 0.079219 0.089875
45 0.595070 0.372469 0.064859 0.085479
45 0.361961 0.373396 0.062359 0.082167
44 0.237891 0.303219 0.045031 0.053229
