0 0.860990 0.277587 0.134540 0.309413
0 0.493290 0.357027 0.204700 0.686800
0 0.593470 0.280400 0.120020 0.324053
0 0.292810 0.422373 0.297940 0.602720
0 0.074850 0.279920 0.111540 0.328800
0 0.308420 0.158427 0.087640 0.173013
0 0.176130 0.139333 0.106180 0.152800
0 0.724720 0.266720 0.151680 0.332587
34 0.369390 0.260427 0.012100 0.023147
0 0.029980 0.162680 0.057560 0.220027
56 0.739050 0.078120 0.143020 0.061200
0 0.964530 0.278147 0.070940 0.319813
0 0.182000 0.425333 0.316000 0.578667
56 0.746140 0.148373 0.095440 0.089333
56 0.788710 0.176920 0.095660 0.071600
56 0.857080 0.128013 0.124400 0.060027
56 0.920700 0.175720 0.039000 0.065573
56 0.651930 0.164133 0.056820 0.032480
56 0.875070 0.075800 0.129220 0.075387
56 0.075000 0.081813 0.091560 0.054560
56 0.623060 0.080107 0.089960 0.063413
56 0.092140 0.162960 0.104840 0.107200
56 0.241700 0.143693 0.054240 0.081040
