33 0.309320 0.336740 0.085734 0.223729
33 0.135023 0.661427 0.136734 0.070187
33 0.130328 0.815781 0.032531 0.037812
33 0.240758 0.851802 0.071641 0.109063
33 0.333234 0.628854 0.006750 0.012250
0 0.717133 0.594385 0.490453 0.784271
0 0.319883 0.966656 0.024047 0.066687
0 0.136430 0.959448 0.059047 0.081104
0 0.353602 0.976250 0.012547 0.046125
0 0.229312 0.959156 0.051156 0.081687
0 0.373633 0.954021 0.012641 0.027250
0 0.341516 0.967219 0.011156 0.031729
0 0.478727 0.961865 0.017016 0.072729
0 0.056820 0.932594 0.009484 0.033479
0 0.438195 0.984125 0.034484 0.031750
0 0.263492 0.958250 0.019672 0.053000
33 0.425063 0.646979 0.006469 0.008208
33 0.300352 0.751552 0.034766 0.038354
33 0.733367 0.577792 0.031672 0.031667
33 0.969180 0.677010 0.038203 0.021521
0 0.961352 0.960656 0.020078 0.048729
33 0.522461 0.610208 0.010109 0.012583
33 0.013141 0.656448 0.009625 0.008896
33 0.259859 0.778687 0.006094 0.020917
0 0.063523 0.956604 0.030172 0.086792
33 0.389227 0.704573 0.007016 0.011312
