60 0.501766 0.498823 0.996469 0.978812
51 0.843531 0.347198 0.053187 0.078021
47 0.099039 0.480677 0.046797 0.065271
47 0.256359 0.667073 0.046812 0.082687
47 0.137586 0.348406 0.038359 0.041854
47 0.059852 0.732896 0.066078 0.083167
47 0.039367 0.761427 0.033578 0.072354
47 0.181180 0.720010 0.063203 0.047729
47 0.148742 0.670479 0.060172 0.052167
47 0.134047 0.636240 0.025469 0.032479
51 0.910141 0.420219 0.042063 0.076104
51 0.882375 0.368479 0.051844 0.096792
51 0.931672 0.462156 0.026469 0.047979
51 0.836930 0.307458 0.046234 0.075958
51 0.849859 0.364792 0.043125 0.066333
51 0.893594 0.394240 0.043625 0.078313
51 0.875383 0.293667 0.032422 0.045292
51 0.882250 0.327813 0.033063 0.068958
47 0.139984 0.414354 0.038906 0.070375
47 0.152750 0.374167 0.035906 0.077917
47 0.245664 0.588760 0.067422 0.098021
47 0.139859 0.783344 0.045875 0.085979
