0 0.846547 0.721187 0.096188 0.226458
0 0.684711 0.655281 0.014266 0.063271
0 0.513859 0.661938 0.017625 0.054458
0 0.501234 0.676729 0.016375 0.032250
0 0.978742 0.839365 0.039203 0.261354
33 0.155391 0.385000 0.039656 0.031292
33 0.465047 0.295031 0.102563 0.127604
33 0.394047 0.480010 0.087844 0.083437
33 0.281680 0.526844 0.045797 0.064229
33 0.714883 0.326094 0.019359 0.022688
0 0.478234 0.655000 0.015844 0.064125
0 0.348695 0.682302 0.020172 0.036229
0 0.720625 0.657052 0.006469 0.011229
0 0.333609 0.687625 0.017844 0.023792
0 0.126930 0.656260 0.008516 0.023604
33 0.595203 0.535646 0.044125 0.057375
33 0.761164 0.238833 0.013328 0.035125
33 0.190180 0.279052 0.017016 0.020646
33 0.052820 0.406313 0.052641 0.042458
33 0.881023 0.323573 0.014672 0.023854
33 0.487141 0.614219 0.017000 0.026062
33 0.947602 0.474490 0.055266 0.040813
0 0.923445 0.662542 0.030203 0.084292
33 0.610141 0.322948 0.015469 0.009771
