33 0.814523 0.405219 0.084297 0.086854
33 0.710266 0.362219 0.046031 0.041854
0 0.860313 0.584083 0.127062 0.325625
0 0.656297 0.702812 0.116406 0.407125
0 0.534438 0.491271 0.032250 0.149875
0 0.582992 0.433542 0.038172 0.118458
0 0.504867 0.486563 0.038297 0.181375
0 0.480172 0.478979 0.023250 0.145750
0 0.440453 0.491927 0.049438 0.137437
33 0.912195 0.519021 0.028422 0.029708
56 0.108477 0.504885 0.038641 0.085646
0 0.764844 0.416677 0.016625 0.052896
0 0.697398 0.460781 0.068953 0.136729
0 0.105883 0.843698 0.211766 0.312604
0 0.276469 0.413500 0.026281 0.063250
2 0.765586 0.925875 0.468828 0.124708
0 0.964484 0.423635 0.021688 0.054521
0 0.555375 0.441396 0.017094 0.079542
