0 0.445648 0.637134 0.376859 0.695259
0 0.133523 0.363502 0.059016 0.224741
0 0.795750 0.760672 0.364750 0.478656
0 0.971195 0.646498 0.057609 0.647193
0 0.605797 0.312571 0.032375 0.062406
0 0.755328 0.319009 0.044188 0.056887
34 0.442648 0.330000 0.184297 0.132453
35 0.663633 0.799611 0.078203 0.073986
0 0.743625 0.295991 0.018688 0.066981
0 0.661375 0.321592 0.030312 0.049882
0 0.971531 0.252547 0.036312 0.068538
0 0.867102 0.364505 0.072422 0.332689
0 0.714031 0.334564 0.024531 0.032099
0 0.498477 0.257689 0.035328 0.064717
0 0.542234 0.261073 0.055750 0.072335
