17 0.431609 0.616051 0.127062 0.336148
2 0.674602 0.506132 0.101172 0.051653
0 0.322883 0.593226 0.170297 0.388443
17 0.821750 0.484928 0.181031 0.078555
27 0.845602 0.526918 0.013891 0.056148
0 0.598211 0.526613 0.062547 0.147705
0 0.843734 0.601276 0.093094 0.311830
0 0.203539 0.551148 0.050047 0.139085
0 0.165445 0.499294 0.037203 0.059839
0 0.132266 0.566870 0.047969 0.152360
0 0.115703 0.495417 0.029187 0.049133
0 0.538883 0.557785 0.042703 0.150209
0 0.564320 0.484326 0.020422 0.028234
0 0.628352 0.476605 0.028234 0.032279
0 0.477273 0.545530 0.053297 0.196902
0 0.948234 0.578435 0.058937 0.126886
2 0.056117 0.564703 0.107641 0.122343
2 0.172344 0.501212 0.068344 0.057994
5 0.244836 0.468612 0.075922 0.091477
0 0.563625 0.595570 0.058188 0.076533
2 0.731445 0.489254 0.024203 0.018090
2 0.562492 0.511469 0.024453 0.029101
2 0.503477 0.506589 0.014297 0.022584
