60 0.312260 0.713344 0.599521 0.522250
0 0.180656 0.177891 0.361313 0.355781
43 0.098125 0.468508 0.196167 0.018078
43 0.808490 0.323578 0.360021 0.082812
43 0.830792 0.312625 0.267333 0.082781
53 0.549813 0.414609 0.452417 0.146063
53 0.281823 0.344836 0.430937 0.142328
0 0.835708 0.159187 0.328583 0.318375
45 0.101646 0.534641 0.191333 0.154719
56 0.302615 0.180898 0.317604 0.303359
53 0.884792 0.734641 0.230417 0.201844
56 0.594896 0.126125 0.305167 0.246563
60 0.125156 0.082492 0.247771 0.120641
