13 0.871617 0.574323 0.229734 0.141896
36 0.703227 0.676292 0.224641 0.070125
0 0.666656 0.386594 0.242094 0.537979
0 0.151766 0.392083 0.052469 0.212167
0 0.078102 0.462104 0.080234 0.137750
0 0.033359 0.459708 0.055625 0.130333
0 0.128375 0.445365 0.053594 0.126938
0 0.454234 0.418760 0.035969 0.130729
0 0.245406 0.412500 0.030000 0.131000
0 0.273125 0.415812 0.049156 0.137167
0 0.319883 0.417385 0.037922 0.130438
0 0.499984 0.474354 0.077844 0.130458
0 0.364875 0.407521 0.048594 0.203792
0 0.803852 0.425646 0.055859 0.131875
24 0.694516 0.865167 0.378469 0.269667
26 0.868453 0.374208 0.017438 0.032458
28 0.697289 0.865552 0.379203 0.268896
36 0.734187 0.519729 0.027219 0.035333
0 0.926312 0.392010 0.030594 0.134229
