1 0.882830 0.571796 0.148740 0.336287
3 0.426860 0.534910 0.061960 0.396527
0 0.503630 0.488683 0.067020 0.486707
0 0.783190 0.494850 0.034380 0.394850
0 0.160500 0.489521 0.051000 0.452096
0 0.337610 0.488862 0.476860 0.469341
0 0.262910 0.403443 0.043500 0.272395
24 0.806260 0.424222 0.028880 0.135988
0 0.326010 0.297814 0.013300 0.088323
0 0.342600 0.306737 0.015960 0.055509
0 0.067250 0.475719 0.064500 0.443653
0 0.684240 0.371437 0.056760 0.325150
0 0.624580 0.337006 0.035120 0.247425
0 0.595970 0.478293 0.074780 0.546168
