0 0.654469 0.364042 0.287031 0.494393
0 0.111125 0.207640 0.053156 0.197477
0 0.423063 0.221040 0.032969 0.159743
0 0.491789 0.213528 0.046078 0.176822
0 0.730945 0.197640 0.026953 0.063505
0 0.807281 0.215993 0.048656 0.147453
0 0.346828 0.233703 0.041125 0.138388
36 0.684742 0.627699 0.389359 0.166332
0 0.461891 0.254369 0.028813 0.062570
0 0.033961 0.238925 0.008828 0.034860
36 0.142711 0.285456 0.028016 0.056098
36 0.487258 0.265035 0.019672 0.025958
36 0.777352 0.270619 0.018703 0.041939
36 0.408234 0.290900 0.050750 0.013808
1 0.461117 0.264206 0.025203 0.033598
1 0.494883 0.267243 0.043641 0.027944
