62 0.536750 0.319337 0.114220 0.151807
56 0.470210 0.754503 0.111140 0.381958
56 0.132230 0.802123 0.218980 0.370452
56 0.882880 0.884322 0.234240 0.231355
56 0.226330 0.594623 0.109940 0.092500
56 0.342970 0.829819 0.201140 0.334398
57 0.794260 0.687395 0.183920 0.335693
60 0.931160 0.772937 0.137480 0.378825
63 0.594950 0.624789 0.080300 0.085301
56 0.771750 0.594443 0.045060 0.103584
56 0.309700 0.552485 0.161800 0.168825
56 0.836390 0.744503 0.197700 0.237922
60 0.272370 0.734051 0.392140 0.224428
