25 0.457164 0.252800 0.869391 0.321350
2 0.330187 0.494112 0.115156 0.138175
2 0.382047 0.492337 0.053875 0.140325
2 0.139148 0.480738 0.046984 0.061025
2 0.081086 0.473450 0.086797 0.091950
2 0.166914 0.479825 0.032797 0.061750
56 0.628148 0.859763 0.061047 0.126125
56 0.700859 0.852612 0.059406 0.149875
56 0.831820 0.889737 0.061859 0.085375
0 0.236828 0.716625 0.252250 0.540350
0 0.359766 0.742100 0.124156 0.492100
0 0.598961 0.597588 0.114016 0.378375
0 0.038711 0.768012 0.077422 0.463975
9 0.524445 0.428000 0.008734 0.017250
2 0.434250 0.497638 0.016938 0.132925
26 0.643156 0.579462 0.026219 0.060675
58 0.648242 0.501937 0.034891 0.102575
58 0.831258 0.526637 0.024547 0.143075
60 0.539672 0.883750 0.124469 0.228100
9 0.075336 0.407312 0.009016 0.014425
9 0.066078 0.406463 0.010719 0.043575
41 0.529070 0.745300 0.024203 0.074000
56 0.864195 0.904550 0.073453 0.068900
56 0.845789 0.928737 0.043922 0.019275
