2 0.946297 0.596833 0.107406 0.110375
2 0.885938 0.539583 0.063375 0.084500
2 0.923617 0.520271 0.061016 0.075042
2 0.968875 0.495729 0.055781 0.060083
2 0.037094 0.614083 0.074187 0.157458
2 0.077625 0.531094 0.121125 0.056313
3 0.264617 0.771000 0.066609 0.140667
5 0.349719 0.617979 0.439875 0.368542
5 0.671594 0.559583 0.237781 0.252500
5 0.819102 0.508979 0.080891 0.200000
5 0.104156 0.573427 0.065219 0.241812
0 0.290586 0.721333 0.087609 0.228458
0 0.028539 0.666312 0.041391 0.172667
24 0.036180 0.644646 0.028578 0.048875
0 0.986148 0.573885 0.008359 0.016354
2 0.981234 0.535052 0.037531 0.038104
26 0.014438 0.661188 0.017875 0.037792
0 0.900820 0.474031 0.011422 0.022854
0 0.868320 0.482354 0.019391 0.033542
