2 0.182860 0.648453 0.362360 0.316853
2 0.220350 0.522187 0.439420 0.275840
2 0.089330 0.851693 0.178660 0.274160
2 0.369180 0.469253 0.320400 0.160480
2 0.468680 0.433787 0.083720 0.058827
12 0.518680 0.438560 0.017960 0.053120
2 0.529760 0.421947 0.082280 0.052480
12 0.574790 0.412053 0.010420 0.032373
12 0.556170 0.415440 0.010020 0.042187
12 0.583560 0.404093 0.008160 0.016827
12 0.594570 0.406440 0.010780 0.024080
12 0.603270 0.401333 0.004340 0.012160
2 0.564520 0.413733 0.054040 0.056160
2 0.549420 0.469907 0.049560 0.060933
12 0.394250 0.505080 0.043060 0.137520
2 0.362300 0.508053 0.209440 0.139200
