56 0.043656 0.810942 0.063031 0.212538
0 0.639445 0.722538 0.130109 0.312814
0 0.118789 0.453932 0.097828 0.319121
0 0.854180 0.399497 0.085484 0.198693
0 0.092266 0.633920 0.169375 0.614322
0 0.271953 0.398103 0.112813 0.380879
0 0.377719 0.380528 0.101562 0.272915
0 0.459437 0.322362 0.090688 0.244874
0 0.551320 0.560000 0.099953 0.290553
0 0.457477 0.569749 0.101641 0.326884
0 0.540617 0.359711 0.090984 0.276206
27 0.462070 0.354070 0.022453 0.086030
27 0.553102 0.520038 0.011891 0.035854
27 0.951289 0.406508 0.031359 0.072864
27 0.064523 0.508216 0.030359 0.146432
27 0.384539 0.714221 0.010078 0.050251
27 0.291375 0.559033 0.017156 0.063643
27 0.240805 0.194472 0.010453 0.047035
27 0.487695 0.174259 0.011359 0.014397
27 0.812234 0.219711 0.008875 0.034397
27 0.305578 0.749761 0.019281 0.109171
27 0.726898 0.683141 0.011297 0.037990
27 0.728484 0.161043 0.009687 0.036357
56 0.972078 0.729158 0.055844 0.257814
0 0.629437 0.352550 0.107625 0.265603
27 0.456984 0.515603 0.013062 0.025879
0 0.177430 0.387211 0.090172 0.266332
