0 0.546070 0.559552 0.158422 0.287646
0 0.500000 0.530833 0.253219 0.265792
0 0.407898 0.370156 0.030016 0.107354
0 0.370789 0.374437 0.032109 0.126167
0 0.341555 0.376385 0.027859 0.116771
0 0.295547 0.379073 0.035250 0.117104
13 0.581000 0.625562 0.176563 0.264583
0 0.902766 0.301406 0.009406 0.047729
0 0.884000 0.313031 0.010625 0.029396
0 0.876719 0.305521 0.018156 0.038208
14 0.908313 0.385021 0.013531 0.013750
14 0.930617 0.389729 0.014297 0.012000
26 0.576187 0.589708 0.078781 0.057667
14 0.977539 0.369812 0.005641 0.005375
14 0.973828 0.360677 0.011156 0.010021
14 0.867008 0.376563 0.013797 0.010208
14 0.850156 0.369760 0.013813 0.008479
14 0.846773 0.358917 0.011891 0.005500
13 0.436555 0.364073 0.019484 0.030313
24 0.333906 0.353135 0.006313 0.033688
26 0.404789 0.365250 0.008984 0.015625
26 0.286242 0.367906 0.013578 0.047438
0 0.734766 0.309094 0.009750 0.020854
