1 0.162508 0.625785 0.181828 0.178126
2 0.950141 0.447775 0.081250 0.072365
9 0.360258 0.227049 0.020484 0.066417
9 0.029422 0.256534 0.016125 0.055691
0 0.345195 0.533361 0.080922 0.333841
0 0.587727 0.606745 0.152922 0.534848
0 0.481641 0.548419 0.081563 0.370328
0 0.680648 0.613595 0.097766 0.458571
0 0.748687 0.576101 0.106281 0.405035
0 0.654219 0.531124 0.070469 0.377518
0 0.543187 0.594555 0.057031 0.394731
0 0.410336 0.565867 0.060703 0.419508
0 0.165516 0.562201 0.086750 0.396721
0 0.426547 0.610105 0.073469 0.447190
24 0.123687 0.518138 0.012562 0.074215
27 0.487375 0.482787 0.025156 0.106557
0 0.055297 0.449918 0.031969 0.115621
0 0.015492 0.452600 0.027078 0.110632
3 0.885203 0.624801 0.229594 0.344543
0 0.077602 0.413244 0.019703 0.069391
24 0.147313 0.471030 0.026344 0.088993
