39 0.481758 0.895656 0.047047 0.161938
56 0.811516 0.819865 0.145969 0.128562
56 0.849336 0.852812 0.148516 0.293000
56 0.728648 0.918104 0.144203 0.162750
60 0.446477 0.801177 0.815297 0.392938
0 0.812914 0.533927 0.095641 0.161062
0 0.424570 0.576479 0.096766 0.264833
0 0.296625 0.569656 0.202250 0.348312
72 0.753352 0.506927 0.197984 0.257271
72 0.588203 0.518542 0.144937 0.253917
44 0.355953 0.656656 0.043906 0.020479
45 0.372227 0.721052 0.089047 0.071229
46 0.391711 0.893406 0.132266 0.038729
47 0.498289 0.700344 0.094953 0.043687
68 0.413727 0.447792 0.088766 0.066500
69 0.084273 0.701125 0.165172 0.139333
0 0.986836 0.561885 0.026328 0.238604
41 0.463000 0.777510 0.045969 0.078688
41 0.315867 0.797667 0.100016 0.157375
44 0.439516 0.714271 0.026281 0.021708
45 0.581719 0.690917 0.092437 0.058083
46 0.393570 0.853417 0.125953 0.045750
46 0.388203 0.825927 0.113250 0.038062
39 0.579703 0.790469 0.040688 0.163937
47 0.587063 0.656687 0.016531 0.019792
47 0.694883 0.669802 0.043516 0.055063
39 0.083352 0.602146 0.028859 0.081958
41 0.069867 0.885969 0.057172 0.177021
45 0.489812 0.723990 0.085437 0.052312
