62 0.679945 0.334500 0.144359 0.104833
39 0.544906 0.572094 0.033219 0.140188
56 0.142742 0.864844 0.211297 0.163438
0 0.227000 0.627396 0.398312 0.719958
39 0.145313 0.271083 0.016750 0.056417
39 0.157836 0.262792 0.015984 0.059417
72 0.142414 0.478656 0.170234 0.341562
72 0.037078 0.506750 0.070781 0.397750
41 0.431617 0.631802 0.051266 0.083729
41 0.695602 0.567167 0.059797 0.077958
63 0.813203 0.659177 0.359000 0.415729
65 0.471883 0.577625 0.048266 0.044750
39 0.330250 0.355292 0.010281 0.051958
45 0.336781 0.082406 0.043156 0.028063
46 0.106992 0.282687 0.059203 0.038333
60 0.603641 0.725781 0.792719 0.548438
66 0.791992 0.743094 0.220172 0.148271
73 0.553898 0.781906 0.252203 0.206229
65 0.404766 0.451135 0.032406 0.020604
67 0.488250 0.730458 0.092844 0.068833
44 0.696000 0.537344 0.005719 0.016938
