17 0.273258 0.490771 0.362422 0.551168
17 0.963430 0.393668 0.072078 0.287150
32 0.527648 0.817278 0.017984 0.026098
0 0.867336 0.426355 0.033234 0.098551
0 0.983430 0.253925 0.033141 0.160561
0 0.777578 0.308563 0.032750 0.061893
0 0.801430 0.269112 0.030141 0.070187
0 0.639406 0.269755 0.029344 0.082547
0 0.192742 0.287371 0.030641 0.076145
0 0.508383 0.160245 0.031016 0.077780
0 0.704961 0.167769 0.032172 0.074743
0 0.267164 0.325082 0.218922 0.442640
0 0.726813 0.220935 0.030375 0.101121
0 0.574258 0.225117 0.031297 0.078037
17 0.962320 0.574871 0.075359 0.257967
0 0.616984 0.273879 0.017656 0.074486
0 0.420453 0.195175 0.019031 0.085397
