2 0.488039 0.419902 0.218758 0.100654
2 0.056495 0.404665 0.112990 0.106487
5 0.876797 0.355948 0.246405 0.381961
25 0.343962 0.397451 0.172271 0.072059
25 0.466528 0.403652 0.133023 0.102761
25 0.647680 0.396471 0.154935 0.102680
26 0.378848 0.470123 0.031127 0.099788
26 0.526266 0.501912 0.045212 0.050719
26 0.249902 0.484273 0.059379 0.092925
0 0.172100 0.571373 0.259167 0.502255
26 0.748840 0.496634 0.017222 0.048693
26 0.924788 0.481144 0.095523 0.130229
0 0.794379 0.517974 0.105621 0.316863
0 0.484812 0.522712 0.099036 0.216732
0 0.631863 0.520833 0.100752 0.228889
0 0.697606 0.501732 0.069003 0.213268
0 0.913456 0.522541 0.120310 0.321814
0 0.049330 0.451585 0.080850 0.177876
0 0.336658 0.553096 0.103546 0.275114
0 0.295547 0.343047 0.046520 0.078644
2 0.904240 0.450858 0.191520 0.174101
9 0.737958 0.148832 0.029837 0.057467
9 0.608742 0.317876 0.013039 0.022745
26 0.681348 0.500090 0.041716 0.071650
0 0.561495 0.379714 0.014984 0.026422
9 0.696683 0.152590 0.027092 0.059134
0 0.248750 0.499257 0.089167 0.238317
0 0.350237 0.345139 0.048088 0.045670
