56 0.343938 0.887324 0.078312 0.109108
33 0.307445 0.162993 0.011172 0.009225
33 0.332437 0.268005 0.039250 0.034695
33 0.423266 0.173439 0.030125 0.017300
33 0.285984 0.268122 0.010937 0.011455
0 0.468781 0.821103 0.035969 0.160329
0 0.979195 0.807617 0.041609 0.288333
0 0.337648 0.777089 0.029266 0.144178
0 0.403539 0.836115 0.027391 0.116596
0 0.193586 0.842852 0.024203 0.035282
0 0.175578 0.857559 0.024875 0.060516
0 0.615195 0.850493 0.017984 0.065023
0 0.854266 0.824707 0.020844 0.052840
0 0.224656 0.861080 0.032594 0.054366
25 0.691648 0.793791 0.101641 0.072559
25 0.286312 0.793415 0.044844 0.016596
33 0.479406 0.394284 0.012438 0.023169
33 0.362898 0.372465 0.016547 0.013005
33 0.882180 0.688369 0.034703 0.046972
0 0.336594 0.843310 0.071906 0.191362
25 0.196258 0.759613 0.011797 0.027066
25 0.211430 0.756045 0.011484 0.028380
25 0.433789 0.765505 0.014172 0.028521
33 0.482344 0.449202 0.017719 0.011690
33 0.403523 0.248991 0.015859 0.016854
33 0.650133 0.304554 0.068109 0.051174
33 0.695680 0.626221 0.008859 0.007793
33 0.849039 0.638110 0.007359 0.010446
0 0.420492 0.811796 0.012797 0.037441
0 0.903219 0.816209 0.100750 0.258615
0 0.388141 0.833979 0.017781 0.119507
