32 0.662406 0.589602 0.014656 0.021967
38 0.593766 0.743794 0.049906 0.160984
38 0.683156 0.665738 0.072375 0.041686
0 0.570836 0.626967 0.091078 0.482365
0 0.721289 0.639415 0.166172 0.479391
0 0.880664 0.567799 0.067422 0.187260
0 0.908078 0.453513 0.066250 0.143138
0 0.959664 0.474133 0.041359 0.107471
0 0.440477 0.453817 0.048922 0.139016
0 0.972617 0.495948 0.041734 0.064496
0 0.510547 0.447061 0.054781 0.143068
0 0.397586 0.463115 0.051234 0.109180
0 0.985703 0.428724 0.028594 0.075995
0 0.184102 0.554602 0.055422 0.295714
32 0.248180 0.638560 0.008766 0.013138
56 0.294211 0.588197 0.064141 0.115035
0 0.225555 0.555796 0.072328 0.267799
32 0.731906 0.637951 0.008094 0.015152
56 0.686367 0.481604 0.037422 0.059836
56 0.598000 0.477365 0.038094 0.056604
56 0.515203 0.500984 0.040688 0.034333
56 0.645523 0.481815 0.039859 0.070141
56 0.474828 0.464543 0.032000 0.036674
56 0.429922 0.501030 0.035875 0.041030
56 0.318945 0.494871 0.018109 0.034567
56 0.863078 0.467869 0.033063 0.032740
56 0.472445 0.500562 0.037703 0.034426
56 0.601531 0.502330 0.035281 0.038946
0 0.314484 0.429496 0.044438 0.096089
56 0.410320 0.456932 0.014172 0.024028
