0 0.110032 0.428680 0.012828 0.042016
0 0.164494 0.427789 0.012370 0.037984
20 0.384629 0.472406 0.031785 0.046094
20 0.572622 0.465305 0.111754 0.073359
20 0.784265 0.462836 0.107804 0.083141
20 0.823712 0.472953 0.099273 0.061937
20 0.463863 0.473820 0.091959 0.065016
20 0.335039 0.471125 0.034344 0.049562
20 0.317607 0.455383 0.027314 0.047828
20 0.447686 0.465844 0.103744 0.077063
20 0.271809 0.445258 0.024566 0.034891
0 0.198104 0.427977 0.009763 0.018672
0 0.089526 0.427492 0.014534 0.037266
20 0.696864 0.463359 0.061817 0.054781
20 0.958412 0.463492 0.083175 0.067641
0 0.183120 0.691477 0.181817 0.236609
