2 0.699055 0.570028 0.032266 0.043111
3 0.540172 0.760417 0.040781 0.095333
3 0.482648 0.658792 0.041297 0.066861
3 0.609547 0.604278 0.016688 0.041222
3 0.652336 0.573111 0.015078 0.034722
0 0.492977 0.824875 0.166859 0.328083
0 0.536055 0.702236 0.059078 0.210806
0 0.555852 0.588722 0.017047 0.036278
0 0.653906 0.563750 0.012469 0.037667
0 0.651062 0.536722 0.009969 0.024944
0 0.606711 0.585097 0.020359 0.049861
19 0.855656 0.577542 0.034063 0.032083
0 0.477445 0.607097 0.021453 0.042139
0 0.470016 0.597736 0.011469 0.046694
0 0.642961 0.489000 0.009484 0.021667
3 0.557500 0.616722 0.029313 0.048222
3 0.650242 0.540514 0.014734 0.028806
3 0.642281 0.500139 0.007344 0.015444
24 0.475570 0.907792 0.109578 0.142861
24 0.480711 0.643167 0.026484 0.038056
