32 0.545385 0.520906 0.015896 0.011844
38 0.433906 0.583234 0.055104 0.115562
0 0.345760 0.537547 0.232896 0.324125
38 0.517073 0.275508 0.008813 0.008359
0 0.321750 0.282047 0.016458 0.044281
0 0.506188 0.288234 0.039875 0.053719
0 0.441948 0.277727 0.024729 0.048266
0 0.486594 0.281422 0.016854 0.043500
0 0.551979 0.287594 0.027042 0.039938
0 0.590990 0.283844 0.024229 0.052812
0 0.201385 0.277289 0.012313 0.044984
0 0.713875 0.294000 0.015375 0.033187
0 0.249333 0.284055 0.026750 0.040672
0 0.388375 0.276375 0.015292 0.040938
0 0.293427 0.261023 0.010979 0.011359
0 0.329573 0.279211 0.010646 0.046953
