74 0.322945 0.241230 0.054609 0.085035
2 0.544719 0.939192 0.169813 0.099087
0 0.600648 0.738595 0.027016 0.122295
0 0.558344 0.667389 0.025219 0.107845
0 0.766773 0.869473 0.060359 0.157400
0 0.770641 0.727658 0.022000 0.115785
0 0.788469 0.858677 0.027281 0.146066
26 0.346031 0.924836 0.032937 0.056417
26 0.417578 0.876417 0.013750 0.034098
26 0.591313 0.763349 0.015063 0.042155
0 0.625203 0.783080 0.036594 0.154871
0 0.672609 0.860785 0.041281 0.148173
0 0.604602 0.678817 0.031359 0.097213
0 0.270203 0.968173 0.039813 0.063653
0 0.541344 0.675703 0.012562 0.057026
24 0.639586 0.718103 0.017922 0.046557
26 0.847023 0.893091 0.013641 0.052787
26 0.754937 0.846885 0.018375 0.060703
26 0.562234 0.677529 0.012000 0.056183
26 0.748211 0.753302 0.016109 0.022857
26 0.639148 0.718864 0.020234 0.049906
26 0.281781 0.981979 0.006344 0.035667
26 0.526117 0.644040 0.017141 0.041382
0 0.540750 0.644696 0.011562 0.026300
0 0.525344 0.660796 0.023781 0.114754
26 0.539672 0.745796 0.012875 0.027705
0 0.549398 0.824227 0.028328 0.139227
