2 0.816320 0.675360 0.364427 0.164000
2 0.428467 0.644060 0.544667 0.136800
2 0.156160 0.820940 0.312320 0.344600
2 0.129760 0.612070 0.247573 0.087260
9 0.736307 0.519180 0.012827 0.024560
0 0.503133 0.562840 0.049573 0.031560
0 0.630920 0.578940 0.052560 0.066720
0 0.804840 0.577950 0.054533 0.061020
0 0.248787 0.591520 0.029307 0.058040
0 0.612280 0.546650 0.013787 0.018100
0 0.582013 0.577570 0.043013 0.034740
0 0.427427 0.561350 0.034373 0.035340
0 0.402387 0.571670 0.010107 0.022780
2 0.221320 0.562990 0.033840 0.026340
2 0.284427 0.558970 0.041547 0.024500
2 0.183467 0.563130 0.053547 0.028620
2 0.147733 0.563270 0.063733 0.029780
2 0.044720 0.557460 0.088320 0.026920
0 0.523173 0.560150 0.017493 0.026220
0 0.724947 0.600080 0.036613 0.079640
9 0.427627 0.491810 0.042080 0.033620
0 0.703733 0.584610 0.029653 0.069500
0 0.548653 0.563730 0.039707 0.032780
2 0.260853 0.559820 0.037227 0.028560
0 0.262200 0.563190 0.014693 0.034620
