18 0.678625 0.299988 0.091125 0.081360
18 0.518086 0.319057 0.062953 0.056253
18 0.396898 0.386551 0.043828 0.068616
18 0.284641 0.426420 0.029969 0.051647
18 0.514539 0.528317 0.068547 0.080215
18 0.526258 0.685847 0.016578 0.019761
18 0.647828 0.551766 0.056250 0.186539
18 0.831250 0.318007 0.049938 0.051432
18 0.174398 0.453842 0.039828 0.058377
18 0.702672 0.489475 0.043750 0.085680
18 0.446906 0.540525 0.037281 0.076945
18 0.186961 0.581301 0.017453 0.019881
18 0.104547 0.603902 0.047594 0.031527
7 0.500000 0.592900 1.000000 0.814200
