62 0.842516 0.470657 0.136531 0.311268
56 0.456875 0.426045 0.092969 0.198427
56 0.621969 0.465587 0.081594 0.303239
56 0.468211 0.422453 0.053609 0.203357
57 0.139781 0.672594 0.277656 0.568944
0 0.603664 0.272993 0.086016 0.142793
63 0.602258 0.318779 0.069703 0.069390
65 0.898211 0.624754 0.103266 0.032136
65 0.755242 0.546467 0.043141 0.020446
41 0.324664 0.562793 0.031797 0.063239
67 0.381039 0.537559 0.036172 0.016808
68 0.232914 0.221808 0.064609 0.061362
72 0.240187 0.438357 0.110688 0.195634
39 0.261102 0.305845 0.011922 0.055258
41 0.198375 0.334214 0.014813 0.026784
60 0.531758 0.357195 0.318953 0.038099
56 0.573609 0.480869 0.012031 0.108545
