1 0.632039 0.633281 0.043828 0.124437
10 0.484773 0.797552 0.069703 0.309104
26 0.196398 0.673271 0.074734 0.275458
26 0.698813 0.588844 0.057563 0.119896
0 0.858953 0.602479 0.096281 0.400917
0 0.686656 0.653156 0.089531 0.349104
0 0.312203 0.574938 0.055250 0.240750
0 0.402586 0.724458 0.190922 0.446042
0 0.277188 0.639271 0.091469 0.362250
0 0.726797 0.556344 0.061500 0.282438
0 0.225117 0.499365 0.050453 0.105896
0 0.263891 0.465479 0.043812 0.098042
0 0.445562 0.495729 0.057469 0.120042
0 0.542008 0.627875 0.125453 0.390292
0 0.566492 0.436250 0.078234 0.099792
2 0.787984 0.494844 0.067500 0.063854
24 0.636313 0.447813 0.045250 0.033292
0 0.676086 0.516042 0.072172 0.169333
1 0.471063 0.244167 0.062031 0.105583
0 0.097977 0.728885 0.136703 0.540438
26 0.261523 0.546833 0.030766 0.061167
26 0.437555 0.516062 0.018141 0.064583
