41 0.921922 0.345549 0.156156 0.691098
42 0.770414 0.116939 0.255922 0.231028
51 0.385500 0.227991 0.117250 0.093645
51 0.249695 0.480175 0.126359 0.131565
51 0.409250 0.443879 0.103625 0.133645
40 0.913852 0.831600 0.170703 0.309136
60 0.500000 0.500000 1.000000 1.000000
51 0.494039 0.624042 0.129859 0.159206
51 0.664820 0.539159 0.114734 0.275748
51 0.657648 0.388551 0.121047 0.059299
51 0.673367 0.276180 0.072953 0.060070
51 0.559187 0.476016 0.069906 0.258762
51 0.504273 0.477956 0.076359 0.303014
51 0.268906 0.570666 0.074094 0.108528
51 0.436398 0.161168 0.056922 0.051075
