2 0.585828 0.716240 0.202062 0.211562
2 0.504500 0.650438 0.016063 0.024167
5 0.453180 0.643271 0.034797 0.049750
9 0.496203 0.598458 0.003219 0.015083
9 0.533758 0.598917 0.003641 0.011708
9 0.554812 0.601969 0.005312 0.006104
10 0.736922 0.682552 0.010969 0.035104
10 0.183617 0.667437 0.006516 0.022000
2 0.343688 0.660187 0.020906 0.025042
9 0.408008 0.343750 0.019484 0.071958
9 0.568078 0.343500 0.018625 0.070000
9 0.255578 0.342313 0.016344 0.069917
9 0.880383 0.535896 0.027391 0.033042
9 0.567953 0.595437 0.012687 0.008083
