0 0.116062 0.561919 0.232125 0.849791
0 0.826672 0.347428 0.283031 0.573551
0 0.480094 0.413473 0.239375 0.530339
40 0.641578 0.616749 0.060813 0.174125
40 0.361820 0.731971 0.086734 0.240183
40 0.750172 0.585392 0.064969 0.099765
40 0.265602 0.907872 0.146578 0.161802
40 0.265844 0.760718 0.101813 0.159765
41 0.510516 0.690418 0.062594 0.090496
41 0.436797 0.726110 0.071781 0.118956
41 0.146258 0.957480 0.095078 0.082428
45 0.146000 0.958081 0.091469 0.083838
40 0.212180 0.746240 0.099609 0.208042
41 0.434172 0.098316 0.034156 0.024726
41 0.267016 0.761423 0.112719 0.161436
43 0.070875 0.902285 0.101250 0.014491
55 0.578125 0.911580 0.072313 0.117728
55 0.951289 0.852272 0.090484 0.153890
40 0.406375 0.922950 0.141906 0.154099
45 0.898570 0.607389 0.152328 0.130757
48 0.531477 0.916723 0.072953 0.101749
48 0.577109 0.909856 0.073844 0.112193
55 0.981719 0.831188 0.036562 0.145561
56 0.281484 0.540587 0.146812 0.222742
56 0.672859 0.464856 0.078563 0.131279
60 0.500937 0.755300 0.998125 0.453055
41 0.386359 0.890966 0.098562 0.092115
