0 0.492742 0.387846 0.044797 0.087567
0 0.571109 0.400123 0.051562 0.080469
0 0.397641 0.389509 0.087813 0.074598
0 0.070789 0.472232 0.048328 0.075491
8 0.494422 0.422935 0.221906 0.052344
8 0.320109 0.440446 0.102250 0.040446
25 0.603812 0.569129 0.080594 0.020714
0 0.026102 0.457455 0.046859 0.095045
8 0.048375 0.514565 0.092719 0.035871
25 0.654383 0.635658 0.112359 0.099710
25 0.731914 0.575123 0.098516 0.088058
25 0.597648 0.523170 0.090828 0.076875
25 0.634570 0.496183 0.092859 0.086652
25 0.760625 0.484364 0.081969 0.077567
25 0.950867 0.744989 0.098266 0.111585
25 0.674898 0.477232 0.079891 0.076071
25 0.664094 0.418147 0.072688 0.070357
25 0.822773 0.434174 0.076109 0.023571
25 0.287109 0.509107 0.071094 0.031250
25 0.722031 0.459163 0.082594 0.070022
25 0.328461 0.413092 0.073641 0.080290
