58 0.799586 0.162792 0.338078 0.325583
58 0.698656 0.134604 0.142969 0.269208
41 0.406562 0.702323 0.142437 0.274521
75 0.609281 0.785219 0.161219 0.281187
75 0.525844 0.197760 0.198875 0.319104
75 0.384266 0.485396 0.104500 0.175292
75 0.421734 0.377437 0.078563 0.152375
41 0.860656 0.764302 0.183344 0.273354
45 0.143883 0.801698 0.214484 0.263771
45 0.831805 0.456302 0.170609 0.169021
45 0.315164 0.430344 0.138203 0.177521
45 0.673773 0.375500 0.149391 0.137792
45 0.276859 0.633656 0.158219 0.208813
41 0.645273 0.507177 0.144203 0.200271
41 0.818602 0.579146 0.134359 0.199417
41 0.217336 0.521875 0.131859 0.182042
41 0.519227 0.410781 0.114578 0.155646
45 0.518461 0.413229 0.117328 0.156458
45 0.646531 0.509490 0.149250 0.209854
41 0.700609 0.651115 0.131375 0.217104
