1 0.868750 0.840328 0.262500 0.298923
6 0.417555 0.580902 0.523266 0.743817
24 0.915008 0.549496 0.048297 0.115433
24 0.669141 0.508290 0.035906 0.070211
24 0.803250 0.737998 0.039813 0.095855
24 0.926406 0.457283 0.024906 0.056019
0 0.767086 0.695082 0.148922 0.514988
0 0.897383 0.606546 0.086641 0.318571
0 0.670156 0.547049 0.040563 0.214239
0 0.697945 0.525726 0.027234 0.139602
0 0.739109 0.508642 0.035281 0.127260
0 0.872633 0.412635 0.037766 0.108876
0 0.919602 0.452377 0.038828 0.103911
0 0.873484 0.499075 0.024563 0.109157
0 0.718219 0.510539 0.010250 0.089789
0 0.707742 0.509485 0.015953 0.096768
0 0.942391 0.678068 0.115219 0.627143
0 0.765172 0.481311 0.022094 0.059532
