39 0.039492 0.391969 0.025484 0.045646
39 0.286961 0.229740 0.009766 0.035438
32 0.450516 0.485208 0.025219 0.033625
0 0.445773 0.512646 0.341078 0.955208
0 0.233547 0.318562 0.100000 0.437250
0 0.717914 0.245031 0.072484 0.189896
0 0.771195 0.224448 0.078109 0.199854
0 0.925109 0.341812 0.142313 0.619000
38 0.441352 0.673083 0.325672 0.241625
38 0.110031 0.121198 0.037156 0.183063
24 0.072148 0.343615 0.144297 0.319896
24 0.166781 0.257292 0.102844 0.192417
26 0.927312 0.290740 0.120156 0.265479
26 0.833422 0.301698 0.032844 0.032313
26 0.607992 0.275000 0.023672 0.050875
0 0.802289 0.343760 0.097297 0.318146
0 0.302086 0.293531 0.039984 0.238729
0 0.608812 0.333667 0.052187 0.348625
73 0.683094 0.315708 0.038375 0.031125
0 0.481180 0.457302 0.298328 0.874146
26 0.299531 0.280844 0.034281 0.060646
0 0.661492 0.351344 0.100141 0.252354
0 0.370750 0.179729 0.022625 0.042625
0 0.928758 0.441708 0.141109 0.585083
26 0.861703 0.324844 0.025250 0.035813
26 0.754484 0.195000 0.010406 0.039583
