68 0.882328 0.246635 0.229937 0.156771
69 0.857023 0.588760 0.244391 0.453937
71 0.378375 0.447073 0.277031 0.058562
43 0.537180 0.360510 0.012047 0.032521
43 0.522195 0.360948 0.010203 0.022104
43 0.534094 0.348458 0.011500 0.023000
43 0.520281 0.351031 0.014313 0.032979
43 0.525078 0.371083 0.008687 0.021292
44 0.617656 0.362292 0.014188 0.025208
44 0.635773 0.355792 0.031734 0.039250
44 0.583063 0.351135 0.018125 0.044104
45 0.491820 0.410031 0.031672 0.036354
39 0.346266 0.261177 0.020844 0.049271
39 0.313039 0.253927 0.018703 0.048562
39 0.991859 0.429312 0.015438 0.074125
39 0.293852 0.259281 0.017328 0.029438
39 0.329508 0.261698 0.012172 0.035646
41 0.556711 0.418437 0.033359 0.028250
47 0.676820 0.402521 0.052453 0.079250
43 0.527234 0.351458 0.003656 0.016875
