43 0.562078 0.604059 0.005969 0.030659
55 0.564531 0.685906 0.181250 0.149882
0 0.779227 0.618235 0.239297 0.725224
0 0.440430 0.714188 0.126828 0.571624
0 0.252195 0.861800 0.182047 0.276400
0 0.525109 0.467882 0.125594 0.365129
0 0.661828 0.870341 0.150719 0.231459
0 0.344219 0.690494 0.078438 0.457976
0 0.280430 0.735694 0.100453 0.479812
0 0.609320 0.343118 0.067766 0.169012
0 0.609594 0.510106 0.097000 0.224729
0 0.919922 0.612482 0.159312 0.661435
0 0.974594 0.328576 0.050813 0.242000
0 0.771117 0.229294 0.050859 0.092847
0 0.099750 0.476612 0.106625 0.532235
