16 0.419640 0.336313 0.268313 0.406594
0 0.455806 0.682523 0.751216 0.395422
0 0.050955 0.275586 0.101911 0.071734
0 0.623325 0.370172 0.117866 0.184406
0 0.874963 0.372492 0.116576 0.168703
0 0.070459 0.352930 0.140918 0.166547
0 0.166179 0.342687 0.128834 0.205469
0 0.751228 0.360680 0.139181 0.186516
0 0.081377 0.493117 0.127717 0.133328
0 0.243524 0.505391 0.184467 0.147781
0 0.303983 0.421000 0.150000 0.103219
0 0.348040 0.350266 0.054789 0.078625
0 0.244640 0.372508 0.101092 0.111078
0 0.305112 0.315070 0.068139 0.111391
29 0.301526 0.166313 0.135608 0.037062
0 0.579429 0.291922 0.049777 0.059156
