77 0.628492 0.219636 0.190297 0.232277
0 0.242320 0.617981 0.460703 0.764038
0 0.398406 0.480869 0.230656 0.467934
0 0.107250 0.648615 0.213563 0.702770
0 0.035141 0.429660 0.054688 0.175423
0 0.933305 0.727829 0.133391 0.542793
0 0.203281 0.409448 0.068062 0.148991
0 0.018172 0.441068 0.036344 0.188333
0 0.549859 0.760704 0.164813 0.460094
0 0.391813 0.425599 0.047781 0.112042
0 0.813180 0.469531 0.046828 0.058075
0 0.912875 0.446315 0.065469 0.080892
0 0.878063 0.374460 0.041250 0.080469
0 0.435656 0.467864 0.033656 0.082582
