2 0.292563 0.764010 0.229531 0.178896
2 0.222469 0.693260 0.205625 0.119104
2 0.111969 0.582969 0.138313 0.093729
2 0.163031 0.618292 0.115406 0.097458
2 0.143687 0.598240 0.108750 0.088229
2 0.206500 0.656323 0.157688 0.080854
4 0.492656 0.329271 0.924500 0.408542
0 0.592664 0.554156 0.012609 0.065271
2 0.186961 0.632896 0.124891 0.099000
7 0.183703 0.631292 0.126063 0.099792
0 0.240820 0.444646 0.009453 0.032583
7 0.284859 0.769937 0.231594 0.171833
7 0.288352 0.438802 0.037391 0.039604
7 0.142023 0.602583 0.108016 0.094625
7 0.110664 0.583646 0.138797 0.092125
7 0.270656 0.457927 0.086563 0.030729
7 0.752961 0.588396 0.276328 0.135375
