0 0.729375 0.541816 0.333250 0.782813
0 0.258875 0.617285 0.492594 0.566289
0 0.124945 0.362920 0.181578 0.429199
0 0.900898 0.422295 0.198203 0.711699
0 0.590562 0.406895 0.188750 0.732578
0 0.025172 0.304180 0.050344 0.305664
0 0.707750 0.269414 0.105250 0.489609
34 0.688102 0.191270 0.030516 0.096836
35 0.454961 0.733252 0.084766 0.149199
34 0.883281 0.650332 0.050000 0.241094
34 0.872852 0.660996 0.033859 0.222539
34 0.826805 0.632842 0.044172 0.215566
34 0.802109 0.665078 0.061844 0.212188
34 0.767867 0.638525 0.031453 0.261699
34 0.982617 0.655762 0.034766 0.052500
