25 0.519930 0.736417 0.025484 0.014500
25 0.915391 0.746333 0.021406 0.010292
0 0.426820 0.758156 0.009266 0.014604
0 0.288203 0.763344 0.011938 0.027646
0 0.931180 0.767469 0.011516 0.035563
0 0.908484 0.764615 0.009500 0.033729
0 0.871438 0.761490 0.007312 0.009813
33 0.481063 0.426448 0.025688 0.028604
0 0.506070 0.760896 0.006484 0.014417
0 0.679773 0.756844 0.007359 0.027396
0 0.542297 0.761115 0.007969 0.027979
0 0.161688 0.746750 0.008750 0.026250
25 0.942711 0.746552 0.026016 0.008896
0 0.271742 0.751469 0.012047 0.025729
0 0.205383 0.753594 0.006672 0.012521
0 0.264867 0.748906 0.008516 0.027604
0 0.350625 0.767219 0.008812 0.017062
