0 0.400781 0.415902 0.185594 0.455504
0 0.728008 0.164075 0.153609 0.274005
0 0.825359 0.338208 0.121438 0.235948
0 0.575734 0.320222 0.131937 0.249438
63 0.127437 0.468548 0.251875 0.501124
63 0.493773 0.370000 0.172328 0.155691
63 0.744055 0.390597 0.189547 0.172248
63 0.335289 0.363724 0.152828 0.128899
64 0.055117 0.800234 0.110234 0.150070
0 0.811562 0.138689 0.091281 0.272974
64 0.931820 0.479321 0.045172 0.029368
0 0.934586 0.318033 0.079672 0.161358
0 0.151172 0.215785 0.043281 0.022295
63 0.984352 0.401077 0.031297 0.187681
0 0.914133 0.189614 0.109172 0.207799
