74 0.612605 0.108758 0.115975 0.077516
2 0.451469 0.797383 0.206000 0.069703
2 0.058556 0.795797 0.117111 0.108406
2 0.244704 0.797297 0.188963 0.081812
2 0.561247 0.792242 0.084815 0.040359
2 0.554284 0.831172 0.081901 0.045344
5 0.786111 0.792914 0.403926 0.303328
9 0.490840 0.623500 0.078914 0.058750
0 0.694333 0.757281 0.094988 0.048313
2 0.141469 0.790484 0.057704 0.051969
74 0.478852 0.114047 0.029506 0.073313
2 0.331988 0.786914 0.060420 0.055922
2 0.986914 0.810281 0.026173 0.043781
9 0.221160 0.649766 0.044198 0.058969
9 0.400037 0.700148 0.029358 0.034859
11 0.225284 0.693391 0.038469 0.023531
