40 0.525844 0.611234 0.076406 0.382031
40 0.746531 0.556203 0.068125 0.249406
40 0.620836 0.520000 0.053234 0.278125
42 0.440492 0.895000 0.056609 0.118313
43 0.493844 0.924516 0.076719 0.150969
0 0.633586 0.334859 0.164766 0.467656
0 0.763656 0.388937 0.165313 0.419562
0 0.905922 0.444094 0.188156 0.690375
0 0.579453 0.249109 0.082531 0.235156
0 0.482367 0.261406 0.075828 0.232437
0 0.396094 0.231219 0.035094 0.113250
0 0.300164 0.247672 0.067641 0.119031
0 0.200672 0.367719 0.136781 0.461875
0 0.235391 0.503375 0.468531 0.966313
0 0.525859 0.284016 0.069219 0.221406
40 0.413594 0.488312 0.056656 0.216188
40 0.336953 0.390219 0.034187 0.152750
40 0.312914 0.371031 0.028703 0.113312
40 0.354922 0.292609 0.015188 0.055344
40 0.420719 0.348984 0.030781 0.082469
40 0.542211 0.399969 0.044984 0.102688
40 0.369344 0.438391 0.039281 0.194094
41 0.579039 0.751172 0.068484 0.195844
41 0.676977 0.682469 0.061266 0.164062
41 0.645695 0.618484 0.053109 0.142219
41 0.568617 0.581281 0.045984 0.129125
41 0.490383 0.642078 0.046234 0.229594
42 0.865648 0.637109 0.050453 0.062219
42 0.261359 0.382141 0.028063 0.144531
48 0.773758 0.784234 0.124359 0.205156
56 0.812227 0.366000 0.029391 0.065812
60 0.660109 0.854484 0.679781 0.274156
40 0.480516 0.416891 0.038969 0.168844
40 0.295320 0.316141 0.019484 0.107094
41 0.451891 0.619609 0.038375 0.146531
41 0.333789 0.405438 0.018547 0.055063
41 0.378742 0.502922 0.022016 0.097719
56 0.887219 0.496063 0.075187 0.309375
40 0.402688 0.333078 0.043781 0.104594
43 0.813617 0.571031 0.008891 0.043812
0 0.434812 0.261859 0.072938 0.210219
41 0.462109 0.437969 0.028656 0.087063
