39 0.065375 0.243011 0.130750 0.486022
60 0.499680 0.497885 0.999359 0.981261
0 0.459187 0.088964 0.212312 0.171148
41 0.191391 0.494874 0.092437 0.262353
41 0.308977 0.217129 0.066078 0.201261
42 0.574453 0.260700 0.096750 0.145154
43 0.077094 0.843824 0.154188 0.083165
43 0.959672 0.247395 0.080656 0.105266
43 0.475078 0.165168 0.071688 0.068319
45 0.535250 0.382465 0.082719 0.105602
53 0.556500 0.725882 0.367500 0.440000
53 0.807266 0.196779 0.235656 0.195518
53 0.376680 0.413487 0.131609 0.170784
53 0.227406 0.246961 0.096469 0.117227
53 0.344234 0.389650 0.105531 0.139636
53 0.426250 0.245294 0.081563 0.117927
41 0.926969 0.707171 0.121594 0.260672
43 0.553180 0.252409 0.026109 0.029692
53 0.267047 0.408445 0.076406 0.171849
53 0.148969 0.235154 0.061125 0.095462
0 0.211695 0.882885 0.134422 0.213950
0 0.757273 0.029300 0.077422 0.058319
41 0.732273 0.283725 0.075047 0.230644
53 0.894680 0.566120 0.117359 0.150448
53 0.498086 0.229552 0.087797 0.094734
