32 0.448461 0.539017 0.037078 0.042263
0 0.509836 0.597913 0.394109 0.804174
0 0.311320 0.510111 0.187359 0.242709
0 0.135320 0.491447 0.213859 0.269647
0 0.365266 0.392143 0.177906 0.289889
0 0.433391 0.267857 0.121125 0.253933
38 0.757969 0.559545 0.187375 0.238200
0 0.745359 0.459212 0.147344 0.349889
0 0.098680 0.298942 0.194484 0.376252
56 0.890180 0.848358 0.219641 0.303284
0 0.265719 0.275946 0.138969 0.224657
0 0.575313 0.218182 0.096250 0.103896
0 0.188258 0.409712 0.215422 0.290186
0 0.662312 0.162959 0.251625 0.325918
0 0.910805 0.540742 0.174672 0.182709
0 0.044695 0.465223 0.089391 0.276642
