56 0.723453 0.117396 0.324656 0.234792
60 0.501102 0.603646 0.997797 0.770958
41 0.320227 0.416479 0.134828 0.325833
41 0.463484 0.407490 0.128094 0.285396
41 0.900227 0.793354 0.199547 0.378917
42 0.069055 0.784323 0.136453 0.064562
43 0.068414 0.858104 0.136828 0.047292
44 0.043102 0.709573 0.086203 0.047938
45 0.607609 0.508094 0.158656 0.150938
45 0.712508 0.424292 0.149734 0.118167
41 0.432398 0.221594 0.098297 0.140437
42 0.044703 0.404948 0.087125 0.039354
44 0.623758 0.384313 0.132922 0.104708
44 0.436344 0.242823 0.031250 0.039771
44 0.160328 0.257750 0.135531 0.021250
44 0.036008 0.753229 0.070734 0.056292
45 0.846352 0.567417 0.307297 0.262917
45 0.612656 0.297406 0.114937 0.116896
45 0.580234 0.419021 0.119906 0.113333
45 0.261727 0.240365 0.252297 0.119354
45 0.536320 0.344656 0.022922 0.050146
51 0.682492 0.677917 0.111578 0.140458
51 0.236789 0.429156 0.067391 0.084646
51 0.724992 0.736885 0.013859 0.040021
