16 0.455742 0.478551 0.141672 0.242103
29 0.298383 0.931834 0.043484 0.012453
29 0.272164 0.909311 0.030672 0.008949
29 0.076695 0.905713 0.037016 0.010678
29 0.403367 0.855491 0.026828 0.009720
29 0.692086 0.846554 0.025953 0.014276
0 0.533875 0.766110 0.135406 0.236706
0 0.610609 0.712091 0.031031 0.135818
0 0.780375 0.709311 0.025844 0.152593
0 0.856773 0.696133 0.045953 0.184790
0 0.418000 0.670549 0.039000 0.094042
0 0.640180 0.698294 0.040984 0.167290
0 0.671055 0.690035 0.044859 0.174930
0 0.682750 0.698867 0.043375 0.161893
0 0.702180 0.701343 0.025484 0.154883
0 0.786711 0.632932 0.034141 0.082547
0 0.806711 0.703259 0.040578 0.166519
0 0.889047 0.710596 0.033094 0.159836
29 0.386734 0.198540 0.012094 0.056846
0 0.721414 0.694159 0.021766 0.172009
