7 0.561281 0.563708 0.368219 0.273792
0 0.992352 0.514958 0.015297 0.071833
0 0.773422 0.544677 0.038312 0.052021
0 0.291063 0.506490 0.033875 0.098229
0 0.220938 0.513010 0.031531 0.103479
0 0.236742 0.507344 0.017453 0.096188
0 0.813664 0.514260 0.025984 0.088063
0 0.830336 0.518677 0.020609 0.079271
0 0.858031 0.530177 0.030750 0.079354
0 0.886492 0.527552 0.029359 0.079813
0 0.912516 0.484771 0.017750 0.075333
0 0.323016 0.505719 0.025938 0.097104
0 0.872266 0.516312 0.023219 0.080667
0 0.925680 0.487750 0.013984 0.073833
