0 0.464945 0.578513 0.216422 0.440726
55 0.544789 0.668747 0.028109 0.030843
55 0.497094 0.718794 0.037000 0.046440
55 0.462523 0.707623 0.034234 0.050234
55 0.514687 0.655422 0.027406 0.018571
55 0.465258 0.678115 0.035891 0.037213
55 0.563867 0.709239 0.033484 0.047237
55 0.592172 0.709040 0.028469 0.035504
55 0.492922 0.664567 0.027875 0.021639
55 0.497891 0.685831 0.029594 0.025293
55 0.529594 0.712658 0.032875 0.046112
55 0.519430 0.677400 0.029047 0.035831
55 0.543094 0.697447 0.028125 0.044543
55 0.578945 0.670609 0.030547 0.038970
