1 0.776078 0.577385 0.332844 0.260104
1 0.539711 0.499000 0.047547 0.140417
26 0.214289 0.251698 0.122453 0.267563
26 0.412633 0.428146 0.029703 0.078042
28 0.344797 0.904021 0.270125 0.165542
0 0.217234 0.308115 0.307656 0.613938
0 0.700820 0.482031 0.184578 0.941437
0 0.961227 0.566802 0.077547 0.546188
0 0.532750 0.415365 0.074938 0.243438
0 0.805203 0.408021 0.058313 0.312417
0 0.029922 0.447990 0.059844 0.453021
0 0.353406 0.394552 0.040438 0.213729
0 0.379883 0.424208 0.030609 0.199458
0 0.452523 0.413490 0.112922 0.350562
0 0.594836 0.426135 0.051547 0.201979
0 0.816227 0.211760 0.107109 0.126188
0 0.577563 0.400177 0.028063 0.105687
26 0.399898 0.491021 0.021453 0.057000
26 0.587711 0.409396 0.020484 0.063292
1 0.075398 0.496250 0.069672 0.114875
0 0.403922 0.427240 0.039844 0.279312
