0 0.443461 0.704878 0.122766 0.207062
0 0.568391 0.212183 0.100031 0.119367
0 0.622383 0.196193 0.082922 0.152159
0 0.698086 0.225795 0.069547 0.187857
34 0.734992 0.119440 0.047891 0.033815
35 0.023258 0.890446 0.034828 0.040114
0 0.072320 0.875300 0.126641 0.249399
32 0.845445 0.326745 0.010203 0.010958
35 0.583078 0.225698 0.029656 0.022597
0 0.912148 0.083523 0.047141 0.053279
0 0.933133 0.050674 0.071141 0.076932
0 0.739867 0.049919 0.053672 0.064286
0 0.871664 0.054343 0.063078 0.108685
0 0.633906 0.028458 0.042469 0.056916
35 0.764328 0.476567 0.024344 0.023815
56 0.940852 0.073393 0.022859 0.023766
56 0.938305 0.100300 0.015922 0.024919
56 0.776766 0.049813 0.011000 0.045893
0 0.566859 0.029351 0.050625 0.043831
0 0.521016 0.020666 0.048562 0.038929
0 0.807945 0.495812 0.091859 0.191071
