1 0.425930 0.655498 0.762359 0.552818
10 0.065336 0.540805 0.049078 0.134322
0 0.299453 0.477087 0.309469 0.773708
0 0.847883 0.417172 0.161859 0.564131
0 0.550797 0.345593 0.150000 0.279449
0 0.941344 0.308231 0.065312 0.103030
26 0.433539 0.587320 0.094859 0.158369
26 0.501242 0.339396 0.036172 0.115530
0 0.979883 0.296335 0.040234 0.118898
0 0.096727 0.346208 0.150141 0.045339
0 0.021977 0.579131 0.043953 0.117288
0 0.738719 0.296367 0.046625 0.108284
0 0.761117 0.290583 0.020828 0.119852
26 0.730992 0.304068 0.038484 0.056102
0 0.463344 0.308157 0.059094 0.098559
