38 0.258008 0.488844 0.061359 0.170021
0 0.270234 0.688510 0.138906 0.469021
0 0.693039 0.266177 0.069391 0.127354
0 0.753227 0.269240 0.068234 0.120688
0 0.728219 0.308188 0.034969 0.043250
0 0.833000 0.295781 0.048625 0.073146
0 0.973734 0.347458 0.052406 0.105958
0 0.914492 0.214823 0.058703 0.068229
0 0.966852 0.239781 0.066297 0.100146
0 0.444031 0.131906 0.051500 0.065354
0 0.789844 0.228917 0.060688 0.109625
0 0.807063 0.164802 0.077063 0.106396
74 0.360023 0.472344 0.037359 0.094104
0 0.652078 0.095083 0.050031 0.074583
74 0.177102 0.196104 0.004891 0.006208
74 0.760125 0.279406 0.004344 0.006354
0 0.822883 0.112802 0.119422 0.101396
