17 0.637398 0.427490 0.078297 0.099146
18 0.527422 0.846240 0.509687 0.290312
18 0.788937 0.801646 0.169187 0.396708
18 0.948008 0.692885 0.101828 0.275854
18 0.668773 0.679500 0.157703 0.122000
18 0.547891 0.653229 0.187281 0.166000
18 0.427031 0.564625 0.129625 0.067542
18 0.334758 0.806010 0.370172 0.356229
18 0.258789 0.648687 0.156891 0.102250
18 0.051758 0.662823 0.102641 0.039062
18 0.130398 0.583969 0.088703 0.067187
18 0.886406 0.562896 0.078812 0.116292
18 0.858148 0.835583 0.162859 0.291500
18 0.786609 0.552177 0.079375 0.074854
0 0.791125 0.420375 0.032094 0.056875
18 0.503367 0.533760 0.107328 0.040979
