39 0.408440 0.421582 0.022960 0.123821
39 0.257070 0.716254 0.068100 0.246000
67 0.553370 0.164000 0.008140 0.053791
56 0.528590 0.140522 0.070020 0.174836
56 0.237630 0.141791 0.043860 0.151701
60 0.414520 0.624179 0.829040 0.729672
40 0.606090 0.801866 0.074460 0.285104
41 0.326880 0.889015 0.080520 0.213970
41 0.172340 0.550612 0.052160 0.126239
41 0.488810 0.617478 0.056300 0.153940
41 0.258260 0.467582 0.045880 0.117373
45 0.568890 0.612925 0.110500 0.126507
45 0.427310 0.841403 0.138300 0.179104
0 0.668460 0.252328 0.241160 0.437015
0 0.303390 0.222463 0.215300 0.359552
0 0.776900 0.438209 0.162600 0.512358
0 0.909390 0.251687 0.144540 0.337104
0 0.099280 0.297119 0.197360 0.348866
0 0.048930 0.396642 0.094860 0.591015
0 0.830480 0.698866 0.339040 0.575284
39 0.426170 0.247254 0.016940 0.060000
41 0.457750 0.560866 0.057020 0.152597
41 0.371140 0.455687 0.047080 0.091194
45 0.466800 0.290403 0.091280 0.062836
45 0.427400 0.669776 0.081280 0.062060
45 0.124820 0.692896 0.050160 0.047761
41 0.264840 0.741522 0.075960 0.125313
41 0.412980 0.247701 0.032200 0.056060
41 0.367630 0.282343 0.027380 0.071731
41 0.503670 0.888045 0.081180 0.222836
56 0.648310 0.329940 0.047860 0.096716
56 0.323660 0.071627 0.033160 0.098955
0 0.437990 0.166075 0.146540 0.226060
41 0.493000 0.425119 0.038480 0.107075
