62 0.777297 0.567177 0.139594 0.175646
56 0.573828 0.782719 0.207000 0.413229
56 0.832125 0.700146 0.156594 0.418875
56 0.673922 0.560896 0.081625 0.152500
56 0.126352 0.717604 0.152266 0.395250
60 0.806180 0.681177 0.387641 0.148229
0 0.353086 0.616854 0.335391 0.743833
64 0.729641 0.679542 0.019688 0.026250
65 0.853500 0.687167 0.050813 0.015958
73 0.130109 0.374083 0.050000 0.100000
73 0.144063 0.386073 0.049938 0.077813
56 0.969242 0.843865 0.061516 0.209021
56 0.959406 0.943573 0.081187 0.112688
58 0.415164 0.325917 0.152547 0.215792
73 0.076398 0.385813 0.091422 0.115917
73 0.057313 0.896177 0.111187 0.076313
