60 0.500000 0.705984 1.000000 0.559836
0 0.296023 0.287155 0.571016 0.569813
0 0.855352 0.271909 0.277359 0.534824
0 0.082031 0.465269 0.164062 0.430913
0 0.804508 0.260738 0.388078 0.521475
41 0.230172 0.609707 0.088406 0.152108
41 0.303984 0.648747 0.093937 0.166393
41 0.702555 0.566967 0.096797 0.165597
41 0.636859 0.415773 0.067781 0.077541
41 0.124438 0.806054 0.212906 0.346066
45 0.100133 0.623489 0.181266 0.128525
55 0.518398 0.670222 0.313203 0.265644
42 0.287797 0.831429 0.120438 0.101546
42 0.260672 0.774239 0.094937 0.107400
57 0.107953 0.207178 0.215906 0.262927
0 0.258250 0.089040 0.197469 0.178080
41 0.098773 0.623876 0.173297 0.116885
43 0.294883 0.849145 0.102828 0.060632
41 0.482000 0.466358 0.073313 0.106768
41 0.139719 0.959075 0.171594 0.081850
57 0.663078 0.320492 0.212000 0.261077
57 0.524984 0.267810 0.113312 0.183396
