34 0.568539 0.323646 0.052266 0.064486
0 0.415172 0.451126 0.079406 0.146877
0 0.226367 0.919832 0.103891 0.160336
0 0.817438 0.277184 0.053906 0.060613
0 0.361805 0.414664 0.080797 0.177115
0 0.728898 0.320919 0.058516 0.221047
0 0.944922 0.266858 0.033750 0.069209
0 0.912937 0.280889 0.052500 0.062411
0 0.967102 0.285168 0.047703 0.055237
0 0.626727 0.227134 0.063609 0.086482
0 0.529344 0.261848 0.055656 0.065435
35 0.432594 0.445435 0.020250 0.034150
0 0.935344 0.856413 0.115156 0.287174
0 0.584414 0.437362 0.106141 0.188715
