62 0.047227 0.563833 0.090859 0.345750
57 0.732789 0.594812 0.410922 0.331375
57 0.759680 0.787240 0.480641 0.395688
56 0.701555 0.433219 0.045734 0.033188
56 0.802641 0.435708 0.074531 0.065167
65 0.599555 0.650531 0.048672 0.022188
73 0.296898 0.377625 0.019109 0.079917
73 0.300594 0.144396 0.008687 0.059833
73 0.298633 0.237844 0.008203 0.068354
73 0.279953 0.372656 0.033187 0.086979
73 0.365789 0.368385 0.024266 0.066854
73 0.371102 0.362021 0.037109 0.089000
73 0.355227 0.240562 0.012359 0.064958
75 0.804914 0.399719 0.020234 0.038771
41 0.895891 0.431667 0.018094 0.043875
56 0.958164 0.574938 0.083672 0.149083
65 0.021086 0.762760 0.035547 0.036437
73 0.555813 0.632771 0.084375 0.035208
73 0.309617 0.230250 0.168734 0.087125
73 0.282250 0.144563 0.007500 0.065375
73 0.313883 0.147865 0.010703 0.061521
73 0.331539 0.148604 0.009234 0.061583
73 0.252133 0.139729 0.027172 0.068375
65 0.577305 0.716073 0.018203 0.013396
60 0.866078 0.443354 0.180625 0.045000
