48 0.561156 0.589906 0.082844 0.123521
60 0.634875 0.866250 0.663656 0.239292
60 0.821672 0.368646 0.106250 0.013167
0 0.437914 0.558385 0.426172 0.807604
0 0.380109 0.324969 0.085437 0.146063
25 0.383281 0.203146 0.211750 0.197083
56 0.756742 0.427229 0.091672 0.173125
56 0.887297 0.432958 0.102250 0.176167
56 0.889875 0.352260 0.045844 0.025062
56 0.206055 0.698177 0.178828 0.443146
56 0.328328 0.395125 0.048406 0.120042
56 0.173859 0.485385 0.109219 0.258604
56 0.270391 0.367490 0.046938 0.073229
56 0.638867 0.336344 0.026297 0.024396
56 0.057305 0.524594 0.114609 0.290146
56 0.090914 0.374219 0.035703 0.065396
56 0.228539 0.409375 0.073984 0.154792
56 0.366727 0.386177 0.052266 0.066479
60 0.304445 0.405656 0.092766 0.100563
75 0.301602 0.332771 0.019172 0.048125
75 0.829563 0.340240 0.015875 0.055438
41 0.480828 0.882198 0.109375 0.105146
60 0.096109 0.412833 0.029250 0.016250
56 0.747914 0.354583 0.043359 0.042458
48 0.720570 0.803771 0.073453 0.063083
