27 0.512396 0.756250 0.286562 0.461094
0 0.500000 0.607867 1.000000 0.761797
0 0.082370 0.337633 0.164740 0.200828
0 0.261849 0.271047 0.075260 0.036125
0 0.860495 0.351320 0.050052 0.081391
0 0.794805 0.430125 0.100599 0.062187
0 0.377096 0.222688 0.065339 0.031750
0 0.843177 0.296641 0.050521 0.053312
0 0.240469 0.324047 0.051563 0.050781
0 0.270599 0.429406 0.133333 0.167063
0 0.833125 0.492039 0.058802 0.062359
0 0.741706 0.323844 0.025964 0.039125
0 0.936979 0.262594 0.028021 0.025688
0 0.906237 0.467687 0.050026 0.032906
