2 0.852313 0.777771 0.122562 0.065542
2 0.753836 0.771781 0.057078 0.057438
2 0.591367 0.758500 0.041297 0.053000
2 0.484578 0.773188 0.070844 0.073208
9 0.402539 0.469490 0.022672 0.085146
10 0.490195 0.810594 0.033328 0.079813
0 0.099359 0.766927 0.012906 0.056729
0 0.787742 0.751708 0.023609 0.070833
0 0.651109 0.744271 0.014094 0.043875
9 0.068320 0.398469 0.066078 0.225646
0 0.116867 0.765313 0.013547 0.057208
0 0.849992 0.726010 0.014797 0.037354
2 0.539359 0.763469 0.047781 0.041771
2 0.381641 0.754094 0.038187 0.039813
2 0.336187 0.748573 0.016688 0.020979
2 0.446961 0.768312 0.036297 0.046458
9 0.199789 0.607302 0.015078 0.041896
9 0.565781 0.597531 0.029313 0.044271
9 0.800109 0.439937 0.023469 0.070083
0 0.663836 0.743708 0.011891 0.049417
0 0.616250 0.739083 0.008875 0.017042
0 0.011938 0.796021 0.023062 0.065500
0 0.012000 0.829000 0.024000 0.079250
0 0.839422 0.731781 0.014750 0.028563
0 0.689773 0.735344 0.008203 0.027979
0 0.629656 0.739490 0.010687 0.020979
0 0.547984 0.794094 0.023500 0.103688
2 0.437500 0.762781 0.044312 0.050104
9 0.201633 0.644604 0.022703 0.034250
2 0.715547 0.775510 0.094688 0.053104
