32 0.864375 0.367040 0.008344 0.012099
0 0.288227 0.478113 0.169922 0.800613
0 0.421250 0.504965 0.145063 0.751203
0 0.533352 0.507854 0.137078 0.786557
0 0.950891 0.349316 0.098219 0.659151
0 0.048547 0.372901 0.070594 0.285425
38 0.218609 0.742948 0.051875 0.326604
38 0.410516 0.635012 0.092969 0.343420
38 0.699016 0.468491 0.216500 0.224245
38 0.021188 0.443373 0.029063 0.112830
38 0.472656 0.730271 0.160719 0.299316
0 0.661008 0.504505 0.182047 0.903160
32 0.899398 0.379163 0.009609 0.014316
32 0.901320 0.389693 0.007203 0.007877
32 0.908516 0.382618 0.008594 0.014434
32 0.493508 0.565024 0.009078 0.031698
32 0.881828 0.380389 0.009156 0.015165
32 0.875023 0.391144 0.010141 0.013561
32 0.892242 0.388007 0.011203 0.015212
32 0.920234 0.393149 0.010781 0.013892
32 0.912148 0.368514 0.008422 0.012689
32 0.926219 0.381745 0.010281 0.010566
32 0.899961 0.394151 0.008234 0.007689
32 0.872469 0.378868 0.009469 0.014292
