79 0.756160 0.414003 0.022400 0.030521
79 0.763350 0.513712 0.041540 0.048037
79 0.205860 0.789617 0.080680 0.071196
79 0.450230 0.471472 0.090660 0.121902
79 0.057990 0.821135 0.104580 0.062761
0 0.830750 0.532592 0.331140 0.916840
0 0.359440 0.251580 0.163960 0.440644
0 0.262330 0.802653 0.133100 0.370460
0 0.447600 0.830337 0.232960 0.312331
0 0.411280 0.519110 0.214640 0.279755
0 0.089000 0.298512 0.178000 0.597025
79 0.168210 0.328252 0.150660 0.083067
79 0.193060 0.771810 0.045560 0.033865
79 0.421670 0.822178 0.169620 0.126074
0 0.049880 0.913190 0.084240 0.173620
