62 0.835555 0.416148 0.240641 0.533616
41 0.780484 0.895503 0.100500 0.119119
44 0.810609 0.826777 0.024594 0.066384
63 0.145812 0.697531 0.271437 0.469528
64 0.648320 0.933695 0.067453 0.077453
66 0.442281 0.911431 0.369875 0.105377
73 0.480953 0.814182 0.190531 0.141761
73 0.482305 0.673789 0.005891 0.178711
73 0.490875 0.671635 0.012000 0.172956
66 0.147641 0.870535 0.267250 0.106667
73 0.356281 0.667547 0.025281 0.242579
73 0.621586 0.706399 0.072422 0.276824
73 0.573141 0.706871 0.027156 0.268208
73 0.314680 0.616462 0.072391 0.233616
65 0.667125 0.897956 0.022469 0.026667
65 0.278320 0.847374 0.067828 0.056698
73 0.336555 0.696682 0.015734 0.210283
73 0.525195 0.664167 0.022672 0.196887
73 0.544625 0.670126 0.023219 0.202579
73 0.532180 0.666116 0.016172 0.198774
73 0.473258 0.673616 0.006109 0.180063
73 0.406609 0.677123 0.013562 0.199088
