1 0.614180 0.921388 0.069016 0.117459
1 0.542500 0.904071 0.035281 0.088565
1 0.921602 0.862635 0.032734 0.085976
9 0.508961 0.605447 0.042172 0.149671
9 0.668141 0.544553 0.030406 0.100588
0 0.751828 0.823435 0.016281 0.112941
0 0.723437 0.835235 0.025656 0.121294
0 0.478445 0.848835 0.024766 0.124588
0 0.365141 0.870494 0.028875 0.146212
0 0.298727 0.867059 0.021203 0.116659
0 0.209742 0.872024 0.027859 0.128424
9 0.466344 0.487647 0.032781 0.089741
9 0.543672 0.484506 0.028406 0.091882
0 0.497234 0.809200 0.009969 0.033506
0 0.957039 0.818494 0.020484 0.089271
0 0.031281 0.886035 0.029687 0.131553
0 0.977945 0.811141 0.019297 0.097765
0 0.883844 0.815388 0.035219 0.115482
1 0.900859 0.857812 0.020719 0.094024
9 0.744688 0.628988 0.023625 0.076706
9 0.176125 0.363812 0.027781 0.113506
0 0.076945 0.883153 0.027453 0.132847
0 0.100781 0.877859 0.028563 0.139482
9 0.373594 0.664588 0.017344 0.072141
9 0.044445 0.764612 0.005422 0.019388
24 0.202664 0.851329 0.023672 0.045153
26 0.025523 0.877565 0.019859 0.070235
26 0.437328 0.888776 0.008031 0.024894
26 0.827344 0.860824 0.011219 0.012988
