62 0.534500 0.188208 0.283375 0.352810
56 0.965203 0.647026 0.031406 0.059625
56 0.666469 0.804297 0.165000 0.086019
56 0.845195 0.823993 0.159703 0.100070
62 0.746828 0.660796 0.025625 0.024684
63 0.420188 0.874157 0.117469 0.251686
63 0.908336 0.733091 0.048203 0.069415
63 0.686836 0.741159 0.072172 0.057354
63 0.185164 0.723607 0.076453 0.098876
63 0.137039 0.635269 0.034266 0.061546
63 0.512602 0.686030 0.023609 0.040445
63 0.517234 0.669848 0.036594 0.039368
63 0.227281 0.630691 0.035219 0.054496
63 0.205516 0.606932 0.027500 0.067166
0 0.460344 0.387155 0.028437 0.143724
0 0.300609 0.826967 0.193406 0.323583
0 0.489523 0.729215 0.148422 0.258431
0 0.856828 0.737646 0.061531 0.071639
0 0.598812 0.715375 0.040906 0.050984
0 0.959516 0.734239 0.080969 0.246089
0 0.716156 0.745433 0.051031 0.054801
0 0.156883 0.538009 0.033766 0.061218
56 0.830133 0.863993 0.102234 0.034778
56 0.513984 0.843852 0.073125 0.040211
56 0.646945 0.853923 0.163422 0.044941
56 0.771609 0.756967 0.059000 0.016136
56 0.588852 0.751944 0.066516 0.034988
56 0.925602 0.867600 0.067609 0.033091
63 0.513906 0.748150 0.051531 0.086979
63 0.553383 0.662881 0.017078 0.030726
67 0.753836 0.969731 0.070016 0.060539
0 0.055125 0.679461 0.083469 0.133208
0 0.305484 0.546768 0.039125 0.053817
0 0.267750 0.562822 0.040719 0.079227
0 0.567195 0.673361 0.051203 0.098244
41 0.039875 0.745047 0.049062 0.067658
63 0.289000 0.616393 0.038094 0.058735
0 0.776969 0.675667 0.028156 0.044122
63 0.224602 0.574438 0.023234 0.045597
