0 0.107020 0.125840 0.187080 0.085387
0 0.196380 0.349213 0.067520 0.032187
0 0.213180 0.459000 0.041640 0.027120
0 0.227150 0.116027 0.026380 0.017333
33 0.723630 0.627493 0.037420 0.084107
33 0.664230 0.848507 0.048420 0.072800
33 0.650020 0.648733 0.030480 0.040987
33 0.729440 0.227307 0.039240 0.060587
33 0.531750 0.177000 0.024020 0.058160
33 0.602380 0.486120 0.032440 0.060560
33 0.345860 0.306133 0.032640 0.032053
33 0.574620 0.931187 0.043560 0.049680
33 0.747500 0.852493 0.032360 0.064507
0 0.188610 0.679800 0.114820 0.053147
0 0.177680 0.919120 0.143400 0.065333
0 0.171920 0.872240 0.038760 0.035947
33 0.352430 0.570453 0.031180 0.050080
33 0.771520 0.251533 0.038920 0.059280
33 0.621710 0.837667 0.036340 0.056560
0 0.224690 0.313813 0.021780 0.020267
0 0.138920 0.738373 0.077320 0.074240
0 0.190300 0.261253 0.058480 0.020107
0 0.199500 0.179773 0.059200 0.033893
0 0.161260 0.780253 0.038400 0.045520
0 0.145570 0.569200 0.168060 0.100693
