39 0.755648 0.248031 0.169359 0.419354
60 0.500883 0.602812 0.998234 0.750583
0 0.495789 0.105313 0.427734 0.204000
40 0.615641 0.343625 0.113719 0.331500
40 0.442453 0.220292 0.091281 0.169333
41 0.514117 0.562229 0.110766 0.206458
42 0.889789 0.647302 0.187141 0.350021
43 0.913594 0.643385 0.172812 0.337813
45 0.211117 0.408792 0.300047 0.265083
45 0.364953 0.254562 0.072375 0.108167
41 0.450695 0.372594 0.136266 0.164438
60 0.087445 0.357844 0.174891 0.556063
75 0.759188 0.221542 0.161656 0.373792
55 0.203578 0.598531 0.251000 0.231771
55 0.223773 0.365385 0.127203 0.129979
41 0.560445 0.311698 0.076109 0.210604
