0 0.184324 0.540740 0.007087 0.017800
0 0.269610 0.544790 0.015736 0.022500
28 0.540991 0.770260 0.202042 0.258320
28 0.690511 0.768900 0.109489 0.141960
28 0.361381 0.768110 0.161321 0.239020
0 0.772297 0.639300 0.132282 0.214520
0 0.156712 0.545140 0.008498 0.020840
0 0.282492 0.541720 0.013574 0.025920
8 0.965135 0.596370 0.069550 0.029700
8 0.655691 0.567340 0.073544 0.021280
8 0.012583 0.576410 0.025165 0.009260
0 0.212973 0.544020 0.018198 0.019400
8 0.968934 0.559580 0.062132 0.042240
28 0.562072 0.685660 0.185405 0.105440
24 0.672958 0.682400 0.086276 0.069160
