34 0.647773 0.289311 0.102359 0.329509
0 0.574070 0.574159 0.378703 0.658411
0 0.822789 0.739322 0.347141 0.471916
35 0.690063 0.609439 0.076781 0.084206
0 0.794609 0.111636 0.047531 0.069439
0 0.727109 0.130514 0.034219 0.049953
0 0.686766 0.058645 0.038500 0.076589
0 0.850594 0.407862 0.114219 0.105631
0 0.623062 0.224136 0.065594 0.094860
0 0.485742 0.155993 0.024984 0.067173
0 0.350945 0.112173 0.022172 0.056075
0 0.575375 0.228224 0.048594 0.087477
0 0.980820 0.160981 0.037828 0.078037
0 0.536664 0.200958 0.043484 0.093131
