56 0.415734 0.606344 0.143750 0.172938
56 0.452531 0.489896 0.129781 0.067417
60 0.561352 0.811469 0.877297 0.377063
60 0.404789 0.431656 0.158016 0.039229
0 0.574773 0.479115 0.265797 0.507896
0 0.733984 0.416854 0.176969 0.384250
0 0.310172 0.599906 0.372781 0.430896
0 0.867234 0.480063 0.181938 0.369333
41 0.541930 0.741125 0.084516 0.143500
41 0.749922 0.652750 0.069125 0.116500
41 0.085266 0.920854 0.092344 0.108167
41 0.513094 0.943042 0.145500 0.113917
53 0.837852 0.818875 0.296891 0.151208
26 0.948141 0.345823 0.103719 0.169187
26 0.296375 0.847250 0.154719 0.202333
42 0.639797 0.596229 0.052844 0.054917
55 0.410422 0.827719 0.075031 0.077104
56 0.207250 0.390302 0.048000 0.033479
56 0.077703 0.675677 0.141906 0.353604
56 0.354992 0.538344 0.082359 0.134104
41 0.407141 0.928573 0.062344 0.111687
41 0.277602 0.951948 0.060391 0.070146
56 0.049164 0.400396 0.060797 0.023542
56 0.426367 0.395094 0.061734 0.041146
56 0.397898 0.388906 0.062328 0.040521
56 0.131398 0.425583 0.071734 0.044042
56 0.272484 0.383344 0.051750 0.028146
56 0.411414 0.448844 0.100141 0.074771
56 0.106312 0.402917 0.050406 0.034833
0 0.163500 0.190677 0.075063 0.148146
0 0.108102 0.182562 0.065547 0.168542
55 0.638391 0.734187 0.093750 0.051167
55 0.659453 0.469896 0.024469 0.023583
56 0.038953 0.482354 0.077906 0.091875
0 0.931469 0.302177 0.137063 0.393229
