20 0.506445 0.474159 0.321609 0.332570
20 0.821625 0.502255 0.326844 0.331098
20 0.235805 0.412220 0.317453 0.381636
0 0.983937 0.241133 0.031750 0.130631
0 0.949156 0.182734 0.021656 0.053785
0 0.931805 0.235607 0.035391 0.112664
0 0.423789 0.224030 0.024047 0.103388
0 0.800289 0.202336 0.020859 0.099439
0 0.753820 0.207675 0.024422 0.084276
0 0.390547 0.351484 0.027625 0.130911
0 0.588906 0.210514 0.033719 0.070234
0 0.842070 0.225047 0.023109 0.125280
0 0.958242 0.240666 0.032141 0.113481
0 0.974617 0.187815 0.029922 0.065584
0 0.663781 0.422558 0.041000 0.245911
0 0.445539 0.210514 0.018453 0.098458
