2 0.713203 0.108680 0.245094 0.129743
0 0.492664 0.514428 0.149578 0.771612
0 0.932164 0.297558 0.135672 0.379556
0 0.730688 0.238715 0.104031 0.356916
0 0.206180 0.300549 0.090328 0.365210
0 0.054828 0.282734 0.109656 0.198692
0 0.668000 0.219100 0.079656 0.298855
0 0.077930 0.153470 0.054797 0.094416
0 0.851500 0.144766 0.056781 0.204953
0 0.557227 0.155175 0.067016 0.150724
0 0.370516 0.171098 0.041219 0.072383
0 0.547586 0.233470 0.102234 0.288248
0 0.975273 0.131974 0.049453 0.192407
3 0.495617 0.561636 0.533328 0.515280
3 0.927359 0.653294 0.145281 0.381402
3 0.828047 0.475280 0.180344 0.294393
3 0.171234 0.389965 0.127188 0.186799
3 0.879172 0.307547 0.230000 0.105327
3 0.834648 0.220432 0.064516 0.125584
3 0.718539 0.290129 0.239297 0.184696
3 0.098492 0.638621 0.196984 0.413364
3 0.633297 0.356402 0.144594 0.258645
3 0.094844 0.253201 0.065719 0.095140
3 0.104781 0.462815 0.178969 0.344883
0 0.047312 0.206051 0.085125 0.191402
3 0.978414 0.421110 0.043172 0.139276
