56 0.891986 0.610023 0.171008 0.299109
56 0.734784 0.434453 0.224630 0.126469
60 0.511132 0.825719 0.957449 0.304250
60 0.868951 0.546438 0.221152 0.213625
0 0.416091 0.427180 0.619095 0.561359
13 0.744444 0.431414 0.205062 0.116672
41 0.618488 0.875281 0.094712 0.114594
41 0.098848 0.815695 0.127490 0.155609
41 0.057912 0.762695 0.071379 0.172953
42 0.529352 0.576664 0.034959 0.059234
42 0.226286 0.799687 0.140720 0.095375
44 0.673220 0.837750 0.120103 0.049625
45 0.253776 0.827461 0.191790 0.098859
55 0.647469 0.722852 0.132963 0.041172
41 0.543025 0.915734 0.145021 0.123594
41 0.785329 0.933617 0.188642 0.109141
43 0.399218 0.740945 0.253045 0.073703
60 0.107058 0.546828 0.131152 0.265094
60 0.534259 0.365328 0.095267 0.039875
56 0.602695 0.365898 0.170905 0.055953
56 0.065113 0.455531 0.046399 0.051031
56 0.565679 0.588594 0.047202 0.090406
48 0.523477 0.719391 0.117325 0.113969
