1 0.528281 0.755458 0.041594 0.186958
2 0.132016 0.688437 0.264031 0.289417
5 0.315375 0.528438 0.439937 0.475875
0 0.939625 0.691615 0.110531 0.394562
0 0.524445 0.631740 0.063234 0.285271
0 0.596547 0.652698 0.068562 0.270146
0 0.798711 0.607344 0.039609 0.138479
2 0.735781 0.579885 0.072250 0.089646
2 0.759070 0.551698 0.062734 0.102396
0 0.987609 0.633104 0.024781 0.192917
9 0.224680 0.153969 0.030922 0.043188
26 0.505289 0.605781 0.030266 0.145563
26 0.987672 0.763958 0.024656 0.102833
11 0.633023 0.261365 0.115609 0.154146
2 0.631680 0.603583 0.032734 0.105542
2 0.663906 0.598125 0.075125 0.093583
2 0.693305 0.583292 0.070891 0.076917
5 0.760469 0.543635 0.065938 0.124562
24 0.590508 0.640708 0.052172 0.090042
0 0.968562 0.549333 0.021031 0.033625
9 0.722398 0.160229 0.031234 0.046792
2 0.615102 0.611802 0.039234 0.127854
2 0.842352 0.544833 0.025078 0.045792
2 0.821969 0.537646 0.018625 0.048000
9 0.894867 0.435583 0.012203 0.020875
1 0.588047 0.750333 0.037312 0.141333
11 0.831430 0.436948 0.056172 0.065437
