9 0.268573 0.627219 0.048188 0.068437
0 0.437073 0.758852 0.120104 0.129734
26 0.479781 0.755016 0.033313 0.055063
2 0.532677 0.720625 0.168604 0.067219
2 0.722604 0.790336 0.387500 0.150703
2 0.253292 0.738914 0.140708 0.101828
2 0.192802 0.730641 0.123896 0.092594
2 0.477615 0.742164 0.196563 0.098859
2 0.396771 0.683148 0.081125 0.035391
2 0.033354 0.696008 0.035875 0.020641
2 0.943740 0.819969 0.112521 0.178625
2 0.802885 0.723727 0.259688 0.108047
2 0.446094 0.686742 0.034521 0.015484
9 0.448406 0.660578 0.016479 0.019125
9 0.226406 0.640734 0.018229 0.034469
9 0.603187 0.646453 0.012792 0.021438
9 0.460865 0.663500 0.012979 0.016969
0 0.340542 0.730633 0.114500 0.118016
9 0.362385 0.614422 0.013646 0.089406
9 0.161333 0.627258 0.022292 0.039484
