17 0.644469 0.725478 0.301844 0.360807
2 0.884492 0.704618 0.092266 0.084947
2 0.144117 0.701072 0.169078 0.110552
2 0.052672 0.684087 0.074938 0.073185
0 0.411891 0.604331 0.090906 0.185435
0 0.349227 0.615870 0.038828 0.129618
0 0.314906 0.645350 0.057719 0.188238
0 0.794047 0.670775 0.028125 0.042144
0 0.490781 0.657102 0.022094 0.045881
26 0.293336 0.649490 0.037859 0.047813
0 0.983227 0.708386 0.030953 0.178981
0 0.164570 0.667442 0.028547 0.028981
0 0.930063 0.664108 0.008875 0.012718
0 0.081922 0.662887 0.007281 0.010021
0 0.754992 0.687081 0.041797 0.071231
0 0.431781 0.585403 0.063375 0.071359
2 0.768820 0.700658 0.159359 0.131550
2 0.964813 0.700934 0.070375 0.160000
