18 0.126398 0.801594 0.033484 0.036979
18 0.437094 0.831437 0.074187 0.126875
18 0.477023 0.850167 0.032422 0.056833
18 0.567945 0.777823 0.053734 0.064313
18 0.699398 0.803677 0.055109 0.076563
18 0.749523 0.775521 0.044078 0.061125
18 0.628969 0.791802 0.036312 0.040813
18 0.116406 0.788583 0.057906 0.056417
18 0.109125 0.735813 0.027719 0.018625
18 0.561359 0.796375 0.025625 0.045042
18 0.211703 0.712896 0.014156 0.017417
18 0.868703 0.718917 0.026875 0.013750
18 0.772367 0.623781 0.009859 0.009437
