34 0.478641 0.474145 0.073188 0.073630
0 0.513789 0.607049 0.122047 0.238548
0 0.658672 0.184660 0.065219 0.217190
0 0.325328 0.650457 0.129000 0.161101
35 0.373523 0.638009 0.033109 0.033630
34 0.854469 0.162717 0.005625 0.030539
34 0.784664 0.164707 0.006109 0.016581
0 0.113617 0.204379 0.042672 0.081920
0 0.214461 0.213290 0.044234 0.058712
0 0.575984 0.234520 0.081406 0.178126
0 0.743062 0.199602 0.055406 0.158548
0 0.834945 0.196499 0.072766 0.125831
0 0.233969 0.604286 0.082250 0.205714
0 0.922602 0.190960 0.087109 0.141874
0 0.114258 0.206604 0.209797 0.089789
0 0.017383 0.012365 0.034578 0.023607
