32 0.204930 0.757892 0.023703 0.032646
2 0.372656 0.319368 0.229781 0.189227
0 0.509687 0.598478 0.168500 0.701967
0 0.876133 0.648981 0.247734 0.675621
34 0.629164 0.323794 0.161328 0.153864
35 0.804367 0.949438 0.103453 0.074145
2 0.517477 0.289778 0.058703 0.084660
24 0.083961 0.844391 0.158922 0.146066
24 0.737961 0.854485 0.085609 0.103162
2 0.852234 0.299965 0.143344 0.137354
24 0.297891 0.851897 0.263063 0.121733
24 0.575555 0.858384 0.275359 0.120656
2 0.708070 0.321183 0.157391 0.122881
