62 0.347594 0.370232 0.113781 0.126729
57 0.172711 0.913794 0.345422 0.148701
0 0.734695 0.615394 0.530609 0.319002
0 0.269227 0.627796 0.430297 0.239072
39 0.736250 0.504930 0.017656 0.100673
57 0.164414 0.700812 0.325172 0.471323
73 0.177008 0.248538 0.014641 0.068028
73 0.540219 0.133724 0.013187 0.057146
73 0.097539 0.837239 0.069922 0.077030
73 0.165211 0.036172 0.157828 0.071462
41 0.211125 0.828701 0.034844 0.036009
56 0.637023 0.507390 0.174797 0.195429
56 0.152125 0.668492 0.278438 0.278097
17 0.874445 0.152007 0.042266 0.095986
73 0.174242 0.126520 0.013766 0.072204
73 0.497961 0.118735 0.006297 0.018213
73 0.626773 0.136543 0.008391 0.053875
73 0.545922 0.440000 0.009406 0.090255
73 0.509266 0.536195 0.007625 0.077262
