7 0.735920 0.539418 0.524800 0.698196
0 0.241020 0.714829 0.080080 0.385868
0 0.183620 0.659954 0.047040 0.208265
0 0.150200 0.707820 0.071800 0.318790
36 0.283810 0.809064 0.044700 0.162922
25 0.140810 0.547500 0.111740 0.045731
25 0.046330 0.549600 0.092140 0.035502
36 0.307420 0.854281 0.098400 0.029429
0 0.614320 0.455274 0.066080 0.086530
25 0.040630 0.543858 0.081260 0.036895
14 0.331970 0.615868 0.021340 0.017534
14 0.058840 0.623676 0.012680 0.015890
14 0.037970 0.617260 0.018380 0.013288
36 0.291530 0.812683 0.064340 0.063128
