0 0.570445 0.594948 0.102766 0.147271
0 0.245672 0.289969 0.010375 0.024063
0 0.446938 0.298052 0.012406 0.026562
0 0.625758 0.306552 0.030672 0.076021
0 0.636234 0.591010 0.082594 0.161812
34 0.459492 0.473385 0.024672 0.062146
35 0.525594 0.608448 0.022750 0.025896
0 0.428891 0.216740 0.020438 0.037896
0 0.863656 0.367073 0.027875 0.039271
0 0.741297 0.484323 0.032844 0.093813
0 0.763094 0.480604 0.049906 0.105000
0 0.680422 0.457854 0.034469 0.100750
0 0.505328 0.347479 0.020313 0.032500
0 0.444766 0.558385 0.118281 0.194646
0 0.564695 0.265302 0.018547 0.032563
