0 0.110388 0.620422 0.220775 0.421844
42 0.273393 0.699352 0.318658 0.120922
54 0.349698 0.654219 0.094291 0.068375
54 0.288667 0.550406 0.072344 0.055875
54 0.376503 0.612117 0.086654 0.063891
54 0.183261 0.615875 0.053478 0.060219
54 0.269849 0.601609 0.094594 0.053062
54 0.260841 0.659281 0.097599 0.069844
42 0.289263 0.290969 0.157543 0.053812
42 0.641030 0.327930 0.034953 0.097703
54 0.630671 0.409656 0.057335 0.025594
54 0.667155 0.430461 0.050189 0.015734
0 0.357817 0.204289 0.715633 0.408578
69 0.504726 0.598953 0.990548 0.773438
