36 0.698234 0.645619 0.074094 0.058621
0 0.263437 0.412500 0.054813 0.219299
0 0.695375 0.503738 0.357094 0.365327
0 0.551734 0.395479 0.023094 0.116005
0 0.514352 0.400105 0.038328 0.135257
0 0.808711 0.412313 0.031297 0.136449
0 0.782211 0.408037 0.032047 0.131449
0 0.940023 0.381051 0.080016 0.303318
0 0.574672 0.382442 0.031281 0.116425
0 0.538125 0.398224 0.012594 0.093458
0 0.829453 0.392173 0.017531 0.058879
0 0.738391 0.369790 0.014219 0.042196
0 0.845430 0.395432 0.016328 0.060444
0 0.875688 0.391051 0.053812 0.286776
