0 0.474839 0.323430 0.177465 0.172828
45 0.899251 0.219125 0.044032 0.027437
46 0.507823 0.783133 0.124355 0.071859
46 0.514459 0.690102 0.024309 0.038078
46 0.518260 0.643289 0.041452 0.032359
46 0.543329 0.688859 0.053894 0.053938
46 0.531290 0.715227 0.023134 0.032859
46 0.452684 0.778500 0.063848 0.064531
46 0.152362 0.699742 0.044124 0.066547
47 0.845138 0.712234 0.100415 0.064438
49 0.666025 0.652859 0.016429 0.012625
49 0.878687 0.787008 0.213226 0.101359
49 0.651993 0.628523 0.024539 0.012703
49 0.615507 0.632703 0.021797 0.015063
60 0.675069 0.249000 0.576820 0.086063
0 0.762120 0.168133 0.118756 0.075297
13 0.665645 0.407164 0.528756 0.097359
41 0.718848 0.216172 0.022488 0.022406
49 0.628341 0.623484 0.024793 0.018094
49 0.657108 0.616703 0.021866 0.013750
49 0.654078 0.641438 0.027189 0.017531
49 0.634965 0.664312 0.026382 0.014906
49 0.614332 0.657852 0.025668 0.016703
49 0.721325 0.618773 0.024309 0.016297
0 0.289286 0.185273 0.105484 0.112922
26 0.558721 0.356320 0.057166 0.072234
49 0.681935 0.657461 0.020645 0.011641
49 0.640334 0.607250 0.023387 0.017813
41 0.612316 0.238453 0.027258 0.033000
46 0.292177 0.778508 0.113249 0.087609
46 0.105438 0.639742 0.128894 0.067922
46 0.082419 0.695828 0.125530 0.072344
46 0.520876 0.634320 0.125806 0.066578
46 0.506348 0.702117 0.126014 0.089547
49 0.605795 0.613836 0.017719 0.016234
