25 0.220119 0.107030 0.234866 0.080860
25 0.286761 0.029150 0.197881 0.051700
56 0.974657 0.435760 0.050687 0.111120
56 0.850761 0.217120 0.079970 0.036120
56 0.935791 0.216780 0.087164 0.032880
56 0.910567 0.180530 0.084299 0.031140
56 0.976313 0.178930 0.047373 0.028420
56 0.876836 0.250380 0.081134 0.032040
56 0.901582 0.287150 0.088896 0.033700
0 0.394134 0.555910 0.177164 0.429860
0 0.647597 0.103810 0.102955 0.207620
0 0.794493 0.368210 0.158657 0.208340
0 0.436164 0.139430 0.051731 0.080060
38 0.283403 0.446680 0.134328 0.068480
0 0.876910 0.059110 0.048985 0.027820
0 0.018881 0.104690 0.037761 0.059580
0 0.346746 0.150910 0.074149 0.045820
25 0.310284 0.073220 0.162179 0.053040
56 0.788418 0.251570 0.085731 0.030700
56 0.961791 0.250470 0.076418 0.034620
56 0.951552 0.340400 0.093791 0.073520
0 0.243507 0.264300 0.091373 0.074320
0 0.804373 0.053860 0.038716 0.021440
13 0.817761 0.417340 0.087224 0.018840
38 0.546940 0.476390 0.053642 0.039980
0 0.302313 0.164840 0.030418 0.018600
56 0.819045 0.281000 0.078209 0.025240
56 0.962433 0.147520 0.074000 0.031360
