0 0.270368 0.758856 0.041454 0.090490
0 0.611471 0.646626 0.015523 0.016422
0 0.461070 0.627312 0.006095 0.009363
0 0.739926 0.650327 0.006716 0.009575
0 0.859077 0.651928 0.011127 0.010425
37 0.494526 0.749493 0.184804 0.065033
37 0.271977 0.669158 0.016503 0.007827
0 0.274371 0.655907 0.008088 0.009363
0 0.262802 0.664289 0.016487 0.015931
0 0.249191 0.618391 0.007859 0.008284
0 0.228562 0.656127 0.008464 0.010098
0 0.431381 0.640515 0.007010 0.005899
0 0.068644 0.746381 0.039575 0.107402
0 0.505302 0.763366 0.054461 0.111373
37 0.743342 0.654297 0.023219 0.002974
37 0.855106 0.654714 0.015866 0.004886
37 0.235678 0.657533 0.013971 0.006993
37 0.248775 0.621732 0.031013 0.002451
37 0.281348 0.657418 0.011356 0.003660
37 0.621658 0.647688 0.007369 0.002206
37 0.640229 0.652884 0.011993 0.008121
37 0.107173 0.632525 0.006863 0.004493
37 0.037958 0.633407 0.013268 0.004657
