42 0.530328 0.351444 0.082000 0.247911
42 0.121797 0.340692 0.143437 0.237629
42 0.506086 0.776596 0.273547 0.093286
42 0.900414 0.516538 0.160766 0.100305
42 0.888336 0.363838 0.223328 0.112136
55 0.798047 0.856819 0.250531 0.247958
55 0.497680 0.774683 0.170453 0.239789
55 0.285695 0.526972 0.236328 0.200000
55 0.301406 0.322477 0.198937 0.177535
55 0.859180 0.572653 0.190047 0.240329
55 0.186977 0.769660 0.251297 0.244953
55 0.806937 0.206455 0.162031 0.129671
55 0.620758 0.067406 0.149578 0.125845
42 0.037172 0.529871 0.074344 0.264953
42 0.873867 0.750270 0.163172 0.089507
55 0.525859 0.368075 0.161844 0.141690
55 0.055469 0.519531 0.110937 0.171878
55 0.094812 0.337383 0.160594 0.170305
60 0.500000 0.500000 1.000000 1.000000
55 0.435859 0.190610 0.104344 0.122207
