57 0.622289 0.370880 0.099641 0.193732
57 0.466531 0.407207 0.123031 0.273005
0 0.531758 0.333697 0.094234 0.307864
0 0.395516 0.417805 0.152000 0.448474
0 0.697844 0.314354 0.141688 0.292371
0 0.811336 0.409378 0.291078 0.333779
0 0.231852 0.404484 0.182484 0.800000
67 0.690539 0.231326 0.015516 0.026643
44 0.530102 0.237629 0.019984 0.020939
45 0.542375 0.260516 0.032219 0.022582
45 0.587953 0.553685 0.043719 0.061925
63 0.392031 0.421174 0.094437 0.096854
73 0.823781 0.439225 0.108312 0.102723
0 0.482273 0.171573 0.010328 0.026901
0 0.473766 0.164143 0.007844 0.020352
0 0.508117 0.188169 0.014078 0.020469
57 0.865203 0.502077 0.265406 0.434202
