17 0.357133 0.621015 0.714266 0.736025
0 0.558617 0.403309 0.030516 0.107759
0 0.353359 0.304101 0.072031 0.215476
0 0.713617 0.486163 0.055891 0.152579
0 0.671594 0.493510 0.069875 0.174884
0 0.617188 0.453192 0.055344 0.078647
0 0.769234 0.466184 0.066344 0.206913
0 0.501031 0.415539 0.233031 0.729725
17 0.031320 0.433679 0.062641 0.265962
56 0.701719 0.525412 0.026312 0.077970
56 0.649453 0.498340 0.015000 0.018626
56 0.640617 0.493679 0.008422 0.008457
5 0.928078 0.500000 0.143844 1.000000
56 0.703383 0.540634 0.004172 0.046596
