0 0.172187 0.303454 0.341375 0.603677
41 0.834711 0.330761 0.196859 0.313607
42 0.728438 0.774859 0.209469 0.427799
42 0.438578 0.290808 0.327937 0.095667
43 0.661789 0.756710 0.178141 0.486581
46 0.356203 0.696979 0.078094 0.123841
46 0.314781 0.640609 0.069250 0.120843
46 0.375883 0.604719 0.065391 0.094262
46 0.350492 0.564543 0.073109 0.103653
46 0.378352 0.492857 0.063641 0.098970
46 0.434852 0.455761 0.075359 0.080000
26 0.120695 0.796897 0.219766 0.331358
41 0.446273 0.588162 0.116453 0.218197
42 0.692031 0.829813 0.392219 0.329649
45 0.401906 0.053091 0.135125 0.106183
60 0.524680 0.495890 0.950641 0.984286
