45 0.500844 0.493698 0.998312 0.984271
50 0.577063 0.571771 0.134125 0.160000
50 0.604953 0.804240 0.169813 0.240562
50 0.718383 0.397188 0.182672 0.227167
50 0.619484 0.244792 0.247344 0.259125
50 0.452703 0.679031 0.204281 0.245771
50 0.361766 0.538823 0.204719 0.216479
50 0.166445 0.347927 0.230484 0.386979
50 0.369703 0.296479 0.135875 0.160000
50 0.331766 0.128240 0.162344 0.176479
50 0.482648 0.117219 0.183047 0.234437
50 0.504203 0.384885 0.139844 0.150313
50 0.689492 0.071052 0.109359 0.103313
50 0.909453 0.416417 0.181094 0.428333
