39 0.134208 0.652117 0.031917 0.083578
27 0.525031 0.497617 0.088729 0.107141
27 0.231146 0.461445 0.169500 0.160047
39 0.176125 0.609234 0.035542 0.037125
56 0.401385 0.784813 0.085104 0.302875
56 0.117906 0.629055 0.083854 0.040828
40 0.227208 0.689781 0.033625 0.062281
40 0.077000 0.690414 0.040000 0.051797
40 0.313979 0.668969 0.029333 0.058406
40 0.106865 0.691344 0.033271 0.057125
40 0.026396 0.660586 0.030125 0.051141
39 0.145740 0.636875 0.017313 0.018875
60 0.192333 0.805656 0.384667 0.314438
0 0.455427 0.614609 0.641187 0.730344
40 0.010740 0.675609 0.021479 0.048531
40 0.313927 0.634586 0.028854 0.013422
40 0.235208 0.637375 0.027292 0.039438
56 0.161313 0.869141 0.243625 0.237031
