0 0.766047 0.599929 0.125594 0.470755
0 0.918977 0.572807 0.085234 0.424387
0 0.275727 0.591592 0.102922 0.505778
0 0.155320 0.582759 0.108828 0.496462
0 0.085523 0.485283 0.095672 0.348868
6 0.304453 0.651309 0.605938 0.373042
9 0.065578 0.143514 0.008031 0.028774
77 0.827539 0.651427 0.087484 0.193656
77 0.741539 0.579634 0.048234 0.132429
77 0.669297 0.620601 0.064594 0.198042
77 0.952695 0.513915 0.051016 0.154434
77 0.653023 0.530389 0.143422 0.211722
77 0.716961 0.592347 0.082078 0.173420
77 0.893141 0.523455 0.043625 0.077854
77 0.909266 0.490578 0.024563 0.037099
77 0.924438 0.508007 0.026781 0.098750
77 0.898461 0.463302 0.059797 0.064670
0 0.995031 0.556344 0.009938 0.246415
77 0.829914 0.710012 0.072641 0.129976
