67 0.279742 0.689637 0.067078 0.032248
56 0.197094 0.564567 0.050781 0.137002
56 0.222539 0.479403 0.043609 0.102084
0 0.629312 0.641019 0.741375 0.717260
0 0.495492 0.629227 0.228922 0.717845
63 0.257055 0.822459 0.262234 0.355035
63 0.330367 0.363208 0.085672 0.035504
64 0.281867 0.826792 0.069172 0.057518
73 0.336414 0.393630 0.097516 0.030258
63 0.792047 0.331628 0.076812 0.114309
73 0.274203 0.726534 0.124000 0.084122
56 0.240344 0.414133 0.034125 0.077869
56 0.819922 0.496628 0.118625 0.243279
56 0.984234 0.724450 0.031531 0.122061
56 0.075273 0.888384 0.121609 0.223232
24 0.354828 0.559204 0.095875 0.115644
24 0.561773 0.309883 0.107016 0.101218
24 0.943680 0.436756 0.112641 0.091265
26 0.049992 0.828876 0.059859 0.183326
63 0.988492 0.330878 0.023016 0.092576
