0 0.418078 0.355059 0.100219 0.103357
0 0.133430 0.451408 0.012234 0.014460
0 0.171906 0.544425 0.030000 0.062746
0 0.852375 0.397394 0.015125 0.026244
0 0.832125 0.358322 0.016938 0.025469
0 0.786484 0.370716 0.046187 0.021808
37 0.401805 0.442864 0.105234 0.094225
37 0.809562 0.420458 0.032750 0.027394
37 0.968430 0.370200 0.010984 0.018146
0 0.954250 0.368239 0.009875 0.020657
0 0.054078 0.561678 0.053719 0.043075
0 0.047227 0.453662 0.020297 0.032864
0 0.815195 0.350599 0.007109 0.018286
0 0.962875 0.393592 0.012562 0.023380
0 0.119477 0.456749 0.016203 0.009742
37 0.071836 0.461256 0.008422 0.010915
0 0.770867 0.408615 0.016109 0.026948
