2 0.295508 0.828854 0.130234 0.117583
2 0.457562 0.849438 0.086156 0.092917
2 0.723633 0.824563 0.099453 0.044208
2 0.539695 0.824812 0.032797 0.047708
2 0.393766 0.822406 0.039500 0.038604
2 0.364297 0.821542 0.015656 0.025917
4 0.329563 0.236385 0.052812 0.032521
74 0.421750 0.505229 0.085812 0.109958
9 0.286813 0.676365 0.028063 0.016438
2 0.510797 0.815771 0.021094 0.023083
9 0.516539 0.719615 0.016703 0.009771
2 0.521070 0.821396 0.011703 0.029333
9 0.228711 0.759990 0.008172 0.023479
9 0.715188 0.693208 0.017344 0.011375
9 0.190586 0.735042 0.013422 0.037708
