50 0.943150 0.287413 0.107460 0.118240
50 0.885900 0.293987 0.047600 0.050373
51 0.624100 0.647413 0.146960 0.101333
51 0.551540 0.776293 0.057600 0.096853
51 0.561370 0.623973 0.129420 0.117920
51 0.457110 0.644387 0.035060 0.168080
51 0.516680 0.640227 0.068880 0.135867
51 0.643080 0.608933 0.180920 0.109120
51 0.598180 0.764600 0.061080 0.088560
51 0.626800 0.748640 0.051600 0.064107
39 0.487060 0.138827 0.070600 0.192960
39 0.541580 0.120253 0.047480 0.224613
39 0.638030 0.148427 0.030620 0.171680
39 0.661850 0.162973 0.008300 0.134053
39 0.694790 0.159533 0.027300 0.144667
39 0.107810 0.207893 0.018020 0.062933
39 0.764490 0.172373 0.017740 0.114560
39 0.777110 0.180200 0.014180 0.095280
39 0.790650 0.174853 0.022460 0.105440
39 0.675680 0.163680 0.023400 0.131253
51 0.483170 0.627067 0.035220 0.134880
51 0.531530 0.630573 0.091460 0.152453
51 0.753960 0.724013 0.042280 0.048400
39 0.720440 0.156840 0.035800 0.149200
39 0.571830 0.130747 0.037900 0.207787
39 0.747610 0.174120 0.018580 0.105520
50 0.839870 0.317720 0.048700 0.062587
51 0.624310 0.723640 0.288780 0.267173
