39 0.716578 0.565990 0.026406 0.119104
57 0.130086 0.465271 0.221078 0.190375
56 0.413586 0.898365 0.482797 0.203271
56 0.380875 0.613198 0.134219 0.205813
56 0.478969 0.546948 0.061625 0.153562
56 0.455289 0.458094 0.136234 0.083854
56 0.603141 0.462010 0.149094 0.160521
0 0.895961 0.751635 0.208078 0.496729
41 0.586469 0.591490 0.035344 0.062354
46 0.519930 0.707260 0.074734 0.041771
46 0.499969 0.736740 0.082094 0.044604
46 0.505563 0.721552 0.078156 0.034521
63 0.726687 0.627479 0.178500 0.233375
64 0.801875 0.626750 0.044750 0.029708
41 0.616180 0.579781 0.031953 0.063896
56 0.774703 0.519958 0.156812 0.122625
56 0.401555 0.533500 0.196078 0.171167
73 0.095344 0.560781 0.042812 0.025646
73 0.129258 0.547135 0.042891 0.025479
73 0.130453 0.531062 0.044125 0.031333
45 0.507070 0.786958 0.159578 0.092250
60 0.586367 0.743365 0.568828 0.475313
