0 0.480896 0.347195 0.566292 0.617984
49 0.213677 0.729117 0.141104 0.070984
49 0.437333 0.735789 0.146125 0.075422
49 0.613135 0.789367 0.129979 0.099578
49 0.520510 0.836906 0.175979 0.107375
49 0.369198 0.867063 0.155271 0.081563
49 0.328875 0.785688 0.110042 0.067750
49 0.252094 0.800047 0.097646 0.101125
49 0.157198 0.806992 0.151896 0.105297
49 0.155844 0.702602 0.311688 0.272734
49 0.283094 0.936328 0.167937 0.122875
49 0.435646 0.934500 0.159542 0.125406
49 0.591885 0.937109 0.162229 0.125781
49 0.882146 0.646070 0.069167 0.041984
