27 0.714273 0.355423 0.023453 0.097273
56 0.825430 0.645381 0.166078 0.285391
56 0.356883 0.575930 0.174266 0.294186
56 0.130742 0.485465 0.141703 0.301290
56 0.297039 0.362727 0.081734 0.065708
0 0.209000 0.574704 0.277219 0.432918
0 0.465781 0.605127 0.355250 0.415751
0 0.708406 0.299334 0.157438 0.199556
0 0.857812 0.497061 0.260750 0.492135
0 0.134781 0.344757 0.153313 0.248288
41 0.382383 0.832748 0.077297 0.169345
41 0.459117 0.917717 0.089578 0.156575
41 0.052445 0.814810 0.104891 0.202558
41 0.577438 0.833393 0.071625 0.137484
53 0.307336 0.736670 0.501359 0.526660
41 0.989445 0.463372 0.021109 0.064038
60 0.323133 0.840359 0.646266 0.319281
60 0.065687 0.418985 0.131375 0.146047
0 0.965195 0.357548 0.069609 0.148710
0 0.016742 0.333214 0.033484 0.063848
0 0.531484 0.290423 0.072688 0.172685
0 0.815578 0.757738 0.368688 0.484524
0 0.618195 0.399123 0.255859 0.338245
41 0.088148 0.343858 0.024922 0.046321
41 0.993625 0.417622 0.012531 0.026744
41 0.050852 0.385888 0.025703 0.052748
41 0.029398 0.397252 0.028797 0.064947
56 0.871797 0.719123 0.256406 0.455708
56 0.911898 0.357262 0.108297 0.068224
60 0.309008 0.404736 0.062078 0.060634
0 0.413797 0.445307 0.153969 0.424482
41 0.012164 0.656543 0.024328 0.088985
