2 0.061838 0.485437 0.123677 0.087969
2 0.133618 0.478172 0.079274 0.068094
2 0.231370 0.463531 0.062600 0.042344
2 0.303689 0.453695 0.025082 0.032703
2 0.321850 0.443430 0.057518 0.034609
2 0.664192 0.464367 0.120937 0.054391
2 0.452283 0.440625 0.039368 0.021781
2 0.572108 0.453094 0.040281 0.032375
2 0.610222 0.461156 0.041710 0.038969
2 0.173536 0.470172 0.094098 0.057688
2 0.382670 0.447164 0.049087 0.026984
2 0.543302 0.445328 0.029883 0.023125
2 0.309379 0.448625 0.036604 0.031906
11 0.284215 0.611172 0.225293 0.164500
