2 0.354967 0.568064 0.475784 0.170735
7 0.358783 0.572541 0.475964 0.178709
0 0.614779 0.565907 0.025180 0.051650
0 0.214975 0.516021 0.019428 0.038350
60 0.694739 0.612271 0.104314 0.070686
25 0.092925 0.489036 0.068333 0.014608
25 0.215899 0.496953 0.027876 0.010507
25 0.236691 0.503170 0.019657 0.014837
25 0.257239 0.507173 0.019085 0.007974
37 0.617802 0.563995 0.029984 0.022696
0 0.957859 0.592492 0.008954 0.011846
0 0.957672 0.572443 0.013611 0.007042
0 0.816855 0.566757 0.015310 0.009853
2 0.122034 0.510833 0.049755 0.027516
37 0.552026 0.643301 0.113203 0.021275
37 0.856912 0.571708 0.018105 0.004657
37 0.952704 0.594845 0.022108 0.004951
0 0.886511 0.563554 0.007173 0.008971
0 0.344248 0.516511 0.006471 0.011487
0 0.189109 0.510319 0.007761 0.015964
25 0.269886 0.502239 0.021634 0.008203
