33 0.425344 0.408375 0.254781 0.285125
33 0.782023 0.382573 0.022141 0.023062
33 0.532125 0.276583 0.018875 0.048042
0 0.152250 0.812802 0.023781 0.090854
0 0.237195 0.808521 0.027172 0.092042
0 0.762664 0.811938 0.018578 0.099083
0 0.315016 0.803333 0.008219 0.039375
0 0.381969 0.809969 0.023906 0.076521
0 0.396469 0.807625 0.024281 0.079417
0 0.422102 0.806146 0.019797 0.084417
0 0.469141 0.807448 0.019406 0.082604
0 0.538445 0.798104 0.015953 0.044708
0 0.169125 0.806354 0.005594 0.024708
0 0.293844 0.804396 0.018937 0.064167
0 0.612406 0.807958 0.012687 0.037500
0 0.572727 0.800250 0.014797 0.050792
