1 0.239438 0.970792 0.093844 0.058417
1 0.338063 0.976104 0.096188 0.047125
1 0.552836 0.987375 0.014484 0.021458
0 0.245172 0.944083 0.055813 0.111833
0 0.340109 0.934771 0.061156 0.130458
0 0.587992 0.966729 0.046016 0.065333
0 0.635328 0.976417 0.025000 0.045000
0 0.878477 0.984948 0.027016 0.025562
0 0.949938 0.988187 0.022094 0.022167
0 0.687070 0.975719 0.026516 0.048562
33 0.290508 0.530042 0.167203 0.344250
33 0.629055 0.093781 0.097891 0.093562
33 0.813531 0.461854 0.036781 0.039250
33 0.799000 0.746667 0.062000 0.058667
33 0.881414 0.564021 0.014047 0.081583
33 0.912539 0.785271 0.024891 0.021792
33 0.722680 0.630188 0.026297 0.086875
33 0.996344 0.775448 0.007312 0.028813
33 0.763781 0.902229 0.018406 0.066625
1 0.580875 0.995271 0.017844 0.009375
33 0.874313 0.790990 0.010844 0.012063
0 0.980633 0.982948 0.037328 0.034104
