39 0.728883 0.361490 0.048984 0.148646
56 0.337547 0.575354 0.145031 0.361167
56 0.076664 0.448031 0.062016 0.229979
56 0.115883 0.623396 0.173828 0.431333
60 0.284602 0.555010 0.178078 0.361521
0 0.170039 0.399427 0.191047 0.441271
39 0.760062 0.306594 0.020375 0.050979
45 0.924438 0.437521 0.123031 0.103375
71 0.822570 0.471281 0.354859 0.072271
76 0.720305 0.475469 0.106172 0.031062
44 0.880781 0.350531 0.021750 0.042104
44 0.955031 0.238823 0.023688 0.073146
75 0.264688 0.331833 0.020813 0.060208
