39 0.129352 0.756198 0.112203 0.230937
39 0.077141 0.836271 0.084250 0.271458
39 0.664273 0.340740 0.033453 0.113146
39 0.534164 0.729333 0.049953 0.180917
39 0.620414 0.347969 0.034766 0.126521
39 0.557758 0.324094 0.038391 0.140979
39 0.786289 0.341969 0.039266 0.074021
39 0.591133 0.344896 0.039172 0.137083
42 0.234563 0.711354 0.010406 0.015375
45 0.405852 0.592365 0.183766 0.171396
45 0.122320 0.644219 0.201922 0.202896
55 0.609680 0.616812 0.260578 0.292375
55 0.402023 0.583333 0.168922 0.148667
0 0.328648 0.315729 0.364047 0.393250
39 0.531203 0.333990 0.023875 0.083979
39 0.752180 0.323458 0.033641 0.074000
41 0.255648 0.781698 0.108359 0.175313
45 0.525844 0.903000 0.283156 0.166292
0 0.058305 0.383792 0.116609 0.517083
0 0.118844 0.094844 0.068281 0.162854
0 0.264586 0.061604 0.070203 0.123208
0 0.802367 0.119375 0.074328 0.213958
0 0.830211 0.500115 0.339578 0.999771
0 0.503086 0.085396 0.035391 0.157292
0 0.474781 0.097656 0.069312 0.190354
0 0.275156 0.035656 0.097844 0.071312
0 0.163820 0.026760 0.079734 0.052188
41 0.032914 0.923365 0.065828 0.101062
41 0.122109 0.970719 0.093344 0.057438
41 0.136000 0.901813 0.077750 0.045500
41 0.135523 0.924406 0.060828 0.019813
41 0.343109 0.464635 0.050687 0.090937
44 0.256320 0.718781 0.024391 0.036146
44 0.259734 0.691708 0.017531 0.019167
44 0.215367 0.735771 0.022578 0.049542
44 0.273531 0.701896 0.017688 0.028750
44 0.232008 0.718813 0.007422 0.009083
44 0.279492 0.744833 0.012234 0.036708
44 0.227727 0.702813 0.015391 0.026458
60 0.422750 0.625188 0.841594 0.745250
0 0.103617 0.005385 0.019266 0.010771
39 0.615281 0.801656 0.050875 0.106604
41 0.134172 0.884906 0.073344 0.055896
41 0.034563 0.980010 0.069125 0.038021
41 0.137039 0.920687 0.072453 0.040458
41 0.138563 0.929802 0.070531 0.039729
41 0.133891 0.875583 0.076625 0.075792
44 0.131523 0.558375 0.056547 0.203167
44 0.244047 0.737750 0.025344 0.032125
60 0.184195 0.102583 0.104641 0.129292
