60 0.500000 0.500000 1.000000 1.000000
41 0.220302 0.893250 0.273896 0.213094
45 0.266052 0.677914 0.166062 0.124547
55 0.648604 0.456547 0.207667 0.137688
55 0.434458 0.496633 0.257667 0.206734
55 0.700604 0.348797 0.266750 0.139562
44 0.335583 0.693070 0.085167 0.023234
48 0.801562 0.606664 0.255250 0.188703
55 0.399312 0.452297 0.215750 0.106438
55 0.618865 0.306664 0.195479 0.175609
48 0.520292 0.681656 0.129083 0.150344
55 0.531656 0.229828 0.236937 0.177687
55 0.314865 0.330141 0.258854 0.168094
43 0.756125 0.191523 0.061000 0.177172
48 0.862740 0.458258 0.271021 0.187422
48 0.322583 0.322328 0.265958 0.168875
48 0.526115 0.224469 0.252979 0.203281
48 0.669396 0.647344 0.220292 0.208781
48 0.655083 0.460922 0.218375 0.129031
48 0.479521 0.612859 0.194750 0.058844
