7 0.388437 0.307436 0.653656 0.180164
0 0.652234 0.346827 0.038312 0.091639
0 0.549375 0.240995 0.049938 0.131639
46 0.065508 0.835515 0.127797 0.242178
46 0.419570 0.707728 0.055047 0.074848
46 0.129172 0.574356 0.094406 0.090445
46 0.362016 0.854145 0.026937 0.080703
46 0.299062 0.560199 0.025625 0.044426
46 0.817258 0.170468 0.026984 0.072412
46 0.354820 0.705761 0.023484 0.088993
46 0.438109 0.548489 0.050813 0.083255
46 0.489398 0.499637 0.023922 0.010468
46 0.166438 0.716101 0.100406 0.097166
46 0.241422 0.540738 0.023938 0.032763
46 0.259391 0.519016 0.068187 0.119344
0 0.977164 0.316183 0.045672 0.035504
46 0.414055 0.468911 0.018453 0.042881
