32 0.836980 0.412673 0.020320 0.031592
0 0.493990 0.550871 0.329780 0.633994
0 0.183410 0.729685 0.237540 0.419850
0 0.854570 0.343814 0.077820 0.404505
0 0.760730 0.215465 0.067620 0.192733
0 0.353610 0.131366 0.083140 0.122553
0 0.484570 0.208048 0.116300 0.069189
0 0.108500 0.854520 0.166120 0.288799
0 0.260410 0.200616 0.082940 0.108619
34 0.692460 0.489189 0.133680 0.118799
35 0.322700 0.613679 0.072160 0.097267
0 0.304190 0.123514 0.095220 0.116757
0 0.863740 0.173619 0.059840 0.130060
0 0.986210 0.161411 0.027100 0.105886
35 0.598430 0.409595 0.080140 0.112763
0 0.024220 0.404354 0.048440 0.125826
0 0.140980 0.431396 0.078320 0.143574
