0 0.147984 0.569281 0.292594 0.860521
0 0.225672 0.307823 0.186250 0.355687
0 0.785234 0.725250 0.429531 0.527958
54 0.802250 0.787646 0.101125 0.137083
0 0.820742 0.387490 0.187797 0.273146
39 0.273656 0.289573 0.006719 0.024604
39 0.335414 0.307031 0.012609 0.052521
39 0.321906 0.310323 0.009906 0.047188
41 0.237898 0.377458 0.034609 0.024875
54 0.671219 0.973688 0.082156 0.052625
60 0.571703 0.930271 0.166969 0.133208
0 0.430922 0.403521 0.165375 0.135917
39 0.263078 0.292229 0.010531 0.020417
39 0.347898 0.310969 0.010078 0.049229
39 0.406414 0.307719 0.012172 0.053604
39 0.365680 0.308771 0.011078 0.052667
39 0.387609 0.306875 0.012812 0.053333
39 0.378563 0.307167 0.012219 0.051250
39 0.305047 0.303656 0.015844 0.062062
39 0.312047 0.309323 0.010594 0.050813
39 0.356844 0.307417 0.011375 0.051500
39 0.294906 0.308052 0.007750 0.053146
