62 0.861480 0.389613 0.147040 0.221726
62 0.471160 0.214985 0.043760 0.053304
57 0.137580 0.604524 0.272280 0.482738
57 0.507250 0.917202 0.679220 0.144107
62 0.419950 0.240536 0.052740 0.086012
0 0.488520 0.412366 0.264280 0.559554
0 0.124370 0.558021 0.248740 0.213006
0 0.599510 0.336384 0.169140 0.422470
65 0.679900 0.276384 0.016200 0.013006
65 0.599290 0.290744 0.014540 0.012381
73 0.720880 0.310699 0.010480 0.067232
0 0.703710 0.755060 0.302020 0.301131
73 0.753340 0.294940 0.054880 0.032262
73 0.753380 0.327738 0.053000 0.035060
73 0.666350 0.500595 0.005860 0.044226
73 0.668680 0.496607 0.005920 0.050595
73 0.692810 0.496488 0.012220 0.055119
73 0.644860 0.461086 0.022200 0.005744
73 0.732140 0.484643 0.013080 0.050714
73 0.726820 0.326473 0.001960 0.033244
73 0.770300 0.419539 0.020520 0.037113
73 0.680840 0.501949 0.007640 0.053542
73 0.690520 0.428021 0.036400 0.030744
73 0.712790 0.502530 0.007100 0.051369
0 0.467810 0.712068 0.199220 0.490089
65 0.740630 0.521354 0.034460 0.016815
57 0.913230 0.860074 0.173540 0.275208
