25 0.691805 0.348499 0.496453 0.357819
60 0.202805 0.607603 0.084109 0.016156
0 0.775109 0.646253 0.392062 0.680281
26 0.868477 0.634136 0.210828 0.380540
0 0.339039 0.565497 0.047016 0.112289
0 0.099508 0.584060 0.079297 0.121685
0 0.122016 0.550400 0.025562 0.078769
0 0.521563 0.528542 0.027844 0.047797
13 0.200719 0.628661 0.087281 0.052095
13 0.542984 0.650324 0.110750 0.066998
13 0.063727 0.600356 0.077484 0.090907
13 0.367555 0.638672 0.081266 0.054708
0 0.164125 0.541188 0.034969 0.068337
0 0.060156 0.555302 0.025500 0.094579
