32 0.231484 0.548525 0.084781 0.127681
0 0.162836 0.307553 0.074766 0.183677
0 0.296836 0.267471 0.087047 0.111194
0 0.346789 0.113911 0.061203 0.212412
0 0.439531 0.512389 0.548469 0.853583
0 0.630750 0.117412 0.052875 0.126440
0 0.755922 0.123489 0.082469 0.239110
0 0.908609 0.334567 0.080125 0.146792
0 0.973242 0.328115 0.053516 0.137822
0 0.940164 0.259895 0.054078 0.143489
0 0.714016 0.238513 0.060969 0.274169
0 0.056930 0.193115 0.089891 0.155691
0 0.266523 0.161136 0.072422 0.208501
0 0.083586 0.294965 0.067484 0.183747
