2 0.863461 0.758200 0.094391 0.107900
2 0.713438 0.751025 0.083937 0.114950
2 0.061688 0.746550 0.022312 0.070900
5 0.372891 0.561425 0.605344 0.768550
0 0.777414 0.708150 0.017922 0.043700
0 0.699539 0.720250 0.023266 0.032050
0 0.467422 0.594250 0.036062 0.122250
0 0.447922 0.307688 0.028563 0.030175
0 0.232445 0.635813 0.033453 0.048875
0 0.105594 0.646388 0.024875 0.048625
9 0.129047 0.376875 0.035469 0.103700
9 0.092352 0.380537 0.039484 0.106475
74 0.795336 0.192337 0.014453 0.041575
74 0.758766 0.190600 0.018469 0.036400
9 0.851156 0.610575 0.015469 0.040150
9 0.057000 0.571850 0.022062 0.050500
9 0.832523 0.615450 0.014297 0.053900
0 0.878219 0.725750 0.013625 0.016850
0 0.916063 0.705887 0.027375 0.051675
0 0.276766 0.623713 0.016219 0.057475
2 0.027656 0.746950 0.055156 0.118900
7 0.973547 0.754862 0.049156 0.200275
