62 0.903030 0.688240 0.151340 0.170400
0 0.483350 0.621333 0.492660 0.733653
66 0.967930 0.791693 0.063860 0.014480
73 0.245260 0.669867 0.007920 0.092000
73 0.183230 0.816987 0.024460 0.117120
24 0.099210 0.784760 0.096100 0.228880
57 0.160560 0.942253 0.321120 0.115493
65 0.446630 0.777520 0.286500 0.382027
73 0.231270 0.824547 0.013940 0.095867
73 0.587940 0.326120 0.070600 0.016187
73 0.336160 0.496693 0.008080 0.086240
73 0.207440 0.825427 0.038000 0.098533
73 0.209840 0.673267 0.011560 0.089680
73 0.329690 0.498480 0.012700 0.085600
73 0.334750 0.492240 0.067660 0.098293
73 0.229340 0.672787 0.009720 0.083440
73 0.180640 0.674853 0.046560 0.080213
