60 0.500844 0.350448 0.998312 0.697521
0 0.888484 0.670104 0.223031 0.537083
40 0.160523 0.068437 0.121609 0.136875
40 0.597633 0.150646 0.084922 0.189250
40 0.291500 0.112844 0.113312 0.185771
41 0.225000 0.250406 0.101437 0.146021
41 0.288984 0.208969 0.094875 0.139146
41 0.487328 0.104365 0.080625 0.147854
44 0.743437 0.712990 0.028281 0.163937
0 0.129367 0.811010 0.258734 0.377979
43 0.733969 0.670031 0.018531 0.288979
43 0.833766 0.319250 0.059375 0.316708
46 0.542969 0.503917 0.332031 0.286458
0 0.540680 0.849823 0.489734 0.300354
55 0.540867 0.511448 0.307547 0.309146
