32 0.632534 0.599289 0.026650 0.024109
0 0.419815 0.547297 0.504747 0.871625
0 0.907155 0.178922 0.185690 0.220531
0 0.377062 0.206430 0.084663 0.126016
0 0.530471 0.075234 0.077071 0.117875
0 0.572921 0.055727 0.046684 0.058922
0 0.954949 0.054961 0.049360 0.049547
38 0.666145 0.626797 0.333737 0.171437
0 0.754739 0.243180 0.089916 0.076453
0 0.802365 0.090266 0.098030 0.105187
0 0.469436 0.107422 0.140791 0.194656
0 0.711456 0.078312 0.032980 0.037156
0 0.766810 0.170375 0.163485 0.235969
0 0.636288 0.139547 0.144226 0.279094
0 0.871204 0.057961 0.039175 0.051297
