18 0.405305 0.630510 0.049703 0.041188
18 0.530930 0.666948 0.040297 0.046938
18 0.645703 0.564479 0.031500 0.018542
18 0.597961 0.553323 0.035672 0.033354
18 0.809867 0.443646 0.030578 0.028708
18 0.798562 0.432542 0.040844 0.025542
18 0.613531 0.414865 0.030594 0.032813
18 0.869664 0.421135 0.035484 0.030104
18 0.656797 0.579115 0.046219 0.038854
18 0.486859 0.612094 0.034906 0.025604
0 0.638891 0.864958 0.052844 0.115417
18 0.343469 0.646885 0.046781 0.035229
18 0.480891 0.726677 0.050187 0.045271
18 0.470984 0.678479 0.039344 0.047833
