56 0.275031 0.504508 0.048781 0.191444
56 0.031563 0.604770 0.063125 0.060377
60 0.471398 0.694623 0.614578 0.610753
0 0.799859 0.394142 0.304469 0.301799
0 0.786227 0.748013 0.376797 0.473096
42 0.593797 0.694812 0.026906 0.054059
42 0.423500 0.424843 0.056063 0.097594
55 0.502141 0.627510 0.376063 0.295816
0 0.177039 0.511276 0.247109 0.518536
42 0.325156 0.669916 0.050719 0.020167
42 0.666828 0.450387 0.023719 0.024289
24 0.513047 0.182029 0.148156 0.277238
24 0.608383 0.381977 0.113297 0.100900
0 0.388891 0.381172 0.199844 0.380418
