0 0.367207 0.473922 0.392347 0.796875
0 0.252923 0.453883 0.072230 0.176266
0 0.832371 0.741836 0.334836 0.227297
0 0.944906 0.732805 0.110188 0.153266
0 0.975857 0.651680 0.048286 0.049422
24 0.548920 0.833562 0.224413 0.066312
39 0.694366 0.834070 0.040329 0.059453
39 0.729284 0.835453 0.035610 0.055281
0 0.200540 0.636945 0.207136 0.477391
0 0.045411 0.677711 0.090822 0.430359
39 0.164202 0.851359 0.035822 0.050844
39 0.426397 0.814258 0.030775 0.082922
13 0.573991 0.669625 0.229718 0.091000
0 0.052793 0.453742 0.105587 0.196047
29 0.405059 0.232523 0.151901 0.101109
