2 0.633031 0.194094 0.187812 0.083146
2 0.781336 0.205302 0.131016 0.056521
2 0.961711 0.214062 0.076516 0.063292
2 0.923750 0.177281 0.078063 0.018104
2 0.286688 0.176594 0.110906 0.071854
2 0.218055 0.157500 0.087953 0.061000
7 0.061383 0.120094 0.121922 0.123312
13 0.445789 0.238948 0.136516 0.105604
37 0.225773 0.473375 0.288297 0.088042
37 0.333820 0.506417 0.220516 0.139875
37 0.686117 0.518875 0.198922 0.140667
37 0.797766 0.491021 0.280500 0.114375
7 0.922148 0.177469 0.080266 0.019104
10 0.015531 0.182344 0.021156 0.046229
0 0.513648 0.323417 0.096078 0.236625
2 0.506094 0.175240 0.083719 0.047104
2 0.398859 0.170135 0.054469 0.040688
2 0.740172 0.177844 0.088094 0.028187
37 0.532797 0.538958 0.126625 0.163625
