15 0.731516 0.379760 0.071125 0.072438
57 0.653227 0.540865 0.409672 0.397854
58 0.577078 0.330698 0.064594 0.043312
65 0.343609 0.743021 0.041625 0.059375
43 0.487961 0.678333 0.084297 0.044708
56 0.890898 0.456000 0.056141 0.220708
58 0.448742 0.395031 0.028484 0.057937
58 0.805266 0.288177 0.034187 0.052604
75 0.641125 0.158146 0.013719 0.043000
75 0.523523 0.272448 0.013734 0.052229
58 0.808664 0.373594 0.076328 0.054354
58 0.888602 0.295146 0.036922 0.061875
75 0.089117 0.217062 0.041703 0.071375
75 0.662664 0.214229 0.026359 0.045625
73 0.400984 0.756615 0.060469 0.044062
57 0.236109 0.594646 0.472219 0.503708
