2 0.376437 0.349495 0.291906 0.243826
2 0.121906 0.378087 0.183969 0.287629
35 0.793984 0.487512 0.072844 0.062723
0 0.437242 0.390352 0.096453 0.392441
0 0.347023 0.489894 0.113672 0.292136
0 0.737422 0.306749 0.032906 0.271901
13 0.543742 0.479437 0.147078 0.116338
32 0.796039 0.488040 0.016172 0.018568
35 0.021383 0.375845 0.042766 0.057981
35 0.343664 0.511749 0.032078 0.039272
34 0.540602 0.526162 0.015578 0.217676
34 0.151156 0.522113 0.016938 0.232770
0 0.051141 0.439272 0.100125 0.417887
0 0.695469 0.449249 0.240187 0.434977
0 0.803984 0.420223 0.103219 0.413498
0 0.957422 0.398369 0.085156 0.465704
0 0.236789 0.487793 0.104828 0.303239
0 0.158664 0.484096 0.092266 0.316502
0 0.940023 0.355176 0.039422 0.353122
0 0.477617 0.472430 0.033828 0.225423
