16 0.740745 0.814602 0.332714 0.327453
33 0.700394 0.247188 0.057739 0.025844
33 0.834715 0.192672 0.028961 0.015219
33 0.959179 0.133031 0.052764 0.022469
24 0.534757 0.521594 0.148610 0.209094
0 0.581750 0.632656 0.188157 0.577844
0 0.443978 0.605195 0.139347 0.437234
0 0.519389 0.405414 0.081960 0.122703
0 0.828375 0.449398 0.065260 0.169453
0 0.803216 0.437078 0.036449 0.164594
16 0.279640 0.398313 0.012111 0.008188
33 0.556223 0.117586 0.006449 0.004859
0 0.774347 0.387008 0.009598 0.023578
0 0.320745 0.388344 0.013350 0.027125
0 0.300988 0.387453 0.010955 0.026344
0 0.196809 0.389062 0.008760 0.021219
0 0.788585 0.389055 0.010201 0.021734
0 0.158786 0.390336 0.007956 0.022297
