40 0.546453 0.300677 0.160469 0.513521
40 0.359797 0.296167 0.162156 0.506750
40 0.180336 0.311240 0.195516 0.519104
40 0.736906 0.287302 0.197625 0.511104
43 0.484063 0.755250 0.189594 0.333333
43 0.946313 0.625500 0.104031 0.239375
47 0.239047 0.700865 0.254250 0.215063
41 0.883227 0.298969 0.200297 0.417938
41 0.967695 0.253562 0.064609 0.332583
42 0.916977 0.703687 0.166047 0.376625
41 0.264836 0.168146 0.120766 0.336292
41 0.807977 0.271896 0.068047 0.215833
45 0.838766 0.785583 0.260844 0.262542
60 0.530844 0.577927 0.933125 0.818188
