57 0.524021 0.766820 0.531583 0.466109
0 0.812740 0.600414 0.217354 0.475516
62 0.258073 0.487898 0.175271 0.111016
73 0.333062 0.389836 0.015333 0.004109
73 0.337635 0.412133 0.014063 0.030922
73 0.355146 0.439578 0.009625 0.024094
73 0.358687 0.467578 0.013583 0.022719
56 0.420740 0.571102 0.126854 0.105984
56 0.472813 0.518383 0.093083 0.065891
56 0.545854 0.601367 0.179833 0.154234
56 0.172281 0.914609 0.344562 0.170781
73 0.403479 0.519961 0.006042 0.020984
73 0.428990 0.513867 0.007312 0.018578
73 0.427208 0.487453 0.011792 0.018375
73 0.426729 0.462555 0.009500 0.020516
73 0.383990 0.439031 0.015604 0.020469
56 0.705521 0.563680 0.134833 0.071578
65 0.319760 0.659406 0.071479 0.025562
73 0.375604 0.439555 0.013792 0.022641
73 0.385750 0.468430 0.012292 0.019234
73 0.363729 0.495172 0.007292 0.021594
73 0.394323 0.494055 0.006396 0.017547
