60 0.501484 0.493271 0.995844 0.986542
42 0.743539 0.285750 0.512922 0.423167
43 0.679586 0.114323 0.382859 0.098062
43 0.944320 0.516229 0.111359 0.069250
45 0.972750 0.108990 0.054500 0.150562
51 0.547531 0.600938 0.073938 0.075125
51 0.398781 0.583677 0.065344 0.057521
51 0.150234 0.473146 0.059875 0.042333
51 0.118234 0.648240 0.074125 0.101187
53 0.342211 0.557177 0.630609 0.674896
51 0.497203 0.347135 0.065219 0.051896
51 0.243508 0.444156 0.066234 0.072729
51 0.203383 0.745677 0.069141 0.078354
51 0.402227 0.427635 0.064078 0.076104
51 0.539555 0.467156 0.078422 0.034063
51 0.379797 0.300281 0.054125 0.059521
0 0.205672 0.067792 0.221500 0.131125
51 0.170414 0.398292 0.059859 0.063417
