56 0.246461 0.340888 0.153297 0.341589
60 0.161555 0.056180 0.314078 0.076425
0 0.526414 0.416671 0.423234 0.768014
0 0.299055 0.606671 0.418047 0.723201
45 0.952461 0.562687 0.095078 0.079206
65 0.664844 0.717231 0.053094 0.042593
73 0.936281 0.396682 0.023875 0.150327
73 0.954570 0.029019 0.011234 0.058037
73 0.896711 0.383002 0.037109 0.178762
73 0.940820 0.409159 0.023828 0.140140
73 0.959508 0.404334 0.015453 0.139883
73 0.905156 0.030047 0.015719 0.057757
73 0.930984 0.392582 0.030062 0.161565
65 0.333516 0.520140 0.046437 0.186822
65 0.386961 0.547313 0.042734 0.103879
73 0.914797 0.390082 0.027437 0.165444
65 0.971602 0.940771 0.056797 0.075327
65 0.704148 0.742734 0.042422 0.032757
73 0.909336 0.197278 0.027172 0.121893
73 0.952570 0.183914 0.021078 0.138575
73 0.971734 0.187313 0.016813 0.134766
73 0.912680 0.380736 0.039516 0.183949
15 0.219336 0.124544 0.195828 0.182033
73 0.939805 0.183388 0.024078 0.134346
