9 0.571195 0.364448 0.041422 0.075312
9 0.942828 0.248865 0.029937 0.083187
0 0.375320 0.673250 0.046734 0.117000
0 0.100773 0.681031 0.019922 0.072854
0 0.055375 0.666271 0.027156 0.119375
0 0.739711 0.658469 0.027609 0.085812
0 0.916578 0.637354 0.027094 0.053417
0 0.846227 0.630219 0.015484 0.046479
0 0.886852 0.647365 0.020234 0.063604
0 0.072305 0.677813 0.015172 0.068875
26 0.383992 0.676979 0.013734 0.023750
26 0.045578 0.644760 0.017406 0.041813
2 0.985258 0.670177 0.029484 0.077271
9 0.916344 0.254917 0.030187 0.080500
9 0.589156 0.550687 0.054031 0.052500
25 0.885242 0.583187 0.064859 0.026458
0 0.824016 0.640188 0.009625 0.026542
0 0.952508 0.632719 0.017297 0.029313
25 0.828477 0.585927 0.030516 0.019813
0 0.109227 0.652250 0.032109 0.080708
0 0.931266 0.643427 0.022219 0.063354
0 0.861148 0.629021 0.017953 0.041875
