58 0.592469 0.532750 0.105656 0.106344
58 0.660742 0.491695 0.168359 0.192141
60 0.530375 0.754961 0.373844 0.376172
39 0.952695 0.503727 0.012516 0.050672
39 0.211539 0.507836 0.017422 0.050328
56 0.674664 0.751758 0.265078 0.323766
56 0.483148 0.735953 0.211234 0.325844
45 0.096719 0.325430 0.043906 0.031359
69 0.305617 0.639328 0.080891 0.200000
73 0.935453 0.613867 0.020500 0.066359
73 0.927523 0.611469 0.020797 0.060156
73 0.950172 0.612648 0.011625 0.056141
73 0.896312 0.614422 0.046375 0.049688
75 0.675055 0.557711 0.059641 0.060453
44 0.102531 0.463227 0.017938 0.027141
44 0.094289 0.463352 0.017203 0.025703
44 0.119391 0.465500 0.016844 0.021594
45 0.066984 0.634992 0.058531 0.037672
56 0.547422 0.560625 0.058844 0.025469
56 0.601430 0.678797 0.133203 0.047406
75 0.627945 0.550102 0.039172 0.065828
56 0.784938 0.705391 0.080219 0.256031
56 0.551945 0.643359 0.184422 0.155844
75 0.595562 0.550781 0.038750 0.067500
