39 0.387000 0.590751 0.018625 0.116742
39 0.920586 0.622224 0.030047 0.159858
0 0.152117 0.501346 0.225078 0.977592
0 0.592555 0.618244 0.213672 0.738754
39 0.969742 0.606997 0.060266 0.185269
55 0.691008 0.921346 0.145016 0.134816
55 0.950484 0.697266 0.086844 0.103258
69 0.366258 0.861799 0.174766 0.253909
71 0.307336 0.646317 0.139234 0.082720
73 0.820531 0.658428 0.158656 0.184278
75 0.344922 0.556445 0.028844 0.093796
41 0.719492 0.733697 0.033109 0.062068
43 0.468125 0.602365 0.112875 0.168470
45 0.789578 0.782507 0.134344 0.080992
45 0.943086 0.833980 0.111891 0.120085
45 0.968391 0.934901 0.063219 0.130198
