47 0.720602 0.741565 0.256984 0.350561
47 0.181148 0.471916 0.193359 0.258318
47 0.327578 0.506028 0.148063 0.211075
47 0.295305 0.749439 0.238953 0.249439
47 0.526117 0.528084 0.192109 0.247430
47 0.722102 0.481647 0.187859 0.226986
47 0.660859 0.340374 0.164219 0.221028
47 0.510203 0.698493 0.193875 0.211238
47 0.139008 0.724346 0.193859 0.298879
47 0.480898 0.419848 0.195359 0.242687
47 0.913273 0.672348 0.173453 0.289883
47 0.201773 0.255129 0.146234 0.164322
47 0.361070 0.228984 0.121859 0.174322
