49 0.204780 0.487640 0.321920 0.404507
49 0.859770 0.552520 0.257020 0.333947
49 0.682580 0.179773 0.225840 0.260667
49 0.814050 0.088773 0.208980 0.168533
49 0.059310 0.529373 0.117700 0.356773
49 0.090170 0.877160 0.176980 0.204507
49 0.480890 0.787867 0.204020 0.336800
49 0.494910 0.323707 0.214060 0.277547
49 0.690030 0.777920 0.251700 0.366080
49 0.700850 0.427107 0.225940 0.345093
49 0.899220 0.364587 0.201560 0.304907
49 0.526160 0.563560 0.215120 0.227387
49 0.471120 0.135827 0.177840 0.219973
