16 0.445391 0.567467 0.069437 0.125808
62 0.913859 0.247817 0.171344 0.484279
57 0.123125 0.345699 0.246250 0.596463
56 0.914758 0.843013 0.170484 0.184934
56 0.852016 0.949017 0.099812 0.101965
57 0.360945 0.713952 0.428984 0.376769
0 0.521711 0.683788 0.178234 0.428843
60 0.940820 0.906539 0.118359 0.162162
16 0.287578 0.719640 0.103469 0.066965
63 0.434977 0.041834 0.071203 0.045415
65 0.111328 0.534301 0.040813 0.054541
45 0.334375 0.385306 0.046656 0.070000
60 0.412648 0.355841 0.215609 0.348057
