17 0.268547 0.691396 0.366125 0.617208
0 0.543906 0.486354 0.133094 0.174958
0 0.605453 0.440125 0.028500 0.061750
0 0.624422 0.455167 0.025469 0.058792
0 0.680125 0.444094 0.045937 0.068187
2 0.911492 0.512000 0.041734 0.049000
7 0.809313 0.515302 0.121063 0.114146
58 0.761875 0.222833 0.033687 0.040042
58 0.699922 0.174531 0.051094 0.055688
0 0.515266 0.450615 0.024906 0.041646
2 0.944898 0.500844 0.042859 0.036604
2 0.741281 0.550365 0.068062 0.110396
7 0.853156 0.497500 0.089563 0.109458
58 0.731133 0.207104 0.028578 0.041292
58 0.741578 0.209396 0.022500 0.042417
0 0.664453 0.522708 0.045937 0.154167
0 0.967734 0.483615 0.025844 0.053229
