67 0.549272 0.182984 0.058404 0.028687
24 0.342829 0.530789 0.066784 0.242328
24 0.336737 0.382844 0.036291 0.032031
24 0.576045 0.401633 0.038991 0.036016
0 0.476021 0.523594 0.276831 0.723594
0 0.109800 0.486227 0.127207 0.258172
67 0.877582 0.401125 0.010329 0.006875
67 0.133415 0.415367 0.015423 0.009266
0 0.857383 0.448344 0.110023 0.196594
0 0.802641 0.399680 0.029789 0.059672
0 0.568685 0.413336 0.051831 0.090672
0 0.175810 0.438742 0.080822 0.144766
0 0.019660 0.445711 0.039319 0.190703
0 0.336291 0.401000 0.051455 0.094469
0 0.988404 0.412453 0.017981 0.055063
0 0.307559 0.401234 0.026103 0.086344
0 0.286937 0.402633 0.030305 0.085672
0 0.269636 0.405305 0.018850 0.071703
0 0.738885 0.415594 0.055657 0.077969
