56 0.279672 0.761281 0.175457 0.114750
56 0.512494 0.791367 0.131077 0.112109
56 0.940023 0.761883 0.118267 0.097016
0 0.505632 0.721109 0.137354 0.114219
28 0.345714 0.791883 0.118970 0.120672
0 0.134251 0.574461 0.019789 0.045234
14 0.428806 0.659938 0.015785 0.012156
14 0.753817 0.619023 0.017611 0.008109
14 0.724883 0.616461 0.009532 0.007891
14 0.890047 0.623109 0.009742 0.008063
14 0.848326 0.613281 0.006909 0.006406
14 0.932635 0.619703 0.009438 0.005750
14 0.573782 0.692727 0.016511 0.005391
14 0.654426 0.626188 0.009696 0.006750
14 0.943981 0.680219 0.014754 0.011187
14 0.970515 0.613984 0.009321 0.007687
14 0.888080 0.614062 0.006838 0.004719
14 0.300691 0.654344 0.018618 0.009437
14 0.996581 0.613656 0.006604 0.005812
