56 0.642979 0.515578 0.095500 0.123250
56 0.541167 0.540383 0.112208 0.147828
40 0.354958 0.827961 0.089500 0.268453
40 0.224542 0.845328 0.126500 0.225125
40 0.822896 0.816008 0.125458 0.219984
43 0.095979 0.898555 0.191875 0.040016
55 0.393063 0.811523 0.278708 0.149734
60 0.574042 0.514875 0.085333 0.107844
0 0.254250 0.477141 0.500542 0.721812
0 0.656615 0.664078 0.600938 0.340156
0 0.818500 0.441063 0.095417 0.113906
0 0.585323 0.436773 0.052646 0.055484
0 0.748854 0.434453 0.048542 0.043938
41 0.723042 0.835805 0.090042 0.164797
43 0.937031 0.880484 0.125938 0.028813
56 0.729604 0.490242 0.071542 0.072797
56 0.507854 0.475453 0.048125 0.040250
56 0.988729 0.472961 0.022542 0.076297
56 0.055448 0.762523 0.105271 0.217859
60 0.591812 0.795586 0.131417 0.120922
0 0.857052 0.406789 0.028729 0.041141
0 0.980146 0.451289 0.039708 0.122141
0 0.695781 0.446602 0.072979 0.071328
0 0.630156 0.452844 0.085104 0.093781
56 0.554167 0.560250 0.054250 0.068625
60 0.501396 0.847539 0.992000 0.297672
60 0.465740 0.511664 0.142021 0.013391
43 0.876615 0.894859 0.141979 0.049062
56 0.938469 0.617055 0.123063 0.222203
