2 0.604850 0.767480 0.078580 0.068773
3 0.569470 0.862400 0.012100 0.057973
3 0.473020 0.823827 0.018400 0.049040
3 0.384080 0.695373 0.018440 0.034427
2 0.859590 0.762387 0.074500 0.090427
2 0.534130 0.771693 0.058300 0.038853
2 0.541440 0.709920 0.056640 0.061013
0 0.467850 0.790107 0.023180 0.051413
9 0.236220 0.720493 0.097600 0.049147
9 0.042040 0.716227 0.042040 0.043227
2 0.477720 0.725520 0.070320 0.082507
2 0.425740 0.683000 0.048680 0.059493
2 0.470650 0.651120 0.048820 0.056960
2 0.411110 0.596560 0.035660 0.049280
2 0.363020 0.585933 0.036360 0.039547
2 0.344350 0.568907 0.024420 0.028693
2 0.679860 0.844627 0.127360 0.115013
2 0.928250 0.804893 0.105060 0.090747
2 0.853490 0.809720 0.044940 0.040720
