56 0.757307 0.718660 0.485387 0.329880
60 0.614067 0.513860 0.771867 0.094600
75 0.410893 0.745500 0.207547 0.443280
39 0.225413 0.083660 0.082933 0.064840
39 0.218027 0.142730 0.058987 0.047380
39 0.219533 0.204330 0.064347 0.048260
39 0.221120 0.268480 0.060533 0.043920
39 0.287493 0.294800 0.045653 0.111840
39 0.814853 0.273220 0.052267 0.034480
56 0.921747 0.474140 0.156507 0.075520
56 0.163067 0.542890 0.173920 0.174620
56 0.092360 0.603670 0.181200 0.067500
58 0.738533 0.165700 0.147040 0.290840
58 0.594413 0.222640 0.108187 0.154720
75 0.582627 0.450120 0.052240 0.111640
39 0.213293 0.023040 0.056293 0.046080
39 0.859373 0.274110 0.039813 0.032460
56 0.904933 0.569430 0.189120 0.124460
60 0.500440 0.805190 0.993947 0.389620
