2 0.133211 0.548122 0.059203 0.077183
5 0.178687 0.498228 0.252062 0.155000
0 0.111133 0.642054 0.055141 0.239789
0 0.731023 0.615329 0.059984 0.154601
3 0.270930 0.771784 0.225984 0.242347
3 0.725664 0.664707 0.121516 0.113263
3 0.621078 0.646033 0.104375 0.116808
3 0.436141 0.704765 0.199594 0.140892
3 0.119203 0.685364 0.113688 0.147347
3 0.050141 0.624624 0.070281 0.106808
0 0.275820 0.578967 0.048547 0.133146
0 0.443102 0.644507 0.100734 0.217324
0 0.556133 0.610939 0.043891 0.155681
0 0.629742 0.602688 0.059234 0.148146
0 0.703586 0.567136 0.020328 0.065446
3 0.308570 0.629965 0.069547 0.139554
9 0.981586 0.329225 0.028016 0.096244
0 0.049766 0.587629 0.035656 0.163897
0 0.337570 0.556197 0.028641 0.083568
0 0.982406 0.585833 0.023781 0.078052
0 0.589891 0.554120 0.020563 0.060681
0 0.905258 0.625763 0.044672 0.159742
3 0.545977 0.628932 0.092453 0.108944
3 0.685305 0.619988 0.040641 0.070399
0 0.466398 0.547782 0.039641 0.064953
3 0.892789 0.687218 0.054359 0.105000
