62 0.748823 0.220539 0.502354 0.314547
15 0.387844 0.627023 0.325188 0.434016
73 0.213417 0.328797 0.039625 0.076969
73 0.187448 0.330523 0.016813 0.073984
73 0.292469 0.187055 0.021854 0.106547
73 0.261354 0.183344 0.041333 0.102031
73 0.141708 0.326859 0.024958 0.074875
73 0.280062 0.337641 0.030417 0.077563
73 0.253271 0.336141 0.020292 0.072156
73 0.245385 0.334523 0.035521 0.074516
73 0.175750 0.329797 0.027917 0.076469
73 0.228417 0.045961 0.031917 0.078141
73 0.204062 0.039711 0.035375 0.079422
73 0.257396 0.046367 0.041833 0.084078
