17 0.457258 0.730104 0.559672 0.518292
17 0.721773 0.453760 0.459672 0.451604
17 0.143453 0.417448 0.239937 0.409396
0 0.782320 0.170635 0.056016 0.147854
0 0.271195 0.164875 0.077922 0.107167
0 0.687375 0.277646 0.119719 0.357667
0 0.453281 0.546479 0.168031 0.443708
0 0.520055 0.160396 0.043828 0.092917
0 0.504898 0.280844 0.088797 0.233479
0 0.195195 0.169250 0.041641 0.110125
0 0.417711 0.164469 0.048547 0.089396
0 0.411477 0.312563 0.136453 0.209917
0 0.229102 0.121083 0.044891 0.189667
0 0.315664 0.318896 0.070922 0.181625
26 0.556867 0.192635 0.020984 0.051813
0 0.367047 0.071063 0.072281 0.142125
