32 0.876758 0.493740 0.027922 0.036646
0 0.588930 0.602000 0.295297 0.644292
0 0.199719 0.753250 0.355625 0.460667
0 0.117352 0.120510 0.043984 0.068729
0 0.088367 0.134083 0.040547 0.048542
0 0.041836 0.124490 0.061766 0.077729
0 0.230813 0.024781 0.037750 0.049562
34 0.800414 0.551406 0.211328 0.051729
35 0.347242 0.704604 0.057391 0.128083
0 0.900000 0.017792 0.033719 0.035583
0 0.916844 0.018177 0.023312 0.036354
0 0.857594 0.025906 0.030437 0.030646
0 0.941320 0.017677 0.038453 0.035354
0 0.013562 0.126865 0.027125 0.098188
