2 0.854695 0.351615 0.041109 0.024479
8 0.562992 0.347990 0.267172 0.106396
0 0.755055 0.502250 0.070797 0.298875
5 0.122219 0.326437 0.096750 0.124000
0 0.806359 0.632219 0.080219 0.243021
5 0.248914 0.306302 0.168922 0.083896
5 0.036578 0.324063 0.073156 0.111125
33 0.641672 0.699875 0.208094 0.088625
2 0.950898 0.352188 0.020047 0.027333
6 0.243711 0.293583 0.157797 0.061708
2 0.985078 0.350802 0.029844 0.029313
7 0.862648 0.309906 0.052297 0.036062
7 0.980289 0.350521 0.021891 0.034542
6 0.045344 0.302250 0.090688 0.065667
7 0.947734 0.333885 0.061594 0.062771
33 0.215867 0.593729 0.055359 0.020167
