0 0.640063 0.526016 0.181250 0.293406
0 0.428583 0.499109 0.189292 0.207437
0 0.079208 0.705445 0.152500 0.589109
0 0.312521 0.470141 0.048250 0.158469
0 0.650990 0.403367 0.086979 0.067984
0 0.835688 0.471687 0.060042 0.144562
24 0.756094 0.747203 0.308979 0.228781
24 0.703333 0.442172 0.094000 0.070500
26 0.074635 0.618195 0.149271 0.230016
26 0.753760 0.757445 0.317604 0.217984
28 0.949469 0.605859 0.101062 0.106125
28 0.532333 0.619867 0.209458 0.067328
0 0.914177 0.459523 0.072104 0.051641
0 0.352719 0.425906 0.043146 0.080469
0 0.876531 0.527742 0.123854 0.103828
0 0.507177 0.400750 0.036896 0.030656
0 0.574063 0.503828 0.186000 0.179750
0 0.971760 0.456844 0.056479 0.117625
28 0.349167 0.756344 0.122375 0.165750
28 0.757208 0.538383 0.042208 0.046359
28 0.330823 0.600398 0.042646 0.045266
28 0.364292 0.480453 0.040958 0.037250
0 0.336313 0.406867 0.059958 0.063328
