0 0.060703 0.460531 0.045031 0.165146
0 0.258391 0.888469 0.161062 0.219438
0 0.542609 0.893604 0.133750 0.191875
0 0.645750 0.946271 0.117750 0.107458
0 0.884062 0.902802 0.121656 0.193437
0 0.197187 0.471708 0.044938 0.064375
0 0.923891 0.445792 0.051062 0.069375
20 0.259094 0.352760 0.170906 0.115771
20 0.488883 0.320510 0.140109 0.144771
20 0.462836 0.740990 0.239859 0.439188
20 0.472727 0.108031 0.105641 0.110521
24 0.551898 0.954906 0.061953 0.090188
20 0.499922 0.427302 0.092375 0.061896
20 0.960148 0.529448 0.079703 0.181271
20 0.080172 0.244938 0.143562 0.107417
20 0.096828 0.186625 0.125156 0.107500
20 0.254883 0.239615 0.157234 0.090937
20 0.664852 0.253010 0.060641 0.162312
20 0.291094 0.117698 0.059375 0.078771
20 0.291070 0.049781 0.064078 0.082312
0 0.433883 0.964500 0.094234 0.071000
0 0.082922 0.886771 0.165844 0.226208
0 0.962992 0.948000 0.074016 0.101583
20 0.612117 0.194135 0.056422 0.132771
