34 0.350547 0.404871 0.048656 0.057518
35 0.898125 0.484180 0.085250 0.134871
0 0.468531 0.538197 0.493281 0.887635
0 0.160703 0.251569 0.092000 0.265386
0 0.853367 0.360316 0.080703 0.086674
0 0.500984 0.069473 0.087438 0.138899
0 0.775891 0.738197 0.142437 0.397752
0 0.832312 0.136241 0.113062 0.154590
0 0.060859 0.168911 0.106688 0.144145
0 0.919570 0.299672 0.096578 0.176066
0 0.925992 0.740492 0.148016 0.384684
0 0.747422 0.276546 0.135500 0.236511
0 0.661484 0.689965 0.078469 0.293044
0 0.326969 0.757225 0.109219 0.351686
32 0.228977 0.418782 0.033234 0.045386
0 0.227000 0.762424 0.145469 0.343911
13 0.235289 0.882377 0.252797 0.083583
