41 0.819950 0.643973 0.220780 0.388747
42 0.714930 0.874813 0.178580 0.250373
43 0.758500 0.899973 0.159400 0.200053
53 0.347190 0.771907 0.498860 0.280880
8 0.371600 0.203987 0.036440 0.015547
8 0.231650 0.201160 0.036660 0.018800
8 0.080910 0.210307 0.018100 0.009733
8 0.587730 0.179027 0.024140 0.052667
8 0.556360 0.204827 0.014320 0.011787
8 0.748270 0.181507 0.023940 0.068240
8 0.810980 0.183240 0.016200 0.058640
8 0.624830 0.203053 0.027980 0.010960
8 0.184470 0.196987 0.005940 0.019787
8 0.917590 0.189373 0.016660 0.069147
8 0.482420 0.164093 0.034480 0.099067
8 0.205490 0.205787 0.016340 0.013227
60 0.500000 0.752560 1.000000 0.494880
8 0.456110 0.165240 0.025540 0.083333
