49 0.891961 0.559824 0.159047 0.199836
49 0.523102 0.558290 0.014766 0.024028
49 0.500500 0.564227 0.016688 0.024988
46 0.489516 0.283595 0.050031 0.079836
46 0.617391 0.231405 0.052125 0.105059
46 0.732297 0.197857 0.060344 0.096370
46 0.850719 0.205316 0.085250 0.162623
46 0.919719 0.210105 0.079063 0.198431
46 0.724320 0.747225 0.069109 0.094309
46 0.799508 0.198080 0.088578 0.127213
46 0.777922 0.807541 0.096625 0.102061
46 0.678828 0.229731 0.059313 0.122553
46 0.751102 0.300293 0.031266 0.110796
46 0.851047 0.767810 0.031438 0.101288
46 0.605258 0.510831 0.055484 0.061522
47 0.535492 0.807190 0.025547 0.042576
47 0.525750 0.836604 0.079563 0.099391
47 0.583656 0.754368 0.087563 0.100585
47 0.539070 0.727471 0.055859 0.087728
47 0.623563 0.583595 0.095875 0.102740
49 0.443305 0.768513 0.023391 0.033700
49 0.457875 0.750867 0.023969 0.034941
49 0.458680 0.711241 0.020797 0.034754
49 0.466656 0.790351 0.020813 0.032834
49 0.438469 0.796944 0.024781 0.030796
49 0.466953 0.817869 0.023594 0.024309
49 0.486937 0.778712 0.022937 0.025293
49 0.481867 0.759473 0.021578 0.026534
49 0.470039 0.722951 0.022891 0.054239
46 0.836984 0.773560 0.032031 0.090117
47 0.679570 0.422412 0.016766 0.020328
47 0.661984 0.418407 0.016719 0.018689
47 0.654789 0.443173 0.081328 0.026534
47 0.614883 0.456862 0.010359 0.011054
49 0.438328 0.741148 0.020781 0.029883
