0 0.266219 0.905913 0.008719 0.050375
0 0.814414 0.873150 0.010516 0.031546
0 0.770406 0.876054 0.006375 0.031639
0 0.863945 0.875316 0.009891 0.034052
33 0.669227 0.648326 0.080578 0.122412
33 0.375008 0.628888 0.273172 0.514871
33 0.597211 0.501288 0.141422 0.170585
33 0.524250 0.836803 0.053344 0.105082
33 0.220219 0.699063 0.030406 0.046276
33 0.201367 0.777049 0.135297 0.231148
33 0.234508 0.833009 0.023109 0.096417
33 0.011609 0.469649 0.022687 0.037283
33 0.826758 0.464965 0.010516 0.015316
33 0.637500 0.165457 0.109031 0.289461
0 0.340570 0.899707 0.006922 0.045222
0 0.367406 0.900422 0.009531 0.041593
0 0.153797 0.916288 0.013813 0.046628
0 0.710891 0.867728 0.005063 0.025574
0 0.990719 0.866593 0.008781 0.036276
0 0.959539 0.869988 0.007016 0.023255
0 0.882859 0.871499 0.010312 0.027588
33 0.603211 0.019707 0.021359 0.019555
33 0.724359 0.469696 0.015281 0.027400
0 0.873773 0.869321 0.007016 0.029836
33 0.908492 0.637166 0.008891 0.016674
0 0.756031 0.875304 0.007437 0.027190
