73 0.258803 0.615297 0.030669 0.071906
73 0.126755 0.948555 0.018215 0.102391
73 0.247292 0.891656 0.071217 0.216188
73 0.287383 0.868000 0.037241 0.151344
73 0.077191 0.955719 0.072880 0.088406
73 0.162677 0.937047 0.042880 0.125156
73 0.234199 0.628094 0.021988 0.073781
73 0.216156 0.643336 0.020020 0.069828
73 0.199878 0.654492 0.019594 0.065203
73 0.102262 0.715281 0.024361 0.078812
73 0.253884 0.875422 0.038641 0.118000
77 0.290751 0.905430 0.112901 0.149078
73 0.147759 0.691977 0.053570 0.102297
73 0.307323 0.868641 0.049371 0.144719
