19 0.604633 0.786974 0.294891 0.269229
19 0.352367 0.716600 0.173922 0.197313
19 0.961555 0.818154 0.074953 0.143598
19 0.915727 0.717196 0.102641 0.102150
19 0.849547 0.689755 0.095562 0.112126
19 0.140367 0.662710 0.129547 0.161402
0 0.503461 0.638610 0.036766 0.062593
19 0.566594 0.645946 0.051438 0.033107
19 0.384391 0.729509 0.195500 0.179766
8 0.795891 0.611554 0.059781 0.035350
8 0.953727 0.657126 0.092547 0.052710
8 0.856891 0.644194 0.089531 0.016799
8 0.677219 0.599965 0.100063 0.029650
8 0.701414 0.650175 0.068766 0.023902
8 0.742773 0.641963 0.044984 0.015701
19 0.270320 0.685315 0.102703 0.138902
8 0.463992 0.622862 0.048984 0.037827
8 0.544078 0.598540 0.115594 0.025397
8 0.630703 0.654416 0.079812 0.028178
0 0.765023 0.606192 0.012234 0.015935
8 0.396570 0.617617 0.118391 0.032430
8 0.748891 0.622547 0.052125 0.028785
