1 0.952730 0.658827 0.036140 0.080800
2 0.605620 0.629640 0.049800 0.036667
2 0.649460 0.617760 0.032440 0.031413
2 0.698070 0.609507 0.018380 0.018800
2 0.047080 0.698653 0.074000 0.107600
6 0.313730 0.593040 0.468540 0.339307
0 0.888980 0.654413 0.013960 0.022587
0 0.860230 0.616080 0.020060 0.059680
7 0.048820 0.695707 0.063200 0.112107
9 0.753760 0.523027 0.012360 0.039653
9 0.613500 0.538587 0.011120 0.024267
0 0.920850 0.650840 0.028420 0.072773
2 0.678180 0.609747 0.026520 0.024667
2 0.719070 0.608907 0.021980 0.021920
2 0.752030 0.607120 0.025620 0.028160
0 0.885930 0.620440 0.032500 0.090000
14 0.970530 0.835467 0.016740 0.035627
