59 0.500000 0.493613 1.000000 0.986587
73 0.650920 0.436600 0.233520 0.407707
73 0.117430 0.365907 0.204540 0.310587
73 0.353940 0.392133 0.235960 0.366293
73 0.115690 0.644613 0.195140 0.120320
73 0.751690 0.100000 0.171900 0.200000
73 0.873310 0.417973 0.253380 0.395520
73 0.320220 0.119093 0.249440 0.233707
73 0.600960 0.072573 0.155920 0.145147
73 0.895270 0.667787 0.209460 0.090080
73 0.924170 0.105480 0.151660 0.210960
73 0.506480 0.380387 0.090760 0.341147
73 0.851760 0.092613 0.062760 0.182933
73 0.135480 0.577840 0.222320 0.086720
