8 0.425414 0.491522 0.180578 0.024450
8 0.805320 0.531370 0.072266 0.017307
8 0.064500 0.455480 0.057000 0.019157
8 0.937703 0.534075 0.047969 0.015691
8 0.153461 0.451487 0.074703 0.020445
0 0.417297 0.483700 0.012812 0.017892
0 0.448250 0.486897 0.016031 0.019977
0 0.434578 0.483735 0.014219 0.018899
0 0.479516 0.483033 0.007656 0.018150
0 0.884211 0.516874 0.029984 0.024567
0 0.931531 0.519836 0.024344 0.021499
0 0.964836 0.518548 0.020453 0.023044
0 0.990469 0.516171 0.019062 0.025363
0 0.179078 0.445492 0.009406 0.017213
8 0.859383 0.531300 0.054609 0.019836
8 0.893070 0.533419 0.056078 0.018501
0 0.467625 0.483021 0.017094 0.020094
0 0.383352 0.484684 0.017391 0.020749
0 0.834391 0.517728 0.021281 0.020562
0 0.402047 0.484356 0.014406 0.016066
