74 0.522810 0.402008 0.066198 0.049516
0 0.782366 0.804781 0.018864 0.028531
0 0.776952 0.908531 0.051219 0.085625
0 0.848326 0.791008 0.023554 0.042766
0 0.484091 0.824891 0.019669 0.054219
0 0.543110 0.811133 0.024649 0.042109
0 0.351963 0.832508 0.024215 0.058609
0 0.337448 0.966172 0.054897 0.065031
0 0.300764 0.936805 0.040248 0.093266
0 0.372417 0.937156 0.048140 0.093219
0 0.708337 0.910758 0.028657 0.062641
0 0.599329 0.810602 0.022541 0.040578
2 0.933936 0.941766 0.132128 0.039875
13 0.104039 0.841859 0.034153 0.012250
26 0.323698 0.967461 0.022107 0.040484
26 0.753130 0.906727 0.029277 0.019047
0 0.740114 0.910211 0.042169 0.076203
0 0.506860 0.822242 0.020992 0.057859
7 0.875806 0.906797 0.172438 0.068406
