0 0.490708 0.895477 0.103176 0.209046
0 0.082989 0.943924 0.092980 0.112152
0 0.946075 0.868203 0.107850 0.263594
0 0.575554 0.952958 0.067362 0.071932
0 0.399796 0.959804 0.081417 0.080391
0 0.620537 0.973936 0.038274 0.052127
33 0.743111 0.175526 0.045472 0.037066
33 0.635839 0.242665 0.032231 0.029682
0 0.361246 0.947714 0.028485 0.076601
0 0.307989 0.818814 0.109039 0.357433
33 0.818941 0.362910 0.029055 0.052323
33 0.858982 0.573998 0.022557 0.016699
33 0.882907 0.378741 0.016759 0.017188
33 0.452858 0.617543 0.627932 0.482274
33 0.057989 0.178826 0.115977 0.357653
0 0.207329 0.885403 0.133225 0.202249
33 0.924577 0.145403 0.027948 0.026259
