25 0.477479 0.307937 0.200458 0.038219
25 0.668406 0.368445 0.062604 0.017609
25 0.303583 0.336227 0.188875 0.063109
25 0.636521 0.372203 0.068792 0.014656
25 0.859823 0.378953 0.029979 0.007812
25 0.135833 0.372078 0.069583 0.026500
2 0.173219 0.445680 0.147021 0.107297
26 0.470344 0.547617 0.147063 0.218234
0 0.133313 0.657367 0.266625 0.685266
0 0.425687 0.607313 0.255625 0.513531
25 0.668188 0.367859 0.072917 0.021656
25 0.586000 0.352672 0.122333 0.039375
26 0.253115 0.837516 0.150229 0.189781
0 0.270135 0.481586 0.066562 0.200109
0 0.575677 0.469508 0.075729 0.183391
0 0.679948 0.494922 0.094812 0.251125
0 0.835635 0.480922 0.088354 0.208719
0 0.183625 0.488703 0.124583 0.250969
0 0.755760 0.479117 0.103021 0.226922
0 0.776125 0.413758 0.033125 0.080984
0 0.615667 0.429992 0.040125 0.112859
0 0.307156 0.408102 0.033896 0.061609
0 0.878271 0.406086 0.018000 0.048734
0 0.923771 0.474836 0.111000 0.205641
24 0.360271 0.419281 0.037208 0.046000
