44 0.290734 0.233021 0.578094 0.229208
50 0.815484 0.707115 0.094719 0.115271
51 0.455281 0.559688 0.067375 0.065208
51 0.669422 0.438281 0.064344 0.067146
51 0.361859 0.587875 0.089812 0.060458
45 0.608953 0.495500 0.778719 0.988750
51 0.344781 0.518958 0.047531 0.080875
51 0.601570 0.569750 0.057297 0.067792
51 0.692023 0.367115 0.019922 0.038271
51 0.437680 0.752781 0.036391 0.109729
50 0.877156 0.287927 0.062875 0.114271
51 0.552492 0.855917 0.049266 0.045458
51 0.493867 0.642031 0.024922 0.038896
