1 0.239280 0.561268 0.250120 0.579078
1 0.905000 0.491801 0.190000 0.348732
1 0.766160 0.492767 0.260840 0.237464
1 0.825930 0.832205 0.348140 0.335533
0 0.373510 0.401124 0.207420 0.703343
1 0.158840 0.507911 0.137880 0.288790
1 0.495150 0.720231 0.226140 0.438213
0 0.594750 0.400893 0.257900 0.623862
0 0.830910 0.264914 0.045780 0.093112
0 0.948630 0.247853 0.037980 0.080951
0 0.772740 0.264957 0.053200 0.078329
0 0.479150 0.273804 0.027620 0.070259
1 0.090400 0.496844 0.180800 0.261470
1 0.041480 0.413156 0.082960 0.187061
67 0.323550 0.454135 0.025980 0.061297
0 0.886290 0.242622 0.057940 0.125706
0 0.164340 0.282190 0.028760 0.061844
0 0.130970 0.289683 0.023340 0.048242
0 0.728090 0.268790 0.031340 0.080000
0 0.688700 0.254366 0.020400 0.066254
