68 0.333922 0.487667 0.147219 0.099393
68 0.338250 0.397343 0.144594 0.091632
41 0.775727 0.297657 0.046578 0.061381
45 0.886109 0.310471 0.042406 0.030523
45 0.735992 0.294310 0.044141 0.038536
56 0.150078 0.967803 0.084187 0.064393
68 0.327359 0.286904 0.154719 0.109707
45 0.842969 0.308964 0.041469 0.032155
45 0.940648 0.481360 0.047172 0.021172
45 0.973156 0.467803 0.043938 0.019205
45 0.981898 0.457626 0.035609 0.011527
45 0.980219 0.486810 0.039563 0.027762
56 0.044250 0.876695 0.088500 0.246611
