62 0.741727 0.174507 0.092516 0.092207
60 0.542680 0.698826 0.909953 0.602347
60 0.679273 0.506244 0.235797 0.204272
0 0.458641 0.420962 0.226344 0.449671
0 0.848469 0.510317 0.266250 0.695939
0 0.164391 0.595188 0.327969 0.809624
56 0.146227 0.379624 0.035422 0.093474
56 0.713273 0.400751 0.042953 0.076150
67 0.213953 0.628615 0.048125 0.030704
41 0.633586 0.725939 0.064078 0.179155
41 0.544734 0.786878 0.074625 0.215258
53 0.386656 0.887641 0.145094 0.125845
53 0.469234 0.693908 0.116875 0.084484
0 0.578984 0.407453 0.078125 0.258239
41 0.297266 0.516984 0.033437 0.093357
41 0.154266 0.504648 0.036094 0.085822
53 0.385906 0.697218 0.074531 0.054343
60 0.747047 0.447981 0.118719 0.112911
0 0.953766 0.369624 0.092469 0.149671
0 0.377648 0.398509 0.094016 0.217066
0 0.996000 0.354425 0.008000 0.089085
0 0.138602 0.585293 0.205922 0.259507
37 0.644352 0.146303 0.106453 0.071338
41 0.260852 0.546315 0.044547 0.042817
53 0.628164 0.720047 0.094641 0.065258
