56 0.745750 0.116421 0.210620 0.232843
56 0.105860 0.161297 0.208120 0.322145
56 0.912840 0.787631 0.167600 0.402244
56 0.956560 0.349900 0.085520 0.454214
44 0.126530 0.315262 0.043460 0.065835
39 0.199720 0.333728 0.134040 0.257132
39 0.267410 0.267007 0.143580 0.219401
45 0.508540 0.718566 0.170600 0.177731
54 0.709190 0.586135 0.081100 0.076409
54 0.589250 0.510536 0.069260 0.078628
54 0.615250 0.457132 0.073380 0.068678
54 0.667740 0.490062 0.068560 0.070898
54 0.787990 0.626671 0.086700 0.094040
54 0.392200 0.418416 0.067280 0.065162
54 0.337960 0.387469 0.067480 0.066708
54 0.378930 0.347569 0.063020 0.055835
54 0.425390 0.373641 0.069100 0.066334
54 0.641370 0.553055 0.069380 0.080973
54 0.453920 0.518304 0.070920 0.053566
54 0.399460 0.483404 0.073000 0.062070
56 0.105200 0.835062 0.206240 0.298703
54 0.485570 0.392519 0.070140 0.069426
60 0.485030 0.558828 0.922900 0.779401
