6 0.502250 0.464042 0.950562 0.334833
24 0.472047 0.523208 0.027062 0.047833
24 0.547383 0.605438 0.057703 0.123667
24 0.490336 0.537396 0.035766 0.066625
26 0.396992 0.511615 0.039203 0.097438
26 0.665461 0.588625 0.030828 0.062917
26 0.979414 0.762917 0.041172 0.096667
28 0.775750 0.873833 0.216062 0.244500
28 0.751047 0.743073 0.164313 0.179521
28 0.696289 0.698833 0.113484 0.156625
28 0.164695 0.680188 0.082766 0.126125
28 0.228102 0.638646 0.052734 0.128917
0 0.144461 0.602844 0.063297 0.351187
0 0.276641 0.568021 0.085938 0.249667
0 0.598320 0.649438 0.084266 0.341583
0 0.389750 0.534740 0.061969 0.208354
0 0.925281 0.720229 0.131469 0.528083
0 0.538992 0.532198 0.038453 0.158479
0 0.558641 0.505385 0.019187 0.093813
0 0.653094 0.568531 0.079219 0.215729
0 0.834266 0.630333 0.144937 0.424708
0 0.504859 0.556240 0.050938 0.177854
0 0.622141 0.488188 0.032719 0.073542
26 0.356781 0.508948 0.026094 0.083396
0 0.361469 0.531125 0.048938 0.178625
0 0.967914 0.656740 0.064172 0.441521
