8 0.831945 0.573604 0.294328 0.094833
0 0.153445 0.604115 0.029797 0.096854
0 0.024336 0.586562 0.047859 0.267917
0 0.446477 0.536667 0.015953 0.024833
0 0.561117 0.538365 0.061016 0.190896
0 0.861969 0.466177 0.048531 0.093229
0 0.082930 0.582958 0.057828 0.165500
0 0.350969 0.570771 0.034687 0.082208
0 0.406953 0.574542 0.043562 0.081958
0 0.430672 0.541865 0.010687 0.015646
39 0.842641 0.476948 0.004750 0.025313
0 0.270977 0.539365 0.112422 0.545854
8 0.650922 0.590021 0.201719 0.080000
8 0.757406 0.464198 0.151844 0.054312
0 0.106352 0.579260 0.035547 0.144854
0 0.375867 0.561240 0.022172 0.071312
