32 0.486193 0.510662 0.011569 0.009003
32 0.494714 0.497018 0.006291 0.007435
32 0.522345 0.490245 0.011487 0.010392
32 0.485842 0.473562 0.008154 0.008170
32 0.477320 0.510891 0.008235 0.008546
32 0.512631 0.505523 0.009216 0.009216
32 0.547974 0.510261 0.005719 0.005719
32 0.373758 0.376822 0.010359 0.010147
32 0.493113 0.490556 0.006977 0.008431
0 0.262533 0.468219 0.105000 0.290621
38 0.586928 0.396618 0.068954 0.052712
38 0.531340 0.557508 0.043039 0.105997
0 0.642051 0.464877 0.080507 0.199886
32 0.471471 0.481765 0.005719 0.006961
32 0.511438 0.486381 0.010261 0.012304
32 0.561430 0.502034 0.007108 0.010997
32 0.472933 0.501716 0.009069 0.009477
