37 0.746073 0.560672 0.209729 0.244937
37 0.604948 0.465492 0.085812 0.064359
37 0.098656 0.478242 0.046021 0.140484
37 0.360073 0.493320 0.035646 0.050797
0 0.780552 0.578586 0.177771 0.377422
0 0.388760 0.476156 0.069812 0.148594
0 0.154719 0.497242 0.148062 0.253547
0 0.673542 0.489508 0.069833 0.184297
0 0.469656 0.525430 0.097813 0.228891
0 0.215469 0.411680 0.036521 0.083141
0 0.747719 0.438125 0.075146 0.060531
0 0.632583 0.472727 0.047208 0.131984
0 0.572823 0.415523 0.022313 0.032359
0 0.133344 0.394563 0.022313 0.029281
0 0.471125 0.406484 0.019292 0.029125
0 0.523531 0.407602 0.009646 0.020641
0 0.450188 0.403719 0.009667 0.020500
37 0.190531 0.409258 0.031604 0.022078
37 0.372979 0.456516 0.020333 0.054875
37 0.463917 0.405797 0.010292 0.013062
