56 0.951948 0.449383 0.096104 0.294953
0 0.478490 0.366742 0.879062 0.722703
41 0.925281 0.798758 0.149438 0.402484
42 0.662385 0.709344 0.275563 0.130656
43 0.402198 0.672125 0.243896 0.169219
56 0.119885 0.261523 0.091938 0.043484
56 0.910990 0.381609 0.091854 0.245375
56 0.826094 0.263000 0.046562 0.035625
60 0.186708 0.284828 0.245917 0.077281
60 0.832635 0.310172 0.134479 0.062000
60 0.447917 0.854172 0.888875 0.265625
56 0.964885 0.286109 0.034896 0.065062
56 0.149667 0.399664 0.167333 0.164203
