16 0.131555 0.963708 0.263109 0.072583
56 0.506695 0.847104 0.088328 0.246250
56 0.472258 0.730094 0.049453 0.141729
0 0.642977 0.653927 0.210672 0.687646
0 0.389258 0.635385 0.208609 0.605979
65 0.455086 0.686990 0.225703 0.084646
39 0.794859 0.729927 0.021719 0.085812
57 0.309070 0.907010 0.618141 0.185979
63 0.254141 0.791000 0.082563 0.107333
56 0.829328 0.856552 0.160219 0.286896
60 0.616766 0.805854 0.335875 0.173458
65 0.349844 0.923031 0.052250 0.040229
65 0.595617 0.984062 0.043016 0.031875
