2 0.303492 0.661487 0.076078 0.072623
2 0.374766 0.661311 0.070563 0.078501
5 0.047977 0.589883 0.092953 0.096628
0 0.190430 0.702412 0.050359 0.261733
0 0.239203 0.653337 0.018469 0.086440
0 0.260180 0.643267 0.029484 0.108501
0 0.062859 0.646756 0.017188 0.062272
0 0.038594 0.640796 0.013125 0.078642
0 0.077523 0.641768 0.021234 0.071780
0 0.668070 0.609696 0.016641 0.025527
0 0.565789 0.663326 0.022859 0.047213
0 0.629188 0.633056 0.025656 0.074778
2 0.792453 0.550035 0.043531 0.050422
2 0.829508 0.553103 0.048766 0.050890
2 0.937617 0.699532 0.051359 0.080937
2 0.693703 0.622576 0.037969 0.068009
2 0.822078 0.637635 0.096875 0.084543
0 0.217727 0.665843 0.036672 0.128970
2 0.349445 0.608337 0.046047 0.050445
25 0.588148 0.564824 0.076578 0.039485
0 0.531516 0.663009 0.026250 0.096183
0 0.544695 0.649766 0.011797 0.061827
0 0.306148 0.616628 0.012734 0.019063
2 0.576305 0.601148 0.031859 0.020187
25 0.151336 0.599426 0.040703 0.028267
