1 0.855384 0.618358 0.289232 0.421193
0 0.419101 0.525842 0.402255 0.768546
0 0.611830 0.275106 0.079804 0.201422
0 0.258578 0.343676 0.106699 0.282745
0 0.029796 0.315752 0.053676 0.120294
0 0.197271 0.289363 0.061667 0.157647
0 0.647337 0.272696 0.035261 0.137908
63 0.576193 0.427663 0.151438 0.090033
0 0.084918 0.308292 0.061732 0.099624
9 0.056789 0.021953 0.028023 0.043154
9 0.499886 0.082884 0.062092 0.065507
67 0.570245 0.261005 0.013529 0.010376
0 0.142614 0.328962 0.031013 0.062729
0 0.522451 0.280343 0.042255 0.059706
26 0.258137 0.315915 0.034248 0.135621
24 0.005662 0.302181 0.011324 0.026944
26 0.609681 0.322672 0.049690 0.087827
