7 0.510508 0.586148 0.289359 0.539321
9 0.307969 0.329719 0.042750 0.105667
9 0.937078 0.328689 0.037406 0.107635
9 0.902180 0.497611 0.021297 0.057377
0 0.100547 0.717037 0.070000 0.318618
0 0.176297 0.731335 0.058594 0.272225
0 0.680945 0.713396 0.073359 0.341780
0 0.487617 0.711721 0.082641 0.353607
9 0.719852 0.583021 0.010578 0.031007
9 0.995406 0.464813 0.009187 0.094309
0 0.935188 0.715234 0.025625 0.092857
0 0.829336 0.730667 0.069547 0.329063
0 0.232258 0.755316 0.022953 0.121311
0 0.301953 0.719965 0.067750 0.313513
0 0.255594 0.736288 0.034781 0.179180
0 0.220078 0.631686 0.030187 0.077283
0 0.240695 0.676944 0.008703 0.016698
0 0.149906 0.719075 0.046812 0.305129
0 0.888500 0.731335 0.053906 0.298126
26 0.049352 0.769766 0.017516 0.055831
