74 0.347237 0.223477 0.041733 0.026922
0 0.305047 0.836875 0.046674 0.064719
0 0.183700 0.880055 0.042201 0.066266
0 0.058384 0.838789 0.025199 0.065797
0 0.369110 0.789141 0.026838 0.056063
0 0.199883 0.664656 0.028197 0.049156
0 0.304532 0.725734 0.027892 0.049750
0 0.427178 0.861805 0.030328 0.048109
0 0.331417 0.739922 0.039180 0.059969
0 0.369977 0.724180 0.029836 0.060609
0 0.347881 0.699984 0.021054 0.059594
0 0.282927 0.611547 0.017611 0.037875
0 0.433993 0.767656 0.027283 0.057094
0 0.376335 0.658633 0.029578 0.042234
