32 0.934047 0.191720 0.032063 0.038532
56 0.064227 0.750298 0.056641 0.130092
38 0.721453 0.320000 0.068219 0.193486
38 0.086680 0.625975 0.030484 0.085298
0 0.600922 0.647362 0.271563 0.705275
0 0.447023 0.541571 0.073484 0.152821
0 0.288602 0.558268 0.049203 0.105390
0 0.383477 0.557007 0.062172 0.112041
0 0.791992 0.575424 0.047391 0.061628
0 0.386984 0.282041 0.048406 0.110367
0 0.101914 0.667523 0.127203 0.491009
0 0.491930 0.578498 0.024234 0.053693
0 0.749945 0.576502 0.051328 0.059839
0 0.956727 0.534897 0.067703 0.132500
0 0.488484 0.539358 0.039250 0.096193
56 0.667008 0.714885 0.095703 0.163073
0 0.344141 0.307924 0.039719 0.100023
0 0.333508 0.551250 0.062609 0.119381
