1 0.537094 0.545698 0.167750 0.264521
0 0.550805 0.410750 0.134734 0.412208
0 0.342984 0.416854 0.048875 0.262917
0 0.295969 0.404948 0.049031 0.278146
0 0.125383 0.425698 0.053922 0.216937
0 0.436828 0.326875 0.019938 0.024792
0 0.247859 0.342187 0.031781 0.064167
26 0.554453 0.339042 0.058062 0.146708
0 0.069297 0.426031 0.059062 0.221021
0 0.158062 0.393042 0.036500 0.122458
0 0.026727 0.335583 0.036797 0.104583
0 0.151906 0.328813 0.035687 0.073000
0 0.086320 0.337583 0.051266 0.104500
0 0.393930 0.344802 0.031266 0.067104
0 0.325359 0.335042 0.035563 0.086250
26 0.079461 0.412052 0.020484 0.034396
