57 0.351273 0.624771 0.225109 0.206708
56 0.308836 0.792177 0.272391 0.359063
58 0.123031 0.684271 0.242688 0.604500
73 0.027648 0.928323 0.028891 0.118854
73 0.023305 0.939979 0.013203 0.101083
60 0.520461 0.982292 0.326391 0.035417
73 0.032656 0.695927 0.065312 0.134896
56 0.741711 0.634260 0.176484 0.235771
73 0.283547 0.937125 0.091500 0.068625
73 0.008133 0.947792 0.016266 0.104417
73 0.046305 0.914115 0.041953 0.132021
73 0.015828 0.548969 0.018594 0.067146
73 0.017344 0.938073 0.034687 0.117646
73 0.040273 0.876625 0.046453 0.079542
