58 0.640564 0.108366 0.195278 0.212451
58 0.313333 0.158276 0.089706 0.103905
58 0.803693 0.267549 0.024967 0.033660
56 0.448497 0.413309 0.171667 0.175964
56 0.950670 0.382786 0.098660 0.138088
56 0.919616 0.271626 0.054167 0.023219
56 0.800270 0.367426 0.111552 0.180539
56 0.768652 0.435123 0.050866 0.092565
56 0.206193 0.363578 0.035392 0.052386
56 0.843276 0.272296 0.053448 0.028284
0 0.322206 0.370686 0.290948 0.334052
0 0.662067 0.341397 0.235441 0.286585
0 0.107966 0.382688 0.215931 0.328154
40 0.071650 0.597484 0.078333 0.150131
40 0.636348 0.476021 0.055245 0.093252
41 0.152157 0.683194 0.051046 0.120278
44 0.277770 0.573203 0.181977 0.043889
44 0.611430 0.511332 0.057925 0.048775
45 0.285392 0.798186 0.301111 0.141569
45 0.829020 0.542704 0.180359 0.071781
45 0.579853 0.545188 0.167745 0.066422
45 0.254371 0.534926 0.089069 0.052467
45 0.345842 0.590016 0.233317 0.076405
45 0.972549 0.570082 0.050588 0.065033
45 0.579812 0.493113 0.066258 0.041029
45 0.951168 0.524755 0.094395 0.049150
45 0.273137 0.663088 0.216699 0.094804
0 0.579706 0.257288 0.058301 0.099020
0 0.481373 0.266814 0.099281 0.113889
0 0.044641 0.304453 0.086961 0.144461
0 0.662190 0.189493 0.058922 0.069085
0 0.448693 0.340425 0.160686 0.281209
41 0.026389 0.379085 0.029673 0.058725
41 0.324926 0.516078 0.055441 0.076111
44 0.198317 0.632312 0.054935 0.056944
44 0.866765 0.517729 0.039314 0.049706
44 0.215931 0.516969 0.028693 0.023807
44 0.564281 0.475155 0.037941 0.025441
56 0.254101 0.340008 0.044281 0.050670
60 0.084273 0.487639 0.168546 0.175278
0 0.989077 0.402426 0.020049 0.154069
44 0.967958 0.501544 0.030261 0.035670
45 0.528905 0.316364 0.023399 0.013415
60 0.500000 0.714812 1.000000 0.570376
56 0.968325 0.394714 0.063350 0.181291
40 0.873766 0.463848 0.058252 0.065539
44 0.132884 0.804060 0.256879 0.074788
60 0.514714 0.398350 0.135245 0.195654
60 0.837949 0.347761 0.278219 0.130523
