62 0.639852 0.084357 0.132109 0.168715
56 0.246133 0.891671 0.188422 0.216238
56 0.947344 0.631659 0.098719 0.283458
60 0.423914 0.797944 0.560391 0.404112
0 0.465023 0.522640 0.170016 0.293598
0 0.362930 0.708610 0.214891 0.559556
0 0.202281 0.718329 0.189625 0.563154
0 0.625094 0.582862 0.118375 0.283715
0 0.772445 0.576565 0.228422 0.824720
0 0.966031 0.524825 0.067937 0.203575
56 0.514289 0.590386 0.045016 0.132547
56 0.098906 0.817301 0.197000 0.363014
56 0.985008 0.604416 0.029984 0.124766
