30 0.777687 0.546183 0.077938 0.031616
30 0.525141 0.626335 0.062187 0.715855
0 0.844641 0.465597 0.027969 0.098314
30 0.653617 0.510141 0.040234 0.276581
31 0.088422 0.544555 0.176844 0.177588
0 0.152211 0.357822 0.055391 0.144450
0 0.247945 0.568689 0.204359 0.837845
0 0.572398 0.418665 0.059672 0.230023
0 0.446039 0.597752 0.286359 0.777518
0 0.896023 0.669590 0.207953 0.660820
0 0.782438 0.478407 0.062500 0.154333
0 0.683484 0.515492 0.091719 0.340304
0 0.752172 0.448560 0.027844 0.114637
0 0.073531 0.318126 0.031844 0.093677
0 0.637195 0.439145 0.027609 0.173934
0 0.729289 0.439227 0.014859 0.103607
0 0.318148 0.330398 0.007516 0.025855
30 0.799609 0.499988 0.035313 0.019930
30 0.813531 0.706475 0.105344 0.305597
31 0.631227 0.511393 0.029609 0.022646
