25 0.220742 0.452891 0.165203 0.168437
0 0.199508 0.655875 0.134766 0.462812
0 0.636766 0.586211 0.134531 0.419297
0 0.761703 0.429719 0.053031 0.058500
0 0.763664 0.461648 0.048672 0.057328
0 0.849258 0.435352 0.054859 0.111984
0 0.689148 0.424367 0.047578 0.058047
0 0.970336 0.513898 0.058328 0.243547
26 0.260070 0.581875 0.110984 0.116781
26 0.918977 0.420687 0.039578 0.041125
0 0.674187 0.454664 0.065906 0.146703
0 0.899266 0.511289 0.128969 0.303078
0 0.943234 0.387969 0.032781 0.022781
0 0.811461 0.411617 0.024859 0.028484
