61 0.175094 0.674677 0.141375 0.238437
61 0.453102 0.608385 0.139203 0.218646
61 0.538133 0.565448 0.129953 0.190812
61 0.688484 0.640073 0.190437 0.224729
61 0.631148 0.491687 0.126672 0.091000
61 0.710445 0.468646 0.134641 0.081458
61 0.752117 0.435698 0.125359 0.073563
61 0.086094 0.589906 0.131844 0.195521
61 0.339469 0.659104 0.139094 0.240750
61 0.811891 0.602344 0.181656 0.185604
61 0.878828 0.559521 0.207406 0.187708
61 0.203203 0.528625 0.106281 0.114667
61 0.318508 0.509094 0.111047 0.114271
