1 0.084953 0.750303 0.045594 0.140093
5 0.447836 0.588415 0.839234 0.634545
0 0.373445 0.703800 0.102953 0.438834
0 0.236273 0.726352 0.167578 0.504499
0 0.169484 0.727436 0.067781 0.521352
0 0.112508 0.674266 0.093078 0.427692
24 0.203359 0.723147 0.102156 0.214499
24 0.137961 0.627040 0.060891 0.162145
0 0.662609 0.508135 0.053250 0.112634
0 0.213805 0.534184 0.033672 0.053217
31 0.068609 0.820781 0.137219 0.254103
0 0.070578 0.665991 0.043281 0.309091
24 0.025562 0.577343 0.050500 0.073846
30 0.032750 0.681655 0.064750 0.238555
