17 0.439289 0.794568 0.053641 0.047921
17 0.373367 0.817068 0.062828 0.044743
17 0.558563 0.781086 0.042531 0.037967
17 0.476828 0.813400 0.056063 0.047266
17 0.256359 0.778586 0.042312 0.036799
17 0.694070 0.761530 0.035672 0.036051
17 0.859297 0.765199 0.022219 0.035023
17 0.161953 0.741904 0.033063 0.032593
17 0.683062 0.732652 0.020938 0.027874
17 0.890906 0.728680 0.038594 0.026425
17 0.393883 0.721776 0.017391 0.024252
17 0.989266 0.758914 0.019688 0.031706
17 0.187758 0.682570 0.027109 0.027150
