39 0.797328 0.077324 0.017250 0.079671
39 0.776336 0.100352 0.013766 0.075070
39 0.759289 0.120892 0.016734 0.069108
39 0.848016 0.550399 0.008375 0.043099
39 0.876023 0.552934 0.011453 0.055915
39 0.858758 0.544214 0.011047 0.060634
39 0.883938 0.541608 0.006500 0.034624
72 0.116891 0.519225 0.233781 0.930657
68 0.276727 0.582031 0.128641 0.107864
69 0.788297 0.779718 0.260625 0.440563
71 0.264859 0.692864 0.090406 0.073709
39 0.868078 0.549988 0.012531 0.055282
39 0.839906 0.545728 0.009406 0.043239
40 0.172289 0.054812 0.026922 0.091690
40 0.210406 0.100176 0.023250 0.079601
41 0.354305 0.184707 0.016453 0.051573
49 0.250602 0.530411 0.031703 0.025329
75 0.420758 0.187183 0.019391 0.046808
75 0.349492 0.600035 0.017453 0.043451
75 0.387055 0.186232 0.019453 0.049038
39 0.813289 0.055434 0.016891 0.088756
39 0.833992 0.545364 0.008422 0.038709
0 0.159859 0.342617 0.024375 0.094155
0 0.192484 0.535469 0.011187 0.043380
41 0.192883 0.080505 0.020453 0.086080
