43 0.859260 0.151070 0.088188 0.140828
50 0.080000 0.761633 0.160000 0.127047
50 0.324146 0.909734 0.113042 0.109875
50 0.264031 0.564000 0.090354 0.102094
50 0.783740 0.571664 0.049562 0.034391
50 0.629948 0.698469 0.126438 0.124687
50 0.405188 0.444344 0.132250 0.116781
50 0.151438 0.685234 0.115542 0.044500
50 0.238469 0.451125 0.125812 0.053750
50 0.169302 0.663086 0.140396 0.078453
50 0.410010 0.357984 0.087646 0.063375
50 0.722042 0.897953 0.130833 0.148469
53 0.501781 0.641953 0.996438 0.716094
53 0.328250 0.106195 0.638500 0.189766
50 0.240917 0.394758 0.086583 0.091141
