18 0.624555 0.536745 0.036328 0.037705
18 0.772297 0.500012 0.019906 0.027190
18 0.777422 0.473548 0.011250 0.020398
18 0.355977 0.532564 0.019172 0.030843
18 0.497227 0.507869 0.013172 0.028899
18 0.512547 0.472459 0.025000 0.023841
18 0.487500 0.475972 0.011500 0.022857
18 0.494281 0.450375 0.008313 0.014660
18 0.639797 0.534660 0.024656 0.034473
18 0.558680 0.483138 0.021672 0.025152
18 0.305852 0.494801 0.026766 0.030632
18 0.286828 0.466956 0.021875 0.024356
18 0.023750 0.531393 0.025625 0.035433
18 0.017031 0.510105 0.015531 0.028689
18 0.416664 0.445433 0.010078 0.012881
