25 0.729836 0.327799 0.199172 0.263934
2 0.586062 0.609520 0.822531 0.400304
0 0.664289 0.405304 0.174859 0.207752
0 0.154133 0.620433 0.047234 0.197541
0 0.080000 0.629309 0.047625 0.151920
0 0.054328 0.622213 0.039688 0.165550
0 0.556016 0.479918 0.130312 0.069859
0 0.919734 0.521628 0.062500 0.100913
0 0.219250 0.544215 0.033625 0.048946
0 0.965164 0.512506 0.046484 0.130492
0 0.829117 0.486522 0.032984 0.074169
0 0.469656 0.473700 0.120750 0.096487
0 0.127367 0.632787 0.036484 0.169696
0 0.014727 0.637155 0.027734 0.165738
67 0.006633 0.596475 0.005109 0.007892
67 0.050328 0.592857 0.008812 0.005059
0 0.889305 0.508665 0.045297 0.072272
