74 0.769805 0.284276 0.190203 0.280888
73 0.743797 0.587477 0.512406 0.169299
73 0.503062 0.714124 0.340375 0.230958
73 0.828367 0.750187 0.343266 0.157290
73 0.549047 0.882839 0.344250 0.143575
73 0.845000 0.901063 0.310000 0.096238
73 0.534883 0.361495 0.033297 0.145888
73 0.091188 0.216285 0.022875 0.127804
73 0.172250 0.218493 0.012781 0.122173
73 0.229633 0.212593 0.018859 0.132617
73 0.298500 0.197185 0.010906 0.154182
73 0.359039 0.203470 0.022953 0.134650
73 0.420984 0.195584 0.010781 0.149065
73 0.466281 0.189544 0.019938 0.141612
73 0.575414 0.183002 0.020453 0.149182
73 0.841516 0.136133 0.019531 0.092126
73 0.927977 0.155315 0.144047 0.195584
73 0.593867 0.353341 0.021953 0.148645
