32 0.604970 0.537140 0.037387 0.016920
56 0.650811 0.306300 0.078619 0.037040
0 0.557628 0.617950 0.747087 0.764100
0 0.753198 0.139850 0.162192 0.148420
0 0.918739 0.137840 0.161081 0.149040
0 0.186036 0.328550 0.165946 0.210300
0 0.122222 0.479240 0.244444 0.218400
38 0.689039 0.517780 0.474895 0.206320
0 0.553769 0.142360 0.204054 0.149400
56 0.683168 0.425410 0.127598 0.052500
0 0.910030 0.349190 0.179940 0.202060
0 0.373468 0.172190 0.203934 0.192500
56 0.773258 0.348280 0.169820 0.054840
56 0.701426 0.278750 0.176006 0.052580
56 0.869354 0.237410 0.238408 0.057140
56 0.606787 0.345780 0.159580 0.056520
56 0.537462 0.244500 0.152222 0.054120
56 0.338348 0.235770 0.175375 0.065100
56 0.723559 0.143330 0.246577 0.055780
56 0.169760 0.402130 0.118318 0.049260
56 0.725480 0.397620 0.152523 0.058040
56 0.813514 0.302710 0.137477 0.044060
56 0.989234 0.118000 0.021532 0.023920
0 0.322778 0.308060 0.176967 0.153760
