2 0.905820 0.757448 0.179297 0.155646
5 0.604953 0.704333 0.364938 0.430583
0 0.281453 0.777948 0.069344 0.247312
0 0.093898 0.765604 0.065047 0.245167
0 0.194211 0.777542 0.079203 0.261500
0 0.065398 0.738260 0.038297 0.164479
0 0.151750 0.746979 0.041719 0.152292
26 0.171852 0.758010 0.038328 0.063437
26 0.257062 0.742479 0.043594 0.104875
0 0.183867 0.694500 0.031234 0.095333
0 0.241898 0.742437 0.021547 0.125542
9 0.330852 0.565552 0.011172 0.045146
0 0.357797 0.742542 0.018531 0.054708
9 0.307414 0.492677 0.058641 0.074938
26 0.263773 0.739604 0.015172 0.111417
26 0.053680 0.772698 0.011391 0.039521
26 0.131672 0.732302 0.009781 0.031396
2 0.818531 0.739198 0.034563 0.110437
