56 0.936242 0.866714 0.062422 0.111972
0 0.173914 0.819190 0.150078 0.336878
0 0.736977 0.934073 0.052578 0.124155
0 0.821094 0.903251 0.049219 0.097676
0 0.854523 0.946620 0.066859 0.104319
33 0.859867 0.125446 0.034672 0.035915
33 0.425641 0.537793 0.332063 0.396808
33 0.632922 0.709754 0.017156 0.059225
33 0.959078 0.592805 0.013688 0.382606
24 0.264766 0.879401 0.051125 0.208052
0 0.427820 0.909214 0.095297 0.130070
0 0.559766 0.900082 0.058062 0.122934
0 0.380625 0.728146 0.013312 0.059390
33 0.801219 0.826056 0.106875 0.028967
0 0.490063 0.900563 0.054438 0.122113
0 0.784352 0.937923 0.057953 0.098333
0 0.928422 0.851948 0.096812 0.140282
0 0.586328 0.959202 0.060750 0.081596
0 0.580297 0.875106 0.034437 0.087723
