19 0.944977 0.346755 0.061828 0.085843
19 0.926672 0.280543 0.051594 0.060254
19 0.659016 0.281201 0.023031 0.059122
19 0.860563 0.123106 0.019563 0.041778
19 0.932680 0.117379 0.025109 0.041963
19 0.660539 0.227748 0.023641 0.029169
19 0.652219 0.255300 0.026344 0.053279
19 0.589289 0.260416 0.021922 0.030254
19 0.634953 0.240901 0.017344 0.046697
19 0.876289 0.276166 0.022047 0.056166
19 0.985703 0.352760 0.028594 0.080069
19 0.527844 0.205242 0.027125 0.024434
19 0.702094 0.216940 0.012656 0.033372
19 0.568578 0.219284 0.018781 0.029145
