3 0.790703 0.729678 0.379969 0.395029
3 0.590945 0.682442 0.137203 0.155409
3 0.206797 0.736988 0.401094 0.420234
3 0.606945 0.644284 0.186109 0.195760
3 0.532297 0.614532 0.059031 0.125439
3 0.327344 0.603611 0.105719 0.230556
3 0.320023 0.563962 0.056203 0.161491
0 0.199188 0.658787 0.167281 0.450439
0 0.787641 0.649942 0.170406 0.425731
0 0.520414 0.489167 0.013109 0.036754
0 0.898445 0.537778 0.013641 0.109240
0 0.230469 0.516418 0.077250 0.143889
0 0.244742 0.496082 0.045172 0.083509
0 0.633367 0.546608 0.103891 0.216023
0 0.363047 0.566711 0.015875 0.083070
0 0.478234 0.503041 0.018750 0.072281
0 0.540266 0.504795 0.029781 0.093977
3 0.513922 0.579459 0.061406 0.091550
3 0.343930 0.612061 0.029891 0.070556
25 0.402117 0.461769 0.050766 0.038977
0 0.258492 0.495380 0.025547 0.065848
0 0.528977 0.502208 0.010516 0.062135
0 0.580766 0.508757 0.033250 0.143246
