56 0.236086 0.730867 0.343672 0.402763
0 0.442297 0.558419 0.584719 0.743817
41 0.708359 0.903513 0.196125 0.192974
54 0.524750 0.894379 0.131937 0.112365
41 0.277602 0.419251 0.038984 0.049649
56 0.283133 0.494988 0.247328 0.176066
60 0.531469 0.845738 0.937063 0.308525
60 0.241789 0.492963 0.322109 0.195995
41 0.153180 0.385000 0.037172 0.054403
56 0.162953 0.357447 0.103344 0.097471
56 0.097266 0.302752 0.190375 0.228267
56 0.062164 0.514215 0.075828 0.158407
56 0.791094 0.638970 0.230469 0.223372
0 0.050125 0.681276 0.100250 0.605925
