25 0.869947 0.599490 0.259360 0.195220
56 0.742320 0.634000 0.050187 0.031200
56 0.676480 0.644870 0.034987 0.055860
56 0.622200 0.646210 0.077733 0.062780
56 0.545093 0.648280 0.040693 0.054680
0 0.275880 0.697940 0.108720 0.281680
33 0.718147 0.305830 0.252987 0.260180
0 0.152440 0.624800 0.021680 0.069000
0 0.478027 0.640330 0.110187 0.078620
0 0.382707 0.647540 0.076933 0.061360
25 0.666547 0.602120 0.058587 0.013440
25 0.582280 0.604500 0.063280 0.015880
25 0.674347 0.589580 0.084267 0.015720
0 0.108947 0.627880 0.039280 0.064360
25 0.116987 0.603740 0.056747 0.012840
25 0.033867 0.604650 0.061867 0.014180
25 0.490240 0.608310 0.057760 0.024940
25 0.400427 0.603990 0.059893 0.014660
26 0.570653 0.643730 0.017360 0.027220
0 0.834080 0.644360 0.028480 0.013240
25 0.020813 0.622670 0.041627 0.013700
0 0.469200 0.627920 0.033653 0.031920
