2 0.123031 0.729208 0.246062 0.303375
9 0.607812 0.446531 0.048031 0.025438
9 0.431164 0.439365 0.047859 0.025646
9 0.079953 0.422990 0.051781 0.027979
9 0.405711 0.594469 0.010016 0.031146
9 0.471688 0.540208 0.010656 0.015500
9 0.567828 0.594281 0.020219 0.038271
9 0.581516 0.542687 0.027250 0.018250
9 0.519281 0.585677 0.014156 0.008521
2 0.422711 0.691812 0.040578 0.042667
2 0.505234 0.685760 0.025562 0.029438
7 0.278602 0.685531 0.107109 0.062604
9 0.354828 0.583531 0.010344 0.015938
2 0.570656 0.682885 0.025469 0.030854
2 0.442656 0.691271 0.013469 0.042167
2 0.523859 0.688042 0.014125 0.018208
2 0.549789 0.691510 0.013859 0.013021
7 0.524023 0.687240 0.013609 0.019188
9 0.517641 0.618156 0.007000 0.010396
9 0.253016 0.626542 0.013219 0.012458
9 0.279391 0.530677 0.033156 0.019271
9 0.826180 0.596729 0.009484 0.022708
9 0.494031 0.584323 0.009750 0.013312
2 0.544281 0.688365 0.012531 0.014979
