68 0.176414 0.166289 0.352827 0.238203
69 0.206612 0.694609 0.411121 0.609375
0 0.635362 0.569742 0.496659 0.860516
0 0.959276 0.800250 0.077523 0.399500
39 0.372932 0.459289 0.042827 0.032391
39 0.829836 0.442062 0.050841 0.134187
39 0.475713 0.465523 0.026472 0.022766
43 0.965748 0.456727 0.016729 0.033859
43 0.906227 0.426570 0.028154 0.038641
43 0.960350 0.410828 0.031121 0.053281
43 0.991040 0.460258 0.017921 0.030422
43 0.977488 0.455312 0.020117 0.027781
43 0.878575 0.406742 0.023224 0.076203
43 0.983154 0.413938 0.033692 0.072063
43 0.946776 0.457914 0.032710 0.045172
43 0.914416 0.395555 0.038598 0.057047
39 0.412815 0.458391 0.037453 0.033750
