25 0.951125 0.545281 0.096167 0.055375
9 0.698708 0.417492 0.007292 0.012234
0 0.932375 0.631805 0.135250 0.191016
26 0.915917 0.624313 0.053958 0.034844
0 0.474469 0.477977 0.014354 0.029891
0 0.512156 0.479570 0.018062 0.025922
0 0.919677 0.502117 0.021979 0.037609
2 0.603187 0.592797 0.235750 0.131000
2 0.085396 0.558859 0.170792 0.098875
2 0.702927 0.557500 0.147604 0.090688
2 0.736875 0.542750 0.115542 0.093031
9 0.707021 0.417734 0.007667 0.011687
9 0.611812 0.454242 0.013417 0.009391
0 0.976542 0.529656 0.046917 0.064406
2 0.239333 0.541711 0.147208 0.075859
2 0.556312 0.498281 0.101042 0.055125
2 0.631938 0.491250 0.040042 0.037906
2 0.314479 0.532336 0.106042 0.068297
2 0.022281 0.577438 0.042521 0.091906
2 0.672073 0.575078 0.163021 0.110187
2 0.757844 0.510313 0.093229 0.053844
2 0.796417 0.511289 0.079208 0.057547
25 0.981594 0.494570 0.036813 0.015297
0 0.943365 0.490039 0.025104 0.022672
0 0.392385 0.484289 0.021604 0.023859
0 0.794417 0.475977 0.021000 0.014766
2 0.826844 0.475148 0.053146 0.029516
25 0.945948 0.477414 0.041312 0.007984
