47 0.640023 0.720033 0.325578 0.150656
26 0.847273 0.772451 0.112766 0.097418
26 0.589297 0.593687 0.053125 0.126499
0 0.302094 0.513392 0.315531 0.439387
0 0.575047 0.518425 0.165469 0.287002
0 0.509336 0.539387 0.063609 0.175186
0 0.760391 0.535230 0.133094 0.409891
0 0.919078 0.594716 0.161844 0.447856
0 0.944180 0.360295 0.111641 0.141510
0 0.698656 0.559880 0.081219 0.266805
0 0.384109 0.509672 0.051594 0.129934
47 0.143492 0.816816 0.049578 0.047637
0 0.344328 0.509048 0.066594 0.142079
47 0.353734 0.767604 0.040563 0.041685
47 0.506625 0.882363 0.986750 0.224639
0 0.410656 0.526827 0.039094 0.068271
0 0.088625 0.517341 0.047094 0.087593
0 0.828914 0.531663 0.183266 0.379650
