15 0.443977 0.471297 0.056609 0.056079
39 0.341055 0.451048 0.012203 0.076867
56 0.901141 0.762956 0.188688 0.449232
60 0.926063 0.801878 0.147875 0.370892
72 0.043805 0.556245 0.087609 0.744979
68 0.173117 0.314212 0.181391 0.157759
69 0.208328 0.663288 0.253531 0.477946
71 0.512570 0.512614 0.098547 0.019627
71 0.597242 0.518807 0.122703 0.022925
39 0.354102 0.462355 0.010266 0.034419
39 0.358742 0.456307 0.012766 0.058921
39 0.641773 0.487365 0.017641 0.053610
44 0.274172 0.439855 0.028187 0.039087
44 0.250078 0.432583 0.008656 0.023382
75 0.851812 0.509720 0.024375 0.036328
44 0.259062 0.447956 0.011344 0.017075
58 0.527016 0.411131 0.099281 0.084087
