1 0.337180 0.849461 0.048797 0.141920
1 0.644867 0.836721 0.049266 0.155035
1 0.978461 0.839145 0.043078 0.105878
2 0.066039 0.735480 0.056328 0.088712
3 0.160016 0.860527 0.150094 0.161382
3 0.604727 0.837471 0.043609 0.088665
0 0.283914 0.756323 0.032422 0.147728
0 0.252500 0.754766 0.033250 0.153888
0 0.272875 0.685562 0.024125 0.049953
2 0.054047 0.679684 0.027031 0.021335
1 0.569219 0.852506 0.045500 0.118173
1 0.527914 0.845878 0.050266 0.134614
1 0.697828 0.841768 0.069875 0.136651
1 0.817320 0.827342 0.053984 0.140304
1 0.889266 0.840152 0.090156 0.130328
2 0.009008 0.681136 0.017422 0.032951
2 0.077641 0.680539 0.032906 0.025012
3 0.929117 0.814719 0.062453 0.172248
0 0.445109 0.817740 0.026875 0.057775
