0 0.530385 0.477297 0.291104 0.383531
41 0.294927 0.767586 0.118438 0.137797
41 0.170323 0.762750 0.112646 0.125063
63 0.541010 0.509750 0.203063 0.127125
65 0.374552 0.810820 0.163021 0.109547
41 0.450646 0.656734 0.082042 0.047656
45 0.249719 0.708078 0.062729 0.045719
73 0.800000 0.585008 0.124667 0.028797
73 0.786687 0.608016 0.130000 0.022562
73 0.707948 0.567937 0.074729 0.040406
73 0.814937 0.557148 0.114375 0.031703
73 0.892813 0.577313 0.049292 0.022375
41 0.149354 0.644781 0.083542 0.091750
41 0.328948 0.724492 0.102271 0.113922
41 0.181833 0.685805 0.117583 0.033922
45 0.181365 0.687758 0.116354 0.029828
57 0.615229 0.522219 0.769542 0.209875
57 0.748750 0.658484 0.502500 0.337438
