15 0.464711 0.636854 0.224672 0.219833
0 0.949266 0.335573 0.101469 0.229521
56 0.453375 0.644948 0.377531 0.593271
73 0.464898 0.937760 0.112297 0.099396
57 0.458633 0.616427 0.386891 0.540063
73 0.899125 0.812417 0.201750 0.187292
73 0.483477 0.968052 0.098547 0.063896
73 0.394477 0.928146 0.072078 0.122083
73 0.499148 0.969146 0.090828 0.047333
0 0.495672 0.282115 0.091906 0.142646
0 0.822523 0.297031 0.031984 0.086354
0 0.778430 0.272958 0.028984 0.068833
59 0.123383 0.750302 0.246766 0.479271
0 0.783078 0.341406 0.040656 0.085396
