58 0.548742 0.510117 0.149922 0.229227
56 0.236508 0.497518 0.078922 0.129649
56 0.173320 0.495211 0.058141 0.122319
56 0.259977 0.449239 0.026547 0.023864
56 0.338148 0.453091 0.028516 0.030726
57 0.652773 0.617518 0.694453 0.351710
60 0.251492 0.500398 0.140516 0.131194
56 0.305539 0.446124 0.029578 0.019321
58 0.665367 0.344977 0.139016 0.232482
58 0.230938 0.423888 0.058656 0.083747
0 0.028695 0.444192 0.057391 0.124028
56 0.183773 0.440293 0.029578 0.016464
56 0.022914 0.442436 0.039859 0.072740
