2 0.581074 0.508539 0.446719 0.407797
56 0.034609 0.487828 0.069219 0.088688
0 0.550605 0.592891 0.221641 0.514594
37 0.247188 0.667953 0.267148 0.664094
0 0.941729 0.488742 0.104160 0.295047
0 0.352334 0.377164 0.108652 0.155672
0 0.091738 0.470422 0.096758 0.209719
24 0.071172 0.521875 0.077344 0.061969
56 0.054707 0.834984 0.104063 0.244625
0 0.848848 0.587070 0.225312 0.586672
56 0.829365 0.839156 0.252871 0.288313
56 0.062187 0.639148 0.124375 0.144672
56 0.108193 0.477398 0.037207 0.023734
