39 0.468977 0.881464 0.196859 0.237073
0 0.504516 0.264040 0.421312 0.528080
54 0.821992 0.470574 0.057266 0.070984
54 0.777414 0.406874 0.056109 0.084098
54 0.751352 0.350433 0.043516 0.052342
54 0.342664 0.357506 0.124328 0.117588
41 0.609266 0.753162 0.081000 0.109133
41 0.596445 0.805164 0.074578 0.068876
41 0.709117 0.908806 0.084672 0.125105
41 0.697797 0.930258 0.076219 0.103372
41 0.592852 0.824871 0.081109 0.074145
54 0.488945 0.432354 0.054797 0.080211
54 0.481828 0.360562 0.048250 0.061405
54 0.813266 0.406897 0.029219 0.062037
54 0.737477 0.301721 0.040141 0.052810
54 0.210367 0.498431 0.145297 0.176206
54 0.931414 0.506874 0.093172 0.077494
41 0.604039 0.784368 0.079359 0.084005
41 0.592414 0.850480 0.079297 0.048033
54 0.220953 0.353244 0.126500 0.124660
54 0.888383 0.506733 0.071891 0.076885
60 0.245180 0.718173 0.490359 0.563653
0 0.814289 0.133630 0.243141 0.267260
54 0.846883 0.516522 0.056047 0.039789
41 0.691883 0.944731 0.078734 0.106136
41 0.656930 0.954110 0.111859 0.091780
