2 0.677453 0.942652 0.645094 0.111285
2 0.386969 0.834264 0.671750 0.211238
2 0.836633 0.818411 0.326734 0.258411
0 0.288539 0.559556 0.156297 0.301121
0 0.339156 0.877173 0.046594 0.140841
0 0.459133 0.878960 0.045797 0.068481
0 0.039070 0.864474 0.078141 0.238201
0 0.071203 0.931414 0.026000 0.080023
0 0.301570 0.934965 0.093609 0.128061
0 0.105016 0.963306 0.057844 0.072827
0 0.601836 0.864696 0.080141 0.063505
0 0.981281 0.862675 0.034906 0.190818
28 0.642352 0.618493 0.141734 0.108388
28 0.415203 0.634743 0.121094 0.118224
28 0.527867 0.623773 0.104016 0.091612
0 0.380172 0.922699 0.060031 0.154603
0 0.155344 0.931285 0.087656 0.137430
0 0.204281 0.961928 0.049500 0.074369
