18 0.547359 0.689712 0.039906 0.096173
18 0.498297 0.691327 0.067062 0.117963
18 0.467258 0.698282 0.029359 0.063313
18 0.431453 0.678837 0.060688 0.123025
18 0.389570 0.701245 0.034703 0.074712
18 0.336633 0.664455 0.054672 0.100844
18 0.231391 0.676595 0.056437 0.079115
18 0.350305 0.721728 0.054734 0.081440
18 0.663680 0.691348 0.058766 0.102490
18 0.857180 0.744033 0.043984 0.070494
18 0.191820 0.674177 0.050516 0.090206
18 0.887383 0.745278 0.027453 0.059527
18 0.378664 0.648179 0.044672 0.066358
18 0.616859 0.699218 0.055563 0.101687
