56 0.671867 0.602292 0.028266 0.181958
0 0.796398 0.523896 0.273516 0.400167
0 0.519422 0.559688 0.244937 0.549542
0 0.201016 0.552927 0.310812 0.497729
40 0.141406 0.425281 0.060344 0.121687
40 0.627359 0.513552 0.132312 0.198771
40 0.908758 0.565573 0.097141 0.195021
40 0.890492 0.762667 0.219016 0.210000
0 0.912641 0.729208 0.173594 0.168542
45 0.685641 0.844708 0.203875 0.310583
56 0.309914 0.694646 0.062234 0.121417
56 0.611773 0.461896 0.035766 0.036083
56 0.313383 0.577115 0.093266 0.281521
56 0.034883 0.430719 0.068766 0.240896
60 0.879383 0.925344 0.241234 0.140188
60 0.499695 0.839906 0.999391 0.290646
