40 0.452400 0.539180 0.208970 0.205141
40 0.174918 0.460336 0.137049 0.134203
40 0.928103 0.546203 0.143794 0.214094
0 0.747845 0.251875 0.076066 0.062781
40 0.212881 0.776062 0.405995 0.382844
40 0.873934 0.415758 0.150398 0.063391
40 0.058595 0.543039 0.117190 0.199016
40 0.507447 0.410938 0.135785 0.059031
40 0.547588 0.374109 0.113255 0.043406
40 0.819543 0.386570 0.126300 0.068078
40 0.787881 0.339445 0.047705 0.032984
40 0.735269 0.336016 0.054988 0.077281
40 0.060890 0.411008 0.100328 0.098672
60 0.500000 0.626305 1.000000 0.723953
40 0.179496 0.370312 0.081756 0.047594
