3 0.553242 0.688208 0.281859 0.435948
0 0.541641 0.562904 0.228125 0.440843
0 0.189289 0.490785 0.049766 0.137588
0 0.255039 0.484836 0.058266 0.163208
0 0.364367 0.391663 0.063109 0.277611
0 0.465000 0.407576 0.092844 0.287845
2 0.553289 0.054859 0.044422 0.020867
2 0.471000 0.051030 0.020906 0.023513
0 0.157758 0.057892 0.012203 0.038689
2 0.499711 0.052670 0.022422 0.023653
2 0.430922 0.050433 0.048781 0.023817
0 0.796141 0.135304 0.019938 0.057681
0 0.770547 0.136112 0.009375 0.049368
0 0.738828 0.126897 0.012937 0.058665
0 0.697094 0.125340 0.016625 0.054426
7 0.183930 0.033419 0.046953 0.036909
