39 0.647875 0.481347 0.014438 0.072904
39 0.635445 0.482693 0.011234 0.066604
39 0.672445 0.489778 0.010234 0.053232
39 0.666766 0.492119 0.006813 0.045972
39 0.798016 0.485948 0.011656 0.068103
39 0.657203 0.598080 0.008625 0.033724
39 0.626086 0.594075 0.008891 0.034848
39 0.632156 0.781827 0.011562 0.046698
71 0.782461 0.756522 0.292391 0.140164
39 0.640422 0.596499 0.010656 0.035059
39 0.615969 0.762237 0.017750 0.079836
26 0.364094 0.621148 0.045719 0.043700
39 0.782813 0.487295 0.010500 0.062506
39 0.880305 0.734813 0.031859 0.090515
79 0.754680 0.491265 0.013391 0.048103
79 0.778250 0.501616 0.008937 0.029836
39 0.659656 0.476991 0.010500 0.029157
