25 0.593711 0.139767 0.113922 0.112475
25 0.765000 0.085392 0.189094 0.103382
25 0.349414 0.125564 0.095609 0.101961
2 0.163141 0.385343 0.326281 0.347549
0 0.374031 0.515760 0.168000 0.790539
0 0.604398 0.450907 0.126641 0.575637
0 0.737781 0.380895 0.131812 0.519093
0 0.862836 0.362635 0.185391 0.550319
26 0.782844 0.304988 0.040813 0.110466
0 0.350602 0.194363 0.032297 0.111373
0 0.903500 0.345502 0.076000 0.359289
25 0.903602 0.097635 0.104734 0.106740
26 0.655609 0.382696 0.082719 0.306471
0 0.577352 0.206593 0.054266 0.194216
