39 0.560297 0.402531 0.013750 0.059896
39 0.668844 0.375969 0.030187 0.121687
0 0.505617 0.779771 0.556172 0.404500
0 0.212055 0.723125 0.173141 0.527042
0 0.638086 0.715740 0.253766 0.389896
0 0.809836 0.661104 0.291578 0.330333
41 0.471187 0.927906 0.066750 0.091188
41 0.433711 0.401969 0.114609 0.062646
45 0.920508 0.737552 0.158984 0.103688
68 0.883062 0.829104 0.232563 0.341792
72 0.873461 0.821802 0.214078 0.353813
0 0.460875 0.583156 0.234719 0.277729
41 0.505430 0.401562 0.024141 0.062875
41 0.414922 0.552115 0.031031 0.027979
41 0.367734 0.418812 0.025125 0.021583
