25 0.198516 0.703794 0.394031 0.427307
25 0.793344 0.507002 0.413312 0.385480
25 0.534203 0.637389 0.163781 0.114871
25 0.517484 0.844953 0.267563 0.233372
25 0.315602 0.769286 0.196422 0.114590
25 0.893578 0.694344 0.212844 0.141382
25 0.802328 0.713103 0.092969 0.107845
25 0.535328 0.681932 0.071063 0.065504
0 0.722422 0.824731 0.145531 0.350539
0 0.942289 0.815726 0.115422 0.359555
25 0.590062 0.675398 0.047656 0.042740
0 0.570563 0.744239 0.055844 0.146792
0 0.050336 0.864859 0.100672 0.245504
0 0.858336 0.855960 0.130609 0.288080
0 0.202695 0.856756 0.172891 0.286487
0 0.586289 0.922037 0.046328 0.065574
0 0.258680 0.872330 0.124203 0.255340
0 0.343484 0.907963 0.081469 0.184075
0 0.493227 0.726288 0.033891 0.049063
0 0.639555 0.876370 0.086047 0.247260
25 0.420305 0.742061 0.104609 0.096206
25 0.674852 0.708653 0.203297 0.098665
0 0.519820 0.955410 0.213953 0.089180
0 0.431281 0.893993 0.092625 0.212014
26 0.389805 0.901710 0.012141 0.058080
