0 0.647711 0.449439 0.057109 0.143832
0 0.418633 0.457792 0.029984 0.194509
0 0.535008 0.475129 0.061203 0.075304
0 0.592305 0.491565 0.054703 0.086776
0 0.461758 0.495467 0.062172 0.124720
8 0.576156 0.526951 0.221000 0.070397
8 0.740680 0.513481 0.137422 0.077150
8 0.441547 0.515350 0.134156 0.077196
8 0.226930 0.487640 0.309578 0.098879
8 0.100297 0.398902 0.161656 0.098551
8 0.025945 0.413738 0.051891 0.061355
0 0.648430 0.491893 0.059672 0.093645
0 0.443430 0.409404 0.023953 0.064042
0 0.652469 0.482185 0.021469 0.046145
