62 0.889883 0.487719 0.035141 0.045437
62 0.824398 0.465042 0.036484 0.047875
56 0.069203 0.771708 0.112656 0.221042
62 0.946477 0.467896 0.038484 0.028625
65 0.625836 0.622073 0.043047 0.025229
0 0.551148 0.639323 0.198922 0.689896
0 0.394437 0.587188 0.143250 0.371083
0 0.254711 0.689865 0.189234 0.613979
0 0.939250 0.711510 0.121188 0.362479
0 0.810797 0.665115 0.179000 0.585812
0 0.147477 0.641573 0.116297 0.514604
0 0.107656 0.563719 0.080344 0.328479
0 0.673656 0.679187 0.169469 0.615208
56 0.150844 0.893260 0.301687 0.213479
56 0.407797 0.873323 0.167594 0.253354
56 0.858937 0.613656 0.049781 0.065354
56 0.454930 0.722219 0.047422 0.082021
56 0.869258 0.654500 0.065172 0.114583
56 0.342852 0.729219 0.046141 0.066062
56 0.053258 0.597531 0.081359 0.127354
56 0.019453 0.662375 0.036750 0.027042
65 0.900039 0.519365 0.015609 0.012354
65 0.309734 0.629969 0.038062 0.026229
