0 0.850468 0.632484 0.299063 0.455000
51 0.848255 0.898672 0.139555 0.041125
46 0.688677 0.467977 0.047330 0.014953
46 0.254297 0.364742 0.057213 0.071391
46 0.847014 0.651094 0.227330 0.138937
46 0.779590 0.352906 0.109766 0.102531
47 0.079684 0.422227 0.018290 0.008422
47 0.078443 0.432828 0.019696 0.008750
47 0.650222 0.429695 0.023536 0.008266
51 0.094251 0.476539 0.054309 0.025984
51 0.139684 0.486070 0.051499 0.033703
51 0.071148 0.511211 0.090492 0.036484
51 0.107037 0.478664 0.060023 0.035047
51 0.119016 0.634734 0.054286 0.025125
51 0.931464 0.846031 0.077916 0.019125
51 0.944016 0.820883 0.111967 0.019172
51 0.418044 0.866961 0.157119 0.135672
51 0.846874 0.882281 0.256698 0.069875
51 0.403361 0.946898 0.104895 0.040797
51 0.677600 0.986242 0.066019 0.027516
46 0.294578 0.301625 0.082412 0.037906
46 0.165703 0.270141 0.107283 0.055156
46 0.962037 0.394781 0.075925 0.088344
46 0.340878 0.359586 0.066674 0.070141
46 0.928911 0.358055 0.096370 0.080141
46 0.452400 0.295750 0.080679 0.054625
46 0.596593 0.347523 0.126300 0.072641
46 0.486300 0.337570 0.034660 0.042328
46 0.069965 0.293375 0.048970 0.032656
51 0.947365 0.835344 0.105269 0.020344
