2 0.223703 0.607850 0.080375 0.105047
2 0.700492 0.612220 0.045422 0.170607
2 0.512719 0.512079 0.036781 0.043925
2 0.565570 0.510549 0.044953 0.050164
2 0.596313 0.497804 0.030750 0.042710
2 0.019094 0.668061 0.034875 0.149813
0 0.830133 0.716893 0.120516 0.429626
0 0.481375 0.492208 0.017344 0.033061
2 0.547930 0.496542 0.041953 0.051402
2 0.710508 0.539614 0.054984 0.086799
9 0.723242 0.190117 0.066047 0.182710
13 0.155297 0.565794 0.021781 0.027757
2 0.480633 0.519661 0.034734 0.028902
2 0.583625 0.532114 0.044469 0.020397
9 0.514398 0.339194 0.011703 0.028949
2 0.510344 0.678096 0.207750 0.291706
