32 0.451703 0.540411 0.014250 0.021197
32 0.144320 0.729425 0.005078 0.007958
0 0.709359 0.707758 0.217594 0.340775
13 0.374570 0.672113 0.082078 0.067840
38 0.781281 0.730399 0.094656 0.081502
32 0.123211 0.687876 0.004766 0.006408
32 0.195875 0.708556 0.006188 0.008521
32 0.228078 0.690282 0.004469 0.006573
32 0.395469 0.728263 0.005500 0.009437
32 0.071359 0.727171 0.006750 0.009460
32 0.277578 0.694624 0.005250 0.007324
32 0.314445 0.695974 0.004922 0.005423
2 0.866250 0.640340 0.101406 0.032324
32 0.263031 0.690000 0.388719 0.313333
32 0.125031 0.726831 0.007437 0.011174
