60 0.473594 0.812021 0.832594 0.375958
42 0.190156 0.817698 0.055875 0.045812
42 0.289805 0.575333 0.015766 0.016750
42 0.243531 0.734187 0.039594 0.073833
60 0.401125 0.540448 0.404500 0.186521
0 0.092695 0.549167 0.185391 0.501125
0 0.898594 0.651687 0.202813 0.696625
0 0.209875 0.464646 0.106656 0.351667
0 0.313023 0.321677 0.098359 0.121063
0 0.792977 0.640458 0.176953 0.633708
0 0.518344 0.384396 0.230781 0.315500
0 0.422187 0.319104 0.170219 0.188750
0 0.739023 0.317573 0.113172 0.141896
0 0.630016 0.441167 0.223563 0.406083
0 0.081805 0.907635 0.163609 0.184729
0 0.261891 0.378385 0.127125 0.244146
39 0.765000 0.768229 0.072344 0.275292
39 0.808109 0.912521 0.096281 0.174417
39 0.624516 0.633979 0.044875 0.191667
39 0.323344 0.797073 0.058750 0.262396
39 0.349375 0.600448 0.038875 0.173437
39 0.298945 0.876188 0.109672 0.226417
39 0.511164 0.452906 0.028672 0.120688
39 0.463906 0.855094 0.063500 0.281813
39 0.346648 0.418792 0.022547 0.079167
39 0.322398 0.421406 0.024484 0.061604
39 0.432781 0.361885 0.018125 0.052979
42 0.529023 0.577271 0.030328 0.043083
42 0.459570 0.480865 0.020203 0.023146
43 0.510633 0.582156 0.041078 0.038146
43 0.254836 0.580906 0.070828 0.038396
43 0.283570 0.676417 0.015578 0.061500
53 0.398578 0.717250 0.132031 0.069792
53 0.434680 0.532771 0.097891 0.047375
53 0.145195 0.816990 0.069203 0.089687
53 0.392984 0.406021 0.025531 0.025792
53 0.390859 0.577177 0.052687 0.028938
0 0.085859 0.360990 0.129781 0.276146
39 0.428891 0.453010 0.026844 0.055187
43 0.125188 0.989417 0.110312 0.021167
0 0.455281 0.355344 0.100687 0.058937
39 0.399828 0.362646 0.019250 0.064167
53 0.422625 0.574052 0.032281 0.022771
53 0.418133 0.761990 0.070922 0.058438
