39 0.193109 0.033594 0.025344 0.067187
47 0.428078 0.191062 0.130438 0.073250
50 0.269648 0.434062 0.272516 0.201208
51 0.778891 0.678625 0.098344 0.169958
51 0.825000 0.672937 0.068812 0.164708
51 0.844117 0.671917 0.088328 0.166958
51 0.812891 0.672698 0.061687 0.136687
51 0.878625 0.649635 0.114094 0.175437
69 0.138656 0.282542 0.275938 0.294125
71 0.700383 0.122354 0.372484 0.161750
51 0.831898 0.683927 0.201266 0.236896
60 0.500844 0.549438 0.998312 0.874167
39 0.153391 0.051260 0.026781 0.051312
39 0.405086 0.033219 0.036922 0.066437
41 0.491141 0.057125 0.055625 0.066667
41 0.518234 0.052083 0.036281 0.065958
69 0.133445 0.132990 0.266891 0.205187
