37 0.543500 0.481927 0.050531 0.411271
37 0.433359 0.504927 0.050813 0.394354
37 0.308562 0.475948 0.077344 0.415687
37 0.352953 0.381479 0.054281 0.132042
37 0.862328 0.566448 0.244937 0.229729
37 0.665195 0.514260 0.121984 0.346229
37 0.579930 0.349031 0.029172 0.145563
37 0.689109 0.351615 0.045844 0.105063
37 0.817664 0.500979 0.188453 0.084708
0 0.175000 0.512927 0.061500 0.308104
0 0.361672 0.528562 0.053812 0.274125
0 0.403664 0.540302 0.064109 0.278396
0 0.458625 0.482333 0.059500 0.222292
0 0.564125 0.544417 0.093906 0.300292
0 0.664797 0.550667 0.056937 0.293458
0 0.725813 0.529667 0.055031 0.272917
0 0.855477 0.550052 0.090078 0.268354
0 0.829883 0.519625 0.055047 0.295833
37 0.500469 0.467792 0.039125 0.120833
0 0.276906 0.560156 0.032563 0.248146
0 0.790305 0.423385 0.024891 0.069479
25 0.061398 0.207687 0.033266 0.027875
0 0.514773 0.625792 0.018734 0.087750
