56 0.509485 0.404602 0.088852 0.104016
0 0.837201 0.543266 0.325597 0.214281
0 0.617693 0.538875 0.025316 0.014656
13 0.558946 0.765914 0.882108 0.440453
0 0.427834 0.509742 0.015761 0.024297
0 0.169251 0.448672 0.009321 0.018125
0 0.579672 0.537000 0.029274 0.017313
0 0.664895 0.457164 0.024778 0.016703
0 0.950281 0.418313 0.008244 0.014781
0 0.977389 0.443664 0.015902 0.021484
0 0.803431 0.408305 0.016698 0.007953
0 0.504930 0.453453 0.011405 0.018281
0 0.040972 0.435789 0.010328 0.022297
60 0.548349 0.420148 0.192763 0.088766
0 0.937986 0.418320 0.008197 0.014859
0 0.616159 0.448398 0.010164 0.019141
