18 0.331608 0.581548 0.133283 0.201715
18 0.542425 0.577884 0.097750 0.212962
18 0.700858 0.544087 0.101383 0.180646
18 0.220117 0.571036 0.144600 0.178864
18 0.134992 0.550947 0.184483 0.203408
18 0.276733 0.462973 0.081967 0.044922
18 0.337933 0.435935 0.123333 0.067639
18 0.298858 0.384421 0.121717 0.062071
0 0.166742 0.327372 0.140917 0.287483
7 0.690600 0.338697 0.436467 0.343185
18 0.290717 0.345312 0.110333 0.063764
18 0.461100 0.563218 0.127900 0.249243
18 0.318083 0.314432 0.101500 0.075056
18 0.353142 0.325434 0.069183 0.080802
18 0.585933 0.557227 0.141600 0.201492
