5 0.418173 0.755273 0.216393 0.129297
5 0.227681 0.784930 0.126089 0.058547
0 0.270785 0.848914 0.089063 0.100078
0 0.597881 0.845500 0.039930 0.085562
0 0.203244 0.845805 0.054262 0.097047
0 0.818255 0.816422 0.054122 0.080281
0 0.963150 0.861227 0.062693 0.117922
0 0.253267 0.847906 0.061382 0.085594
74 0.757400 0.190258 0.085293 0.057516
74 0.632693 0.202969 0.018876 0.058500
0 0.567576 0.800031 0.038009 0.065844
28 0.212951 0.877977 0.052506 0.043922
28 0.107963 0.875578 0.064496 0.041188
0 0.134122 0.797273 0.028618 0.044484
0 0.687002 0.787203 0.030960 0.059062
0 0.777927 0.809734 0.028220 0.081031
0 0.596124 0.786453 0.036136 0.051562
0 0.982588 0.887219 0.034824 0.141437
