2 0.961516 0.502886 0.075094 0.089696
2 0.175359 0.490911 0.028781 0.034486
2 0.165305 0.475467 0.032672 0.039673
2 0.143063 0.478178 0.049000 0.045047
2 0.140766 0.471414 0.059719 0.055070
2 0.101242 0.475023 0.024484 0.036168
2 0.053875 0.473166 0.021156 0.022360
7 0.521562 0.562745 0.705906 0.686005
2 0.133859 0.488960 0.016250 0.022407
9 0.166945 0.054486 0.041047 0.108972
2 0.111820 0.480082 0.019672 0.037547
2 0.044336 0.471612 0.011016 0.025841
9 0.611969 0.243692 0.031094 0.071636
2 0.072422 0.474498 0.023344 0.029743
