2 0.858390 0.532547 0.271460 0.157360
2 0.649820 0.563213 0.195360 0.081840
2 0.496420 0.552120 0.148160 0.084507
2 0.444280 0.549987 0.168560 0.087973
2 0.374560 0.555387 0.114840 0.071040
7 0.329400 0.516893 0.212840 0.094587
0 0.476130 0.625147 0.067860 0.146560
0 0.512900 0.607133 0.037040 0.118800
0 0.637590 0.555520 0.043940 0.094827
26 0.420680 0.736907 0.040000 0.040747
2 0.967240 0.581200 0.065520 0.071040
7 0.496490 0.547627 0.146940 0.084053
7 0.438560 0.551080 0.155360 0.086480
37 0.535660 0.671933 0.228920 0.139280
37 0.603480 0.681787 0.185880 0.136213
37 0.654530 0.697280 0.201700 0.148640
37 0.287090 0.615453 0.062980 0.131120
37 0.249680 0.619507 0.058360 0.126427
37 0.215080 0.630307 0.076000 0.067013
37 0.176770 0.633107 0.060620 0.078960
37 0.149460 0.626013 0.086480 0.090587
37 0.125020 0.598240 0.085200 0.119680
37 0.201500 0.631840 0.084240 0.091840
37 0.149260 0.621080 0.045920 0.088027
7 0.589510 0.553293 0.206700 0.092560
7 0.072060 0.532027 0.117280 0.066293
37 0.111980 0.600067 0.068280 0.094960
37 0.175660 0.616667 0.048880 0.073547
