0 0.438203 0.553552 0.357313 0.689896
38 0.669836 0.236271 0.148922 0.195625
56 0.717133 0.376406 0.119672 0.078646
56 0.819945 0.367417 0.092703 0.065167
56 0.928195 0.365469 0.100453 0.066979
56 0.946195 0.281698 0.107609 0.100979
56 0.852352 0.279458 0.110078 0.088958
56 0.958984 0.180333 0.074156 0.098875
56 0.205469 0.198958 0.098437 0.093750
56 0.687922 0.445406 0.097312 0.026854
56 0.254031 0.294802 0.107531 0.098188
56 0.794312 0.190760 0.095344 0.099479
56 0.888312 0.184417 0.097406 0.098708
56 0.064984 0.294854 0.118094 0.103250
56 0.634555 0.099198 0.105953 0.091104
