32 0.237156 0.521516 0.032354 0.020031
33 0.517972 0.176891 0.802471 0.234781
0 0.591014 0.522406 0.153217 0.256750
0 0.855828 0.528016 0.122331 0.217000
0 0.241142 0.449977 0.069604 0.109359
0 0.085501 0.351406 0.028485 0.024906
0 0.597051 0.362984 0.022587 0.058813
0 0.641702 0.353648 0.049604 0.053859
0 0.765361 0.349430 0.047413 0.051609
0 0.070851 0.444172 0.076434 0.110344
0 0.974347 0.365203 0.042308 0.070219
0 0.161760 0.446813 0.067809 0.114062
0 0.489254 0.315586 0.015524 0.011234
0 0.267378 0.437836 0.037506 0.104922
0 0.937657 0.369391 0.025944 0.065500
