0 0.413369 0.507852 0.121901 0.124266
0 0.935962 0.480797 0.054038 0.047969
0 0.930998 0.544531 0.039742 0.031375
0 0.917570 0.565414 0.035657 0.022047
0 0.915293 0.587227 0.027629 0.032328
0 0.936984 0.718758 0.057535 0.039828
0 0.893779 0.732625 0.047934 0.036531
0 0.865493 0.747719 0.048779 0.040438
0 0.845552 0.760047 0.036737 0.027344
0 0.827218 0.781687 0.058709 0.053344
31 0.427723 0.565531 0.167746 0.040750
0 0.721995 0.844102 0.038779 0.035484
0 0.745587 0.832211 0.042300 0.041234
0 0.766514 0.821211 0.049460 0.040422
