61 0.129773 0.805063 0.256172 0.364042
61 0.939047 0.864052 0.121906 0.244937
61 0.161953 0.482188 0.323906 0.390333
61 0.142414 0.594385 0.284828 0.213479
61 0.886797 0.508979 0.226406 0.366292
61 0.381187 0.179635 0.124656 0.207437
61 0.851578 0.432844 0.290563 0.332437
61 0.216922 0.396750 0.258969 0.354250
61 0.320516 0.235438 0.170687 0.157750
61 0.266937 0.343542 0.248312 0.314375
61 0.367469 0.240219 0.095625 0.073813
61 0.425195 0.150698 0.082266 0.065729
61 0.753859 0.216937 0.166187 0.123792
