0 0.650188 0.733958 0.037344 0.133250
0 0.582891 0.739812 0.036906 0.114042
0 0.846992 0.723781 0.040141 0.113937
34 0.188242 0.726375 0.059203 0.038792
0 0.846023 0.646427 0.009266 0.022562
0 0.969305 0.906479 0.061391 0.187042
0 0.744289 0.669552 0.011672 0.045771
0 0.818500 0.673458 0.016250 0.050375
0 0.806570 0.665781 0.011953 0.039479
0 0.309242 0.663479 0.014203 0.046625
0 0.277625 0.657354 0.011250 0.037750
0 0.900016 0.672896 0.012844 0.044958
35 0.693727 0.664594 0.005109 0.006646
34 0.556750 0.734083 0.026156 0.014542
35 0.835086 0.722656 0.012516 0.022646
0 0.694602 0.676083 0.017422 0.055583
0 0.184023 0.819937 0.111922 0.251792
