72 0.117450 0.314533 0.221460 0.534667
39 0.276500 0.463213 0.031440 0.112827
39 0.543970 0.230240 0.011940 0.067360
56 0.778730 0.932640 0.133100 0.134720
0 0.701120 0.604493 0.471920 0.759547
0 0.244960 0.605147 0.349000 0.789707
0 0.234590 0.250293 0.100140 0.201813
41 0.530990 0.435773 0.034660 0.058000
45 0.419730 0.463640 0.068620 0.069360
68 0.305900 0.105627 0.126400 0.116853
71 0.635560 0.297160 0.135240 0.038267
41 0.572180 0.463693 0.031800 0.046907
44 0.784400 0.228653 0.015320 0.026693
56 0.205450 0.885693 0.199340 0.228613
60 0.473380 0.663640 0.541560 0.646747
69 0.374890 0.383707 0.230180 0.078080
44 0.801300 0.240533 0.015240 0.034133
