32 0.745570 0.456862 0.018660 0.028318
56 0.519900 0.240135 0.086760 0.057087
56 0.327000 0.241006 0.087000 0.051802
34 0.763660 0.380766 0.047440 0.015946
0 0.244510 0.585195 0.336700 0.484805
0 0.636070 0.480526 0.149660 0.494384
0 0.789060 0.503979 0.151160 0.397868
0 0.871780 0.553934 0.187080 0.316877
0 0.949430 0.191877 0.078220 0.128438
0 0.934340 0.128694 0.082000 0.181051
0 0.514860 0.153468 0.104480 0.172462
0 0.432820 0.159129 0.090200 0.156637
0 0.288890 0.314685 0.086620 0.122402
0 0.326480 0.168919 0.097560 0.152312
0 0.853730 0.298694 0.092140 0.150300
0 0.236790 0.226742 0.075180 0.172883
35 0.865490 0.502913 0.059860 0.081081
35 0.096430 0.582598 0.041380 0.066336
56 0.420930 0.243739 0.086260 0.051622
0 0.131760 0.146441 0.131800 0.176486
