1 0.267988 0.570102 0.021663 0.043203
2 0.635217 0.536492 0.107639 0.049859
2 0.417964 0.532406 0.040410 0.021625
2 0.475880 0.528734 0.042602 0.023719
2 0.553181 0.528992 0.025880 0.018703
2 0.444120 0.525766 0.025976 0.018250
0 0.287482 0.553484 0.043253 0.072688
0 0.220434 0.556750 0.022892 0.068406
10 0.633349 0.683617 0.077783 0.052641
13 0.539723 0.824383 0.760265 0.323766
2 0.358590 0.526109 0.014193 0.007875
2 0.946012 0.543586 0.107976 0.068922
2 0.395410 0.530914 0.008169 0.018234
0 0.037566 0.537828 0.021205 0.025562
13 0.786361 0.538477 0.069349 0.023297
