14 0.390664 0.773630 0.054578 0.117892
14 0.282539 0.730199 0.049484 0.129157
14 0.675820 0.845984 0.084109 0.174637
14 0.847820 0.695234 0.033891 0.067752
14 0.963336 0.649871 0.029766 0.036370
14 0.519188 0.642260 0.040000 0.049251
14 0.230125 0.393197 0.100500 0.157354
14 0.480977 0.695047 0.061828 0.124988
14 0.855320 0.588560 0.019484 0.019789
14 0.876109 0.617892 0.009531 0.032506
0 0.454820 0.508525 0.011984 0.050211
0 0.439367 0.508279 0.009766 0.044379
0 0.837773 0.495948 0.004078 0.014473
0 0.844320 0.494438 0.005328 0.021756
0 0.695406 0.504368 0.004437 0.011499
0 0.682359 0.504637 0.006188 0.017424
14 0.316039 0.447037 0.007953 0.009813
0 0.923320 0.496393 0.006703 0.009368
0 0.678164 0.498829 0.007141 0.015222
0 0.904938 0.490105 0.003000 0.012155
