56 0.669698 0.485680 0.120688 0.277609
56 0.929562 0.668547 0.139208 0.237625
41 0.928948 0.393023 0.050396 0.056234
63 0.435437 0.344594 0.204208 0.087844
63 0.520698 0.242703 0.074313 0.034969
63 0.650052 0.268453 0.126021 0.057906
24 0.415469 0.471516 0.229396 0.177219
0 0.085583 0.489859 0.159167 0.968469
0 0.372667 0.289234 0.242958 0.189656
0 0.303490 0.251094 0.115271 0.155344
0 0.487094 0.213500 0.071271 0.078375
0 0.902354 0.294406 0.155500 0.152344
0 0.755531 0.434234 0.189104 0.419625
0 0.905542 0.552711 0.185792 0.341453
0 0.133552 0.314719 0.068729 0.275500
0 0.607490 0.250383 0.103646 0.105172
56 0.169573 0.344187 0.082021 0.157875
24 0.821698 0.360711 0.182604 0.069766
26 0.822510 0.362242 0.171687 0.053609
56 0.395031 0.587586 0.257188 0.329422
60 0.840313 0.400609 0.319375 0.118313
60 0.490073 0.393062 0.200479 0.052000
39 0.541927 0.351258 0.048562 0.093016
60 0.526073 0.270062 0.078646 0.022812
60 0.636021 0.305000 0.133833 0.026188
60 0.133760 0.320109 0.041813 0.027906
