5 0.451016 0.848189 0.128500 0.225117
5 0.553148 0.823049 0.096984 0.153061
0 0.163828 0.823703 0.012250 0.019136
0 0.251445 0.841168 0.019516 0.076449
0 0.276367 0.855771 0.029672 0.085607
0 0.218102 0.873084 0.026328 0.102243
0 0.612398 0.831063 0.013891 0.064743
0 0.624453 0.824614 0.016219 0.062500
0 0.820930 0.866600 0.024047 0.143808
0 0.232023 0.910748 0.049578 0.176402
0 0.148789 0.853937 0.027578 0.097547
0 0.309305 0.876075 0.031891 0.122196
26 0.299594 0.881939 0.013781 0.038224
0 0.339703 0.831320 0.011750 0.062360
0 0.160008 0.859626 0.042766 0.089720
5 0.383859 0.827196 0.023406 0.123551
0 0.085969 0.901367 0.156750 0.197266
