25 0.509475 0.426234 0.602941 0.293719
56 0.054695 0.727242 0.109391 0.085797
56 0.170168 0.658930 0.056891 0.062672
0 0.161082 0.588109 0.107416 0.169844
0 0.112605 0.526750 0.044328 0.053719
0 0.067195 0.532164 0.082626 0.072547
0 0.077563 0.641437 0.155126 0.216656
47 0.459149 0.594117 0.143214 0.044422
47 0.677279 0.597289 0.086197 0.033797
47 0.775536 0.583758 0.096450 0.033453
49 0.524160 0.656695 0.327689 0.210953
26 0.179265 0.567602 0.084916 0.067172
46 0.444737 0.439172 0.056113 0.039781
46 0.758214 0.451570 0.042941 0.033203
46 0.438456 0.489969 0.049559 0.047563
46 0.801891 0.450023 0.046555 0.030172
46 0.603887 0.516656 0.040546 0.026500
46 0.600462 0.469133 0.027185 0.020359
46 0.902952 0.454719 0.036954 0.035563
46 0.839569 0.455195 0.051618 0.030953
46 0.542206 0.456586 0.041303 0.030078
46 0.489212 0.454391 0.023929 0.020938
46 0.381471 0.450008 0.056891 0.032516
46 0.944895 0.486625 0.038109 0.028344
49 0.827290 0.607242 0.101387 0.031016
46 0.384254 0.501406 0.041197 0.036406
0 0.102815 0.597820 0.082227 0.108891
0 0.968193 0.491047 0.063613 0.097719
