2 0.020945 0.649062 0.041891 0.065375
2 0.157578 0.641917 0.050750 0.041458
2 0.519313 0.640156 0.075406 0.032813
2 0.125594 0.629604 0.023281 0.015167
9 0.700789 0.276635 0.062016 0.215729
2 0.595148 0.643969 0.068734 0.023229
2 0.103016 0.632250 0.036062 0.014667
2 0.922945 0.635250 0.089172 0.028958
9 0.227180 0.551000 0.020016 0.031375
9 0.157484 0.498167 0.032563 0.037042
9 0.253750 0.549229 0.021656 0.027042
9 0.967312 0.480240 0.011437 0.034312
9 0.879680 0.586448 0.011984 0.028896
9 0.251836 0.503979 0.034547 0.075333
2 0.349844 0.625198 0.012844 0.018188
2 0.441523 0.646865 0.079547 0.027479
2 0.046281 0.627594 0.015344 0.014979
2 0.193883 0.632312 0.024297 0.014917
2 0.210484 0.636823 0.015000 0.023396
9 0.712258 0.443604 0.057859 0.076333
