56 0.943562 0.729525 0.109094 0.288800
60 0.500000 0.807063 1.000000 0.385875
0 0.585672 0.482025 0.266844 0.469650
41 0.458563 0.911238 0.102531 0.155075
42 0.671555 0.985900 0.028797 0.028200
45 0.216508 0.807063 0.306891 0.354275
41 0.613836 0.744725 0.053422 0.115850
41 0.539375 0.707688 0.086000 0.073275
45 0.537094 0.707300 0.088125 0.077000
54 0.164086 0.694575 0.055047 0.041150
54 0.254766 0.690062 0.039500 0.044675
54 0.279578 0.660037 0.038125 0.027525
54 0.154297 0.676238 0.087875 0.069975
54 0.211102 0.686425 0.043578 0.065250
54 0.316055 0.683163 0.030672 0.037075
54 0.338172 0.687413 0.024875 0.027775
54 0.289484 0.677087 0.034125 0.049025
56 0.071430 0.619988 0.136359 0.238975
56 0.747211 0.656225 0.068203 0.184750
56 0.027383 0.675312 0.054078 0.159625
