72 0.692953 0.462188 0.295312 0.422833
45 0.432664 0.670990 0.199609 0.285396
49 0.435164 0.511385 0.020859 0.027438
49 0.413242 0.509990 0.021828 0.028604
49 0.456531 0.510833 0.019938 0.027417
68 0.258813 0.262990 0.233531 0.169479
69 0.269055 0.665917 0.265703 0.511208
71 0.693953 0.737323 0.470125 0.182104
39 0.431875 0.471792 0.031875 0.055500
47 0.397422 0.564802 0.036750 0.046938
47 0.462930 0.582552 0.046797 0.059604
47 0.428922 0.624292 0.043562 0.063875
47 0.445742 0.555615 0.038359 0.040354
47 0.494391 0.609323 0.044531 0.058729
47 0.425078 0.587896 0.038094 0.036708
47 0.425687 0.552958 0.022125 0.029500
47 0.374047 0.567073 0.019312 0.039271
47 0.459242 0.637719 0.041484 0.057813
47 0.421055 0.656344 0.040984 0.035271
58 0.927969 0.602010 0.144063 0.186104
47 0.388695 0.612573 0.042828 0.053021
47 0.508617 0.592792 0.037797 0.050417
