0 0.208766 0.754833 0.081969 0.490333
0 0.443797 0.772021 0.109062 0.455958
0 0.509953 0.636115 0.049375 0.187146
0 0.728938 0.695510 0.123031 0.312354
24 0.156445 0.691500 0.056234 0.167500
26 0.429766 0.713938 0.093906 0.198750
26 0.358187 0.750802 0.049688 0.076188
28 0.309266 0.858063 0.119656 0.166292
28 0.109547 0.894385 0.144937 0.184271
28 0.483703 0.925844 0.128094 0.116854
28 0.707023 0.952813 0.112922 0.062917
0 0.375000 0.723604 0.082594 0.400000
24 0.713773 0.878760 0.112516 0.154229
