62 0.296805 0.704124 0.452359 0.564042
15 0.274688 0.308750 0.270375 0.341939
73 0.401820 0.070537 0.012578 0.119065
73 0.454594 0.076402 0.031563 0.143832
73 0.897875 0.619474 0.016625 0.134182
73 0.648461 0.096612 0.015641 0.117710
73 0.691625 0.094287 0.010500 0.118201
73 0.833156 0.243049 0.021344 0.122921
73 0.943695 0.090082 0.009016 0.126893
73 0.925141 0.247430 0.019813 0.128738
73 0.930797 0.250689 0.138406 0.127734
73 0.470133 0.219194 0.076578 0.019930
73 0.471203 0.279965 0.075500 0.029883
73 0.894586 0.089509 0.010672 0.135000
73 0.794781 0.367850 0.011938 0.076308
