0 0.610891 0.533329 0.734875 0.910117
57 0.836711 0.500000 0.326578 1.000000
59 0.838883 0.493703 0.322234 0.984276
63 0.205867 0.668061 0.352609 0.456963
73 0.168609 0.088645 0.079000 0.031262
73 0.170758 0.109311 0.079391 0.037360
73 0.164992 0.075619 0.082234 0.031332
73 0.080578 0.091215 0.013875 0.032523
73 0.162734 0.051157 0.090188 0.051612
73 0.075094 0.056904 0.081125 0.043481
73 0.158070 0.140678 0.114297 0.077944
60 0.244805 0.730713 0.484203 0.538575
73 0.027672 0.101717 0.017406 0.045771
73 0.097016 0.130678 0.021406 0.111542
77 0.058813 0.157430 0.098031 0.164112
