0 0.866291 0.621495 0.267418 0.721356
0 0.340016 0.420286 0.302843 0.373546
0 0.119641 0.612304 0.234771 0.751699
0 0.565172 0.363676 0.235964 0.314608
0 0.183031 0.230286 0.071618 0.093742
40 0.368815 0.577990 0.070343 0.185392
40 0.408137 0.605776 0.073889 0.197239
40 0.629387 0.553709 0.067500 0.098791
42 0.476830 0.818611 0.173203 0.106242
43 0.504028 0.846593 0.198676 0.110899
43 0.625760 0.759085 0.163284 0.085229
45 0.755817 0.692892 0.158562 0.096667
39 0.333864 0.097753 0.008350 0.034232
39 0.520449 0.088423 0.010768 0.043415
41 0.600245 0.655948 0.076536 0.153072
41 0.559060 0.592786 0.061291 0.163154
41 0.486062 0.663366 0.078660 0.140621
44 0.819060 0.667435 0.072369 0.062843
56 0.509624 0.312075 0.065686 0.095425
60 0.527100 0.736814 0.740801 0.512974
60 0.520678 0.385351 0.080114 0.051846
67 0.523309 0.861838 0.119395 0.092925
67 0.618350 0.833538 0.104085 0.091520
0 0.451381 0.183725 0.133938 0.263627
0 0.833824 0.205008 0.202549 0.305441
0 0.968399 0.186511 0.063203 0.233284
51 0.267802 0.746667 0.048742 0.041242
51 0.297998 0.705172 0.048121 0.034199
0 0.355654 0.222157 0.037941 0.073497
40 0.364918 0.074387 0.011993 0.031912
40 0.378815 0.075425 0.012794 0.031503
40 0.394175 0.073627 0.017042 0.036275
40 0.410408 0.073113 0.015882 0.036356
40 0.425049 0.073211 0.014575 0.038350
41 0.462500 0.593676 0.059837 0.124150
56 0.211683 0.393505 0.064935 0.137663
56 0.558725 0.328472 0.075719 0.088219
0 0.758064 0.406144 0.314167 0.420556
0 0.272933 0.288889 0.118350 0.182386
0 0.096225 0.220547 0.035915 0.035441
56 0.140556 0.257721 0.033758 0.044134
56 0.326193 0.259224 0.025000 0.034951
56 0.652067 0.418603 0.174592 0.201748
60 0.204109 0.260074 0.038840 0.019755
60 0.552492 0.251405 0.049199 0.027190
42 0.634003 0.770752 0.150882 0.101471
42 0.506822 0.827165 0.177500 0.099493
42 0.596209 0.769297 0.169444 0.085196
