39 0.662117 0.565758 0.047172 0.168203
57 0.365008 0.526461 0.276453 0.272141
0 0.148766 0.652500 0.293063 0.630875
0 0.524188 0.428844 0.251063 0.365375
0 0.826969 0.526594 0.247187 0.469656
60 0.553930 0.777523 0.662922 0.413484
41 0.703367 0.656180 0.040453 0.098891
41 0.339570 0.776742 0.058828 0.077547
41 0.718469 0.662352 0.038469 0.072328
41 0.565250 0.610812 0.030219 0.048531
41 0.624695 0.589992 0.036078 0.058297
43 0.287797 0.687141 0.040813 0.055500
53 0.391281 0.708406 0.177219 0.064781
53 0.838266 0.467531 0.066875 0.015781
67 0.797461 0.416125 0.025609 0.027437
53 0.584461 0.463453 0.045609 0.014469
