2 0.534437 0.795729 0.340031 0.206083
2 0.054836 0.855917 0.109672 0.215042
2 0.816125 0.960750 0.354844 0.062375
5 0.539328 0.543823 0.775281 0.319104
3 0.332477 0.900771 0.139984 0.145708
0 0.534266 0.365135 0.025594 0.051521
0 0.185445 0.580250 0.038672 0.044083
0 0.236617 0.574208 0.035328 0.035500
0 0.287305 0.575740 0.041703 0.037646
0 0.359414 0.570552 0.015172 0.030062
0 0.528078 0.566698 0.025375 0.029687
0 0.323883 0.359656 0.031953 0.075896
0 0.767859 0.563156 0.028406 0.035062
0 0.720008 0.562490 0.023484 0.031313
0 0.455812 0.368719 0.020375 0.054646
0 0.671070 0.562396 0.024266 0.030000
2 0.931523 0.746813 0.136953 0.271875
2 0.248164 0.981052 0.268234 0.037896
0 0.615234 0.565333 0.019031 0.029083
0 0.893227 0.273125 0.027578 0.112625
3 0.661305 0.908521 0.176078 0.116542
