39 0.476208 0.249523 0.063750 0.142422
39 0.560208 0.254664 0.086667 0.140297
39 0.667750 0.664172 0.052625 0.128000
39 0.695135 0.677711 0.041188 0.114078
39 0.571302 0.399500 0.036271 0.071813
72 0.550333 0.529297 0.891875 0.915000
55 0.508469 0.500258 0.091563 0.069078
39 0.765708 0.563500 0.057542 0.117469
39 0.645573 0.639727 0.037729 0.069453
39 0.716521 0.870945 0.085958 0.134453
39 0.713885 0.373703 0.064146 0.132406
45 0.587104 0.788234 0.083958 0.028531
45 0.568104 0.513938 0.070333 0.034500
39 0.692958 0.365586 0.082000 0.132453
39 0.693354 0.622563 0.023917 0.052219
39 0.824094 0.707125 0.044854 0.129719
39 0.719833 0.695180 0.045875 0.103953
45 0.493802 0.767992 0.092729 0.025297
