1 0.239555 0.537453 0.060328 0.137781
3 0.364309 0.492336 0.061920 0.071953
0 0.710585 0.538289 0.232927 0.367109
0 0.118946 0.687070 0.224309 0.603172
0 0.429297 0.479266 0.066042 0.132187
1 0.609637 0.678656 0.316604 0.175281
0 0.293068 0.469047 0.071382 0.126375
0 0.825527 0.458133 0.078501 0.217922
0 0.410878 0.427891 0.030515 0.062094
0 0.036382 0.364336 0.070749 0.105422
0 0.969696 0.402539 0.060609 0.119266
0 0.361194 0.442000 0.074660 0.076969
0 0.242518 0.422797 0.038899 0.057125
0 0.357400 0.418539 0.076909 0.034766
0 0.836745 0.762336 0.326511 0.475328
0 0.029485 0.484531 0.058970 0.118188
