4 0.421078 0.162126 0.320187 0.161069
4 0.651477 0.153551 0.246828 0.151093
4 0.865500 0.163492 0.252781 0.132589
0 0.983180 0.738088 0.012922 0.044442
0 0.876477 0.724394 0.008109 0.023278
2 0.390016 0.635546 0.039125 0.051568
2 0.232711 0.658658 0.034391 0.048670
2 0.180016 0.651259 0.021875 0.035629
2 0.858070 0.671401 0.041953 0.057387
2 0.744477 0.652007 0.051359 0.051948
2 0.133742 0.650523 0.034734 0.046413
2 0.295914 0.659133 0.023609 0.046152
2 0.343586 0.656473 0.040984 0.063634
7 0.564781 0.658515 0.071750 0.078076
7 0.179352 0.618682 0.023016 0.046532
0 0.496063 0.701235 0.017188 0.051401
2 0.394539 0.665309 0.035516 0.043777
2 0.452398 0.665059 0.040891 0.048646
2 0.340313 0.624727 0.048906 0.038575
2 0.234773 0.627565 0.039484 0.043682
5 0.805617 0.859264 0.337828 0.172827
5 0.236328 0.801235 0.472656 0.175297
2 0.072461 0.644905 0.009828 0.027910
