9 0.648020 0.449800 0.094320 0.133040
9 0.555600 0.475933 0.017800 0.062960
9 0.522630 0.478053 0.032900 0.067253
9 0.496950 0.483907 0.011540 0.036187
0 0.322820 0.589467 0.027120 0.061653
0 0.383190 0.552293 0.014100 0.038400
0 0.834650 0.620453 0.021100 0.046880
0 0.071650 0.616933 0.027220 0.064107
0 0.806380 0.586867 0.022560 0.036560
0 0.852500 0.616507 0.016240 0.074667
2 0.366290 0.862120 0.187220 0.239333
2 0.801220 0.716560 0.107240 0.128587
2 0.602130 0.640413 0.060380 0.068027
5 0.430260 0.539813 0.052520 0.056587
9 0.733050 0.510693 0.011100 0.041173
9 0.474640 0.494293 0.007760 0.019413
9 0.920610 0.518307 0.017140 0.066373
0 0.967640 0.579547 0.018960 0.017653
2 0.532030 0.587987 0.037940 0.037360
2 0.033710 0.698720 0.066100 0.110720
2 0.230700 0.594560 0.055440 0.051467
2 0.683330 0.633333 0.048140 0.071627
2 0.970000 0.682480 0.060000 0.100107
2 0.556880 0.643867 0.040200 0.032587
2 0.567170 0.614627 0.031140 0.033893
2 0.626790 0.608707 0.028820 0.050693
2 0.560370 0.589373 0.017740 0.024880
3 0.786590 0.631360 0.042380 0.050667
0 0.321200 0.546760 0.009040 0.027227
0 0.302190 0.553093 0.009500 0.034347
0 0.818530 0.618347 0.014980 0.055520
0 0.825420 0.572733 0.015760 0.036613
0 0.780200 0.588493 0.016600 0.032987
2 0.586340 0.575933 0.036920 0.031333
