62 0.554970 0.614611 0.232980 0.276389
39 0.790340 0.738139 0.044600 0.190111
41 0.735660 0.772417 0.083280 0.163111
73 0.352000 0.451792 0.043680 0.155750
73 0.172770 0.474139 0.089820 0.247222
66 0.475690 0.971917 0.336540 0.029222
73 0.972690 0.466389 0.017100 0.124111
73 0.935240 0.468056 0.009400 0.116389
73 0.964580 0.612292 0.030960 0.140861
73 0.848440 0.620208 0.011840 0.115917
73 0.920960 0.613042 0.032160 0.127417
73 0.949220 0.471903 0.009240 0.116861
73 0.907030 0.619458 0.030580 0.120583
73 0.339380 0.452472 0.047280 0.148333
73 0.330070 0.449833 0.051380 0.151556
73 0.363000 0.456722 0.041360 0.149167
73 0.113610 0.505056 0.025660 0.193611
