26 0.281227 0.896271 0.034172 0.115625
26 0.372539 0.792031 0.039922 0.060687
0 0.642680 0.868604 0.137922 0.262792
0 0.544070 0.835104 0.057266 0.270458
0 0.357789 0.758104 0.049953 0.117000
0 0.330453 0.735656 0.046250 0.074896
0 0.270750 0.779781 0.080687 0.159438
0 0.248820 0.879417 0.088234 0.218833
0 0.061836 0.869344 0.093391 0.261313
0 0.145055 0.733396 0.065828 0.192958
0 0.505094 0.820781 0.045844 0.266021
0 0.426344 0.734854 0.041188 0.172875
0 0.628734 0.690104 0.026188 0.093250
7 0.915672 0.606240 0.048750 0.048479
25 0.676406 0.278229 0.176625 0.039333
26 0.095312 0.856438 0.037687 0.135833
26 0.984266 0.892885 0.026969 0.119104
26 0.647789 0.865052 0.041484 0.157396
26 0.912367 0.662281 0.012453 0.021813
26 0.950023 0.655740 0.014172 0.035396
26 0.040805 0.706479 0.006609 0.030000
26 0.181438 0.703573 0.027156 0.088604
26 0.718102 0.742906 0.022266 0.059979
26 0.106258 0.853615 0.034609 0.048979
26 0.221664 0.707698 0.019984 0.029396
26 0.128289 0.713115 0.014234 0.039146
0 0.388133 0.836208 0.059766 0.244125
0 0.815875 0.772604 0.035906 0.148667
26 0.580609 0.781823 0.011437 0.056438
