5 0.717734 0.710539 0.291075 0.144766
5 0.228458 0.709305 0.201589 0.147922
0 0.976051 0.774703 0.047897 0.110813
9 0.433481 0.817977 0.262103 0.337078
26 0.736379 0.807219 0.056028 0.069906
28 0.618680 0.864797 0.043294 0.049375
0 0.703283 0.818477 0.073715 0.149078
0 0.603072 0.816094 0.042220 0.129125
0 0.088610 0.734430 0.067033 0.043203
9 0.920269 0.653484 0.043341 0.054469
24 0.878084 0.740289 0.027290 0.043797
24 0.975748 0.747656 0.030935 0.023312
0 0.986752 0.709070 0.026495 0.060734
0 0.041005 0.967820 0.082009 0.063891
0 0.864930 0.756016 0.054159 0.111750
5 0.064661 0.615547 0.091893 0.082437
0 0.742395 0.690367 0.035257 0.045953
0 0.031320 0.867023 0.050724 0.150172
7 0.138995 0.749250 0.256963 0.182031
11 0.034217 0.638703 0.037640 0.042406
