0 0.847420 0.494895 0.305160 0.980211
0 0.509340 0.362304 0.058080 0.213464
0 0.431620 0.442123 0.107160 0.327681
0 0.328430 0.391250 0.037580 0.133042
0 0.360670 0.410934 0.054580 0.190120
0 0.178880 0.570256 0.151280 0.414729
0 0.228160 0.499985 0.099040 0.218404
0 0.718600 0.255271 0.029440 0.085964
0 0.581090 0.310105 0.031340 0.101114
36 0.211940 0.760587 0.149640 0.164548
36 0.456230 0.600934 0.071460 0.060542
36 0.524260 0.459593 0.031880 0.036717
24 0.176880 0.477229 0.053320 0.146627
24 0.219890 0.439066 0.037260 0.056084
24 0.397560 0.368524 0.016280 0.065181
27 0.870590 0.407154 0.052180 0.315813
27 0.429460 0.376491 0.041360 0.065030
27 0.152890 0.516627 0.041500 0.141747
27 0.496150 0.312184 0.010060 0.037922
36 0.795080 0.956506 0.057880 0.086988
36 0.370320 0.502560 0.028320 0.032108
0 0.532850 0.316762 0.021700 0.078946
0 0.562080 0.304819 0.016520 0.075964
0 0.549790 0.310753 0.016140 0.059940
27 0.318320 0.367063 0.004440 0.031837
27 0.532000 0.305105 0.005080 0.016958
27 0.563910 0.290723 0.003980 0.013373
