2 0.207352 0.840466 0.140547 0.157156
2 0.523969 0.550455 0.062375 0.080490
2 0.392398 0.737692 0.087078 0.103916
2 0.412906 0.653030 0.072125 0.074359
2 0.426570 0.621690 0.057234 0.064033
2 0.529469 0.640455 0.067781 0.080909
7 0.284016 0.646422 0.120375 0.190839
7 0.203328 0.834103 0.129594 0.146667
7 0.583828 0.523392 0.048063 0.064312
7 0.439086 0.508112 0.056922 0.056503
9 0.802828 0.534837 0.033156 0.102354
9 0.619898 0.512343 0.024016 0.115082
9 0.343352 0.515723 0.027141 0.110746
2 0.421602 0.560221 0.058797 0.045571
2 0.126906 0.944860 0.139187 0.088508
2 0.518320 0.591853 0.055672 0.065804
7 0.640352 0.654545 0.081297 0.120326
7 0.522711 0.485478 0.050516 0.051608
9 0.462055 0.329755 0.015516 0.043753
9 0.386070 0.338648 0.040609 0.028718
9 0.579703 0.333298 0.010000 0.036014
9 0.524273 0.332284 0.016484 0.039907
2 0.397906 0.464464 0.037625 0.045058
2 0.414727 0.438660 0.034328 0.026457
9 0.091641 0.527343 0.025594 0.105781
9 0.488305 0.225594 0.011484 0.017156
