0 0.820780 0.653933 0.350560 0.669680
0 0.112920 0.452813 0.195520 0.577520
0 0.509290 0.586720 0.339540 0.628373
0 0.048930 0.442520 0.097860 0.206320
39 0.398740 0.840160 0.053520 0.267307
39 0.349970 0.819387 0.059140 0.261173
39 0.308100 0.793733 0.048320 0.260267
39 0.267020 0.774600 0.030320 0.236347
39 0.221340 0.739347 0.030480 0.225413
39 0.200450 0.721853 0.029860 0.215867
39 0.169970 0.706013 0.037580 0.208613
39 0.245300 0.759600 0.031760 0.221173
41 0.477350 0.846320 0.042060 0.075200
41 0.571130 0.903053 0.046020 0.081787
72 0.041010 0.272400 0.082020 0.207147
75 0.685490 0.266253 0.020740 0.063440
41 0.608140 0.926067 0.045960 0.084240
41 0.540940 0.883893 0.043480 0.078987
41 0.510900 0.865280 0.042640 0.072533
41 0.140010 0.733720 0.029060 0.057307
41 0.431770 0.957813 0.051860 0.084373
41 0.032230 0.846360 0.037100 0.070320
41 0.128550 0.866653 0.041660 0.076347
41 0.110040 0.749907 0.036480 0.061627
41 0.070740 0.758920 0.033520 0.060293
41 0.149800 0.889920 0.044040 0.079147
60 0.399350 0.842853 0.798700 0.288320
41 0.651990 0.942000 0.047060 0.088533
