57 0.270383 0.711375 0.360516 0.521458
0 0.454391 0.684677 0.743250 0.605854
0 0.101742 0.290958 0.203484 0.581917
0 0.812242 0.314667 0.151266 0.245458
41 0.115281 0.153125 0.052125 0.095125
65 0.145273 0.906948 0.119578 0.112479
56 0.141578 0.584833 0.273031 0.467417
56 0.273828 0.641979 0.370812 0.417333
73 0.931328 0.618635 0.049562 0.045562
73 0.921148 0.536875 0.036922 0.061542
73 0.865305 0.793094 0.050984 0.060062
73 0.954648 0.373302 0.031859 0.053312
73 0.871750 0.477677 0.024625 0.046604
73 0.884039 0.487698 0.026266 0.047188
73 0.964922 0.293042 0.028219 0.049708
41 0.022562 0.946135 0.045125 0.099562
73 0.959469 0.497406 0.027969 0.048229
73 0.925125 0.629854 0.044844 0.054125
73 0.856312 0.735427 0.041969 0.070021
73 0.907141 0.421771 0.071781 0.083875
73 0.790102 0.843021 0.065016 0.123458
73 0.877141 0.748844 0.033875 0.056104
0 0.537219 0.514979 0.411531 0.606750
0 0.270781 0.306583 0.394781 0.599125
