32 0.607984 0.082531 0.013062 0.017229
56 0.478867 0.105760 0.031797 0.032979
56 0.205109 0.070771 0.030406 0.025167
56 0.203148 0.097094 0.034016 0.028687
56 0.773367 0.332385 0.043172 0.070479
56 0.416125 0.243365 0.027031 0.010396
56 0.260336 0.204813 0.040797 0.038167
56 0.508258 0.106813 0.032203 0.020792
56 0.540086 0.104052 0.031047 0.021229
56 0.571078 0.105740 0.034031 0.024479
56 0.568852 0.081125 0.027828 0.028083
56 0.538820 0.081010 0.030766 0.025187
56 0.505422 0.059792 0.030031 0.023167
56 0.532797 0.057563 0.028719 0.025625
0 0.588969 0.484312 0.117000 0.465542
0 0.037320 0.301500 0.040922 0.064792
0 0.420563 0.333333 0.059594 0.094042
0 0.141203 0.311771 0.037594 0.039667
0 0.165922 0.311250 0.028625 0.042625
0 0.188891 0.297208 0.035125 0.068958
0 0.292063 0.320271 0.060969 0.074250
0 0.319125 0.306760 0.041531 0.086771
0 0.349289 0.324042 0.045547 0.064250
0 0.839328 0.348948 0.046469 0.039354
13 0.136039 0.078635 0.240391 0.041021
13 0.240797 0.230510 0.086063 0.020771
13 0.209156 0.118667 0.067687 0.023250
13 0.509203 0.102906 0.223250 0.106813
13 0.961516 0.320792 0.075844 0.065167
38 0.501289 0.300937 0.087984 0.072833
0 0.886273 0.341667 0.044141 0.047500
0 0.083055 0.296323 0.037641 0.066938
0 0.655813 0.335385 0.046875 0.071854
