25 0.668609 0.298427 0.283562 0.360986
0 0.170133 0.515692 0.256703 0.107629
0 0.629484 0.632993 0.138656 0.695704
0 0.407055 0.266948 0.084891 0.134507
0 0.340297 0.524718 0.112187 0.393239
0 0.326523 0.119261 0.052453 0.234577
0 0.082242 0.136291 0.135172 0.066620
0 0.115688 0.117312 0.020656 0.050070
0 0.981859 0.210352 0.036281 0.079718
0 0.378789 0.153028 0.055359 0.093568
0 0.427578 0.151925 0.072625 0.090516
25 0.528984 0.069812 0.230906 0.099108
25 0.332063 0.031092 0.179500 0.058427
25 0.646773 0.043286 0.105891 0.079718
25 0.756938 0.046984 0.197250 0.092136
56 0.377648 0.816138 0.172984 0.295047
56 0.587180 0.168556 0.059703 0.083638
56 0.317867 0.279085 0.080672 0.167934
0 0.242172 0.126103 0.046125 0.196573
24 0.206133 0.551772 0.090922 0.059883
24 0.951836 0.089284 0.022609 0.048709
0 0.073516 0.174977 0.018563 0.115540
