2 0.773760 0.738656 0.136188 0.066469
2 0.614427 0.732781 0.094521 0.054594
2 0.968990 0.744031 0.059687 0.098687
2 0.559281 0.734789 0.072271 0.043953
2 0.422729 0.728039 0.038708 0.037172
2 0.678271 0.738563 0.096542 0.050313
2 0.375365 0.729164 0.045604 0.028391
2 0.523010 0.732477 0.063021 0.042672
2 0.343719 0.726148 0.034063 0.028016
2 0.134583 0.725359 0.038250 0.021563
2 0.282635 0.726047 0.034188 0.027906
3 0.822052 0.744180 0.086354 0.064766
2 0.017323 0.725063 0.032063 0.022094
3 0.893573 0.750211 0.090062 0.054797
9 0.072552 0.646211 0.013312 0.019609
9 0.132604 0.650820 0.013125 0.029516
9 0.185021 0.663922 0.015458 0.021469
