34 0.690188 0.301746 0.149500 0.170212
0 0.698375 0.505622 0.164938 0.581085
0 0.590805 0.453413 0.055734 0.311746
0 0.089484 0.521071 0.058250 0.154841
0 0.464477 0.476389 0.064078 0.160661
0 0.275641 0.435066 0.050687 0.105847
0 0.294711 0.414048 0.020797 0.065873
0 0.407906 0.473386 0.068344 0.190053
0 0.507836 0.493016 0.047672 0.136032
0 0.625648 0.465079 0.028078 0.166667
0 0.231227 0.481455 0.065359 0.221323
27 0.271289 0.439378 0.004047 0.027063
35 0.369812 0.815212 0.032969 0.049471
0 0.527695 0.479061 0.034141 0.157963
0 0.030852 0.541918 0.060797 0.150979
0 0.337344 0.635529 0.158906 0.467831
