2 0.682500 0.609200 0.203643 0.146440
2 0.331120 0.592780 0.105090 0.086320
2 0.971165 0.644270 0.057670 0.163700
3 0.852704 0.658030 0.177851 0.249460
3 0.520057 0.651520 0.225226 0.252800
0 0.545113 0.621220 0.080452 0.246640
0 0.142262 0.554940 0.081448 0.117000
0 0.050645 0.574790 0.080430 0.142220
0 0.219400 0.627030 0.089253 0.308060
0 0.261572 0.549470 0.044955 0.184340
2 0.937229 0.600260 0.057308 0.052120
36 0.294118 0.760390 0.139140 0.065220
0 0.413088 0.620660 0.104231 0.235960
0 0.838416 0.635200 0.192262 0.277360
0 0.974514 0.585670 0.011923 0.019860
