39 0.844751 0.351609 0.236845 0.681719
39 0.467428 0.316742 0.273098 0.626609
40 0.155210 0.482797 0.310421 0.965594
39 0.303681 0.437852 0.014359 0.012672
39 0.304876 0.508352 0.015717 0.011141
39 0.262744 0.475820 0.016424 0.013422
60 0.506377 0.839844 0.987247 0.294281
39 0.298107 0.650117 0.028604 0.026609
39 0.307476 0.474406 0.012658 0.011094
39 0.971568 0.520617 0.056864 0.340891
39 0.264436 0.585445 0.015067 0.012797
45 0.461434 0.737930 0.426424 0.071766
45 0.207208 0.705000 0.137170 0.043344
