58 0.603055 0.449098 0.030422 0.214169
14 0.472703 0.291194 0.019906 0.072178
57 0.410352 0.662365 0.241047 0.292459
56 0.825016 0.841007 0.295563 0.296768
0 0.736672 0.426803 0.526656 0.844614
74 0.223078 0.321148 0.026156 0.037892
63 0.417047 0.759930 0.348438 0.477049
41 0.460000 0.961440 0.148094 0.077119
58 0.109844 0.321991 0.049312 0.142529
63 0.168945 0.587330 0.088453 0.098970
60 0.460102 0.894028 0.466172 0.184403
74 0.722711 0.633689 0.026234 0.064192
75 0.108312 0.809087 0.216625 0.355831
