0 0.435219 0.580223 0.235531 0.738474
0 0.841039 0.496620 0.317922 0.984272
0 0.179492 0.497066 0.358984 0.914601
0 0.302375 0.775974 0.059437 0.189225
0 0.321727 0.682594 0.046859 0.125892
0 0.608586 0.745751 0.064797 0.217183
0 0.565227 0.656819 0.053984 0.119366
0 0.719820 0.690869 0.048078 0.106620
0 0.103320 0.783509 0.058141 0.239789
34 0.144758 0.888756 0.092359 0.019155
13 0.835438 0.792864 0.120188 0.096901
0 0.140336 0.747676 0.053047 0.228826
0 0.185961 0.780657 0.062047 0.173380
35 0.833859 0.056221 0.080469 0.112441
0 0.657031 0.702746 0.047500 0.155775
0 0.267570 0.683286 0.046391 0.129296
