2 0.830590 0.385720 0.295420 0.154429
2 0.294670 0.384063 0.478300 0.163886
2 0.076150 0.372174 0.131260 0.095380
2 0.974880 0.398818 0.050240 0.116929
3 0.371290 0.531535 0.607580 0.574918
0 0.983230 0.296821 0.033540 0.065435
0 0.659700 0.338356 0.035360 0.150951
0 0.459530 0.287201 0.038620 0.061576
0 0.431750 0.293329 0.021300 0.037962
0 0.133510 0.295720 0.020380 0.052364
0 0.101460 0.290489 0.017560 0.051739
0 0.074140 0.294592 0.031120 0.051630
0 0.028460 0.293641 0.030000 0.059565
0 0.503020 0.296114 0.030960 0.052826
0 0.376700 0.286168 0.017280 0.033533
0 0.057520 0.293084 0.028120 0.057799
0 0.590130 0.296617 0.030540 0.058940
