0 0.801367 0.430316 0.012891 0.058065
33 0.244703 0.496385 0.074063 0.064868
0 0.838414 0.433218 0.016859 0.058615
0 0.867883 0.428289 0.023422 0.068391
0 0.668906 0.420978 0.009562 0.040489
0 0.630031 0.422281 0.011750 0.051039
0 0.303961 0.422424 0.008578 0.032587
0 0.815344 0.414063 0.009531 0.039980
0 0.755336 0.425927 0.012828 0.053442
0 0.680539 0.419185 0.009641 0.035193
0 0.695258 0.419715 0.009328 0.026191
0 0.491758 0.482882 0.047422 0.207597
0 0.735359 0.424878 0.016875 0.056395
0 0.771594 0.427627 0.020594 0.065071
