56 0.166040 0.611875 0.219182 0.230719
56 0.145654 0.472742 0.166729 0.032266
60 0.504042 0.834836 0.987944 0.289891
0 0.336951 0.587070 0.432500 0.311672
44 0.395993 0.721750 0.237640 0.044219
45 0.459638 0.731961 0.203995 0.076984
45 0.186203 0.756961 0.233201 0.091328
42 0.585409 0.749062 0.050023 0.066094
43 0.089766 0.812406 0.033178 0.097281
56 0.104334 0.466437 0.100117 0.043938
56 0.071285 0.443133 0.080093 0.016234
60 0.113458 0.502648 0.226916 0.043891
56 0.022897 0.441531 0.045794 0.023844
60 0.029568 0.458398 0.056285 0.020609
