8 0.680789 0.676072 0.174109 0.068354
8 0.883477 0.634252 0.061391 0.039177
0 0.309563 0.628254 0.008563 0.027731
0 0.336492 0.649401 0.005391 0.021895
0 0.315773 0.662506 0.013297 0.024214
0 0.358664 0.645262 0.014109 0.052818
0 0.235242 0.650262 0.015141 0.088005
0 0.168281 0.635885 0.038781 0.016958
0 0.054445 0.633479 0.017641 0.031496
0 0.887797 0.625387 0.007844 0.018404
25 0.064469 0.586733 0.049844 0.037357
25 0.183070 0.598416 0.033922 0.037731
25 0.211258 0.597469 0.021234 0.016185
0 0.317992 0.673155 0.011172 0.014539
0 0.848250 0.672643 0.007969 0.015661
0 0.302867 0.628978 0.009953 0.026234
0 0.180078 0.617120 0.021281 0.017232
