6 0.517016 0.695276 0.653156 0.418447
0 0.083211 0.715408 0.010297 0.024026
0 0.063586 0.711487 0.009234 0.029658
0 0.206070 0.809921 0.007828 0.071947
0 0.050781 0.713895 0.010281 0.024526
0 0.015250 0.767724 0.012406 0.050553
0 0.036945 0.758803 0.009578 0.064500
0 0.028352 0.590039 0.013016 0.021921
0 0.045648 0.615961 0.010234 0.033289
0 0.920414 0.671763 0.005828 0.034947
2 0.955992 0.658921 0.052641 0.037737
2 0.939781 0.700855 0.052656 0.049026
2 0.941812 0.616184 0.063781 0.028842
0 0.033172 0.620855 0.005375 0.023132
0 0.910570 0.682000 0.013109 0.054632
0 0.030328 0.765592 0.010594 0.054921
2 0.982242 0.665211 0.035516 0.029158
2 0.990570 0.642132 0.018859 0.020211
