74 0.510484 0.390445 0.234964 0.161391
0 0.503111 0.679656 0.046659 0.040781
0 0.549201 0.683789 0.031090 0.066891
0 0.504370 0.701719 0.037603 0.046781
0 0.303196 0.626281 0.039031 0.059344
0 0.644237 0.576195 0.029927 0.058359
0 0.676126 0.593633 0.035012 0.054234
0 0.684201 0.566445 0.027385 0.035641
0 0.717712 0.609969 0.036828 0.059406
0 0.705666 0.690500 0.044843 0.066000
0 0.341138 0.629352 0.036949 0.063453
0 0.905738 0.589992 0.069927 0.092047
24 0.334709 0.621617 0.031017 0.029109
0 0.460678 0.700742 0.040726 0.065703
0 0.730678 0.679898 0.035254 0.061078
