27 0.497375 0.626969 0.143833 0.467406
0 0.494635 0.506938 0.989271 0.935125
0 0.133990 0.325336 0.161938 0.142797
0 0.297198 0.267852 0.171646 0.178859
0 0.060177 0.313914 0.095521 0.119953
40 0.793823 0.914359 0.238979 0.171281
41 0.796667 0.913227 0.264083 0.162984
40 0.922740 0.381500 0.040396 0.054844
56 0.929063 0.542375 0.141875 0.168313
60 0.906417 0.410617 0.187167 0.067922
60 0.047938 0.482461 0.089875 0.269672
0 0.183229 0.290688 0.045417 0.082594
40 0.035250 0.417289 0.045958 0.094578
40 0.884042 0.373844 0.034750 0.050344
