2 0.961539 0.348679 0.076922 0.138581
2 0.451523 0.310557 0.161172 0.098100
2 0.725102 0.193559 0.066047 0.074847
2 0.994094 0.172729 0.011813 0.048210
2 0.969125 0.138679 0.060625 0.070677
2 0.518336 0.012489 0.029797 0.024978
7 0.467172 0.547183 0.677031 0.492140
9 0.636234 0.166889 0.020969 0.077096
9 0.953242 0.680742 0.088453 0.295721
9 0.657937 0.172227 0.019312 0.075153
0 0.181719 0.285273 0.021406 0.045480
0 0.211695 0.289432 0.018016 0.022664
0 0.214523 0.444476 0.045703 0.042576
2 0.900352 0.108297 0.067859 0.063406
2 0.840430 0.089225 0.063453 0.060109
2 0.772453 0.072904 0.065094 0.059869
9 0.731641 0.239618 0.031750 0.069148
