65 0.575008 0.733117 0.248234 0.145953
56 0.412359 0.494383 0.824719 0.988766
62 0.442492 0.398789 0.138891 0.228328
62 0.285195 0.397727 0.101172 0.198359
62 0.678133 0.451703 0.183203 0.183219
62 0.618828 0.224219 0.197313 0.278031
62 0.216852 0.186516 0.083141 0.157313
62 0.334836 0.159555 0.166297 0.265172
62 0.536945 0.038727 0.238328 0.077453
62 0.870789 0.125469 0.258422 0.247187
62 0.783758 0.315172 0.184172 0.219656
62 0.927523 0.542414 0.144953 0.506953
62 0.449117 0.183695 0.153516 0.200953
