2 0.174398 0.791560 0.199973 0.098520
2 0.253168 0.768150 0.129332 0.078660
0 0.640749 0.741750 0.029144 0.072620
9 0.433035 0.678480 0.017834 0.022360
9 0.223650 0.627970 0.030080 0.020540
9 0.221832 0.708720 0.018957 0.029400
9 0.424198 0.706820 0.012246 0.013120
9 0.378182 0.691690 0.017326 0.015260
9 0.297647 0.665330 0.018449 0.012900
0 0.560829 0.740720 0.030749 0.060040
2 0.480160 0.741790 0.142032 0.047180
7 0.476939 0.743630 0.150668 0.041260
7 0.121684 0.704690 0.075027 0.074380
2 0.062299 0.762650 0.113048 0.059900
2 0.361738 0.734200 0.063102 0.023120
9 0.030709 0.678920 0.011096 0.027440
9 0.289693 0.629820 0.023289 0.015960
9 0.349626 0.664490 0.026738 0.019220
9 0.408877 0.691760 0.016524 0.010640
9 0.441912 0.686670 0.016283 0.016180
9 0.336243 0.712930 0.017032 0.016260
9 0.294947 0.709830 0.012299 0.009820
