27 0.478828 0.513937 0.029094 0.071156
56 0.308992 0.852117 0.285391 0.258422
56 0.649484 0.870586 0.216156 0.153391
56 0.534500 0.755188 0.122031 0.272281
60 0.906953 0.822758 0.186094 0.242141
0 0.779773 0.708297 0.431453 0.546063
0 0.349797 0.529953 0.128781 0.177719
53 0.931703 0.771187 0.064250 0.028219
60 0.112547 0.753109 0.225094 0.202500
60 0.892578 0.625578 0.211063 0.180313
60 0.117703 0.582938 0.138563 0.054781
63 0.543195 0.546859 0.105109 0.065312
0 0.261258 0.727477 0.391891 0.520266
41 0.084375 0.725680 0.034187 0.065234
41 0.423977 0.574273 0.020484 0.036391
42 0.883594 0.751914 0.053531 0.021609
43 0.088867 0.667164 0.063016 0.035766
43 0.164273 0.788117 0.043047 0.009172
43 0.855891 0.776813 0.021250 0.033500
43 0.461578 0.609953 0.032813 0.018719
43 0.895875 0.539586 0.029219 0.011734
56 0.800000 0.944945 0.143813 0.083141
56 0.074031 0.465289 0.023125 0.043891
56 0.959625 0.663891 0.080750 0.096031
56 0.143602 0.553492 0.094766 0.159203
56 0.202586 0.509086 0.049859 0.081672
56 0.145930 0.419984 0.032266 0.014719
56 0.055969 0.490258 0.030594 0.082516
56 0.093602 0.441531 0.023891 0.045062
60 0.127188 0.496039 0.127625 0.143766
67 0.151617 0.764437 0.065453 0.020563
0 0.472844 0.489938 0.139969 0.170625
41 0.010406 0.705000 0.020469 0.049750
60 0.522133 0.596414 0.230953 0.081141
