35 0.440952 0.260172 0.145098 0.129094
0 0.487801 0.486516 0.371357 0.775281
0 0.681346 0.561477 0.257309 0.360516
0 0.896094 0.652438 0.207812 0.168906
0 0.704300 0.216281 0.221860 0.185406
0 0.110142 0.530336 0.220284 0.417984
0 0.235853 0.222430 0.200810 0.174016
0 0.791751 0.163461 0.108490 0.123609
0 0.361357 0.136758 0.158512 0.150047
0 0.896247 0.221344 0.205886 0.166063
0 0.575569 0.107359 0.076827 0.049531
0 0.453162 0.100625 0.128425 0.110937
0 0.666455 0.108406 0.106696 0.098562
0 0.957330 0.157547 0.085339 0.155031
