39 0.422271 0.545391 0.019417 0.039375
39 0.502760 0.574516 0.029521 0.094312
39 0.482510 0.590523 0.054771 0.153484
72 0.847938 0.491766 0.293625 0.498875
74 0.309010 0.241414 0.053021 0.038391
56 0.925854 0.812172 0.148292 0.371937
56 0.711552 0.607125 0.073938 0.216031
56 0.048760 0.719055 0.097521 0.318516
69 0.674302 0.511172 0.032729 0.153313
71 0.528750 0.406477 0.136000 0.010516
39 0.547760 0.376867 0.016771 0.048922
56 0.790708 0.694281 0.111958 0.329531
60 0.461427 0.787641 0.910854 0.402250
73 0.241240 0.633086 0.078896 0.033297
39 0.438583 0.545992 0.029167 0.042703
