39 0.265776 0.504028 0.033056 0.116552
39 0.081430 0.486095 0.039265 0.169771
39 0.299232 0.500327 0.033399 0.140163
56 0.434101 0.815825 0.342876 0.156618
60 0.423595 0.934984 0.820229 0.094379
45 0.503366 0.886511 0.188758 0.119101
69 0.531389 0.751340 0.475327 0.345294
39 0.783105 0.512974 0.032810 0.101732
43 0.677190 0.413889 0.035392 0.048039
44 0.480719 0.845940 0.049771 0.053415
44 0.735989 0.335106 0.022173 0.040474
39 0.556021 0.430278 0.024690 0.045131
39 0.364150 0.442900 0.030882 0.105703
39 0.331667 0.494918 0.030196 0.101307
