74 0.528547 0.124440 0.066640 0.049320
60 0.631853 0.820360 0.619280 0.359280
0 0.253187 0.677530 0.320613 0.622460
0 0.323893 0.647960 0.163573 0.541240
0 0.856427 0.674650 0.287147 0.613220
41 0.578280 0.492140 0.029947 0.035960
41 0.584880 0.681140 0.043680 0.077720
43 0.732547 0.833990 0.241840 0.105020
46 0.692933 0.602020 0.212480 0.080040
55 0.692027 0.773150 0.196853 0.073820
55 0.677613 0.725040 0.171227 0.057440
55 0.660253 0.891350 0.245520 0.107940
0 0.838827 0.550350 0.077600 0.318060
41 0.622707 0.665150 0.038213 0.081180
41 0.734280 0.638470 0.058533 0.110980
41 0.290800 0.608240 0.042933 0.030760
46 0.578347 0.621910 0.034987 0.034100
49 0.782453 0.638460 0.025867 0.021560
49 0.775920 0.652670 0.033227 0.024340
49 0.792360 0.629420 0.026960 0.016720
56 0.508587 0.704550 0.047627 0.078740
56 0.456493 0.767050 0.044187 0.091100
56 0.398800 0.862430 0.062560 0.123860
56 0.294267 0.965380 0.100427 0.069240
0 0.675453 0.484050 0.278640 0.312660
0 0.060213 0.631640 0.120427 0.495840
0 0.875080 0.562470 0.137467 0.420740
0 0.960373 0.328760 0.079253 0.101400
55 0.631573 0.964880 0.251627 0.070240
41 0.194387 0.625900 0.065627 0.108920
41 0.389480 0.553000 0.022107 0.033160
49 0.808413 0.652140 0.020667 0.016400
