62 0.658992 0.765167 0.185391 0.222458
62 0.529641 0.410302 0.187125 0.193812
62 0.668047 0.575802 0.140469 0.191271
62 0.720203 0.431146 0.124531 0.152208
62 0.691945 0.177302 0.114516 0.142771
62 0.198344 0.770219 0.093219 0.284271
2 0.506445 0.244083 0.193547 0.144083
0 0.312102 0.525813 0.230641 0.922583
5 0.463289 0.127646 0.124203 0.083875
2 0.562078 0.175990 0.032719 0.026687
0 0.201203 0.160677 0.014688 0.012604
0 0.796727 0.274469 0.089734 0.285021
2 0.579891 0.175156 0.023312 0.027687
2 0.593055 0.175552 0.017234 0.027021
2 0.504070 0.163448 0.044609 0.013688
7 0.239867 0.434687 0.476359 0.488750
34 0.505086 0.732344 0.178734 0.239562
2 0.293727 0.323698 0.351234 0.278396
2 0.631188 0.186437 0.013750 0.028917
2 0.264461 0.176063 0.054859 0.025917
2 0.621312 0.174604 0.012344 0.017000
2 0.610586 0.174385 0.014922 0.021229
62 0.471766 0.809885 0.211969 0.254937
2 0.602617 0.173719 0.007797 0.019146
