18 0.289953 0.797412 0.122254 0.120078
18 0.157066 0.812549 0.081127 0.107216
18 0.693744 0.787784 0.104108 0.107882
18 0.614472 0.786941 0.047488 0.103922
19 0.375728 0.761706 0.104038 0.300431
0 0.946115 0.662941 0.072793 0.238667
0 0.675986 0.629471 0.022864 0.084196
0 0.979390 0.649078 0.035164 0.183725
0 0.823897 0.546216 0.038545 0.056824
19 0.564448 0.761961 0.212934 0.342275
0 0.339437 0.645569 0.040657 0.101569
0 0.741350 0.633020 0.012700 0.055059
0 0.606526 0.569941 0.021080 0.106627
18 0.182958 0.752784 0.072770 0.046118
18 0.444542 0.787647 0.069131 0.120549
7 0.847465 0.559980 0.168920 0.376275
18 0.223415 0.803863 0.058662 0.123333
18 0.095434 0.810471 0.055798 0.096157
