16 0.461523 0.715542 0.299453 0.240409
16 0.225094 0.450245 0.208937 0.163558
16 0.437977 0.257464 0.232703 0.120859
62 0.248406 0.225552 0.133625 0.143497
62 0.212680 0.086605 0.318234 0.164949
0 0.811156 0.216380 0.047938 0.084581
0 0.732055 0.709376 0.308172 0.581247
0 0.068742 0.353313 0.137484 0.486176
0 0.451031 0.186176 0.086656 0.126012
0 0.303047 0.749438 0.424094 0.478671
0 0.645336 0.167965 0.121734 0.276339
0 0.797133 0.347076 0.144266 0.233006
0 0.865898 0.180951 0.104297 0.293313
0 0.518359 0.224090 0.070875 0.140695
0 0.125328 0.361431 0.079312 0.139100
56 0.087070 0.843855 0.172766 0.312249
56 0.939266 0.503364 0.121469 0.432168
56 0.673906 0.205378 0.103969 0.157382
56 0.029187 0.576401 0.051500 0.200000
73 0.507469 0.076431 0.025094 0.033885
0 0.196836 0.317168 0.097359 0.193395
73 0.832344 0.370654 0.090906 0.087076
73 0.821367 0.313384 0.031672 0.051677
73 0.520047 0.263272 0.058969 0.029284
73 0.143672 0.368466 0.071406 0.038978
73 0.543648 0.172413 0.026328 0.034928
73 0.508992 0.161002 0.035891 0.045399
73 0.529227 0.076339 0.036859 0.033906
56 0.940141 0.208354 0.119719 0.222434
56 0.856109 0.252771 0.042344 0.061247
