2 0.220125 0.137187 0.055937 0.035042
2 0.187180 0.147615 0.056672 0.020813
2 0.062250 0.118271 0.071688 0.035833
2 0.122781 0.123302 0.027750 0.026021
0 0.684414 0.490167 0.622203 0.975333
41 0.638516 0.489219 0.047688 0.062604
41 0.655914 0.461375 0.036734 0.052792
43 0.362609 0.679208 0.079719 0.124375
45 0.600430 0.546198 0.107859 0.084979
55 0.193820 0.804500 0.384266 0.368542
2 0.250625 0.154396 0.024406 0.016667
51 0.568383 0.462854 0.024672 0.029000
51 0.584930 0.453458 0.009172 0.013333
51 0.607219 0.469094 0.019656 0.012187
51 0.618102 0.477979 0.012672 0.021167
51 0.548891 0.471750 0.014844 0.012792
60 0.608547 0.516531 0.162125 0.092937
60 0.441930 0.545563 0.427141 0.155333
45 0.456227 0.628260 0.100141 0.093979
41 0.347211 0.509083 0.087766 0.178625
51 0.603945 0.475990 0.044047 0.025979
