47 0.035766 0.878478 0.071531 0.067400
49 0.208094 0.112049 0.101969 0.135714
49 0.292195 0.119415 0.050797 0.066604
49 0.305688 0.080363 0.043812 0.057260
49 0.335344 0.091838 0.018344 0.029532
49 0.317867 0.150117 0.044266 0.068431
49 0.270406 0.145433 0.040469 0.043138
47 0.147375 0.855749 0.294750 0.268548
47 0.624609 0.476323 0.059719 0.068899
47 0.134969 0.674496 0.060750 0.045527
47 0.075047 0.662143 0.064250 0.043770
47 0.824227 0.425480 0.095766 0.071756
47 0.853172 0.512108 0.114375 0.095222
49 0.332469 0.115773 0.024125 0.022834
47 0.509609 0.931768 0.069625 0.090000
47 0.116273 0.484906 0.043953 0.035012
47 0.504250 0.829075 0.089563 0.094637
47 0.249852 0.392623 0.036328 0.032084
47 0.515836 0.876440 0.087141 0.066792
47 0.375680 0.851710 0.180922 0.274988
