14 0.228930 0.757242 0.241672 0.401260
60 0.499727 0.378161 0.271609 0.157273
0 0.200984 0.385145 0.286156 0.768017
42 0.313656 0.421405 0.127969 0.020537
44 0.353164 0.589845 0.108828 0.156178
45 0.521914 0.617056 0.156891 0.148905
45 0.385781 0.675723 0.173563 0.159628
45 0.567250 0.516684 0.068812 0.069690
42 0.332141 0.414421 0.043531 0.023554
45 0.510039 0.528461 0.076422 0.047211
55 0.461922 0.522107 0.020719 0.035331
56 0.068648 0.620899 0.137297 0.504236
56 0.649672 0.387355 0.158094 0.210537
56 0.396055 0.358874 0.140016 0.155682
45 0.341719 0.566188 0.057344 0.063202
45 0.391172 0.579514 0.062281 0.037293
45 0.424250 0.563760 0.057188 0.052975
45 0.323992 0.523120 0.052297 0.033182
45 0.446313 0.580610 0.040031 0.052376
0 0.702063 0.233740 0.039719 0.110041
55 0.438391 0.506715 0.072156 0.057645
56 0.453664 0.362665 0.109891 0.152603
56 0.532641 0.286983 0.021469 0.032355
56 0.442523 0.299628 0.080422 0.041653
56 0.555867 0.284783 0.030953 0.038285
44 0.604641 0.617149 0.109312 0.023926
41 0.599242 0.593543 0.056953 0.113326
41 0.615375 0.547717 0.047563 0.067045
