39 0.584828 0.261206 0.064844 0.408220
60 0.500016 0.594379 0.994031 0.694379
0 0.129688 0.237084 0.256375 0.465176
0 0.453250 0.224485 0.231500 0.447658
0 0.867508 0.186405 0.264984 0.370562
0 0.245953 0.105363 0.024406 0.128056
41 0.521750 0.488770 0.074969 0.164052
42 0.430703 0.807494 0.133844 0.385012
45 0.884406 0.363677 0.155625 0.084918
39 0.692602 0.246581 0.062484 0.284450
40 0.496047 0.405422 0.076563 0.266300
40 0.559922 0.364871 0.062469 0.213115
40 0.396375 0.455667 0.093437 0.304309
40 0.711031 0.354789 0.064844 0.217822
41 0.748719 0.376651 0.049844 0.141311
45 0.468781 0.406628 0.146719 0.131944
67 0.892320 0.692728 0.198172 0.267330
0 0.861352 0.774157 0.226391 0.429204
39 0.070930 0.476358 0.141859 0.640820
40 0.416484 0.494918 0.092781 0.345948
41 0.716453 0.503911 0.093875 0.089930
41 0.156430 0.633677 0.098516 0.230585
41 0.253211 0.744660 0.109141 0.193443
41 0.111781 0.881803 0.217156 0.236393
45 0.284758 0.599122 0.135422 0.191827
0 0.227633 0.160539 0.087078 0.317752
0 0.291547 0.156101 0.074156 0.295574
0 0.929812 0.317237 0.140375 0.195597
