3 0.464031 0.495504 0.775125 0.928103
3 0.836805 0.143419 0.211766 0.233630
3 0.094289 0.130585 0.173078 0.132927
3 0.876758 0.133396 0.178047 0.160843
7 0.823477 0.100691 0.353047 0.201382
0 0.268586 0.058571 0.036609 0.117143
0 0.364516 0.078642 0.026937 0.038454
0 0.131977 0.058794 0.029516 0.104286
0 0.421211 0.032951 0.019547 0.040890
2 0.372852 0.079426 0.028484 0.024286
3 0.625297 0.141253 0.185500 0.183864
0 0.251992 0.062623 0.020766 0.116206
2 0.029727 0.071710 0.059453 0.083794
0 0.163187 0.061206 0.024875 0.101991
