2 0.571516 0.722822 0.186219 0.212857
2 0.831023 0.690667 0.045484 0.057775
2 0.334703 0.675433 0.054813 0.040094
2 0.296930 0.678747 0.041266 0.033185
2 0.411273 0.678513 0.037297 0.021054
5 0.735305 0.657927 0.034078 0.041944
7 0.865445 0.677471 0.033078 0.051710
7 0.637820 0.658103 0.033922 0.043841
2 0.707977 0.685293 0.042484 0.051475
2 0.758219 0.669075 0.017406 0.011686
2 0.459156 0.675117 0.040344 0.025410
2 0.193945 0.676194 0.037297 0.034169
2 0.866594 0.686745 0.029969 0.032740
2 0.667992 0.671909 0.024391 0.011827
7 0.098523 0.712857 0.197047 0.195831
2 0.479492 0.678595 0.020422 0.022670
7 0.808359 0.676593 0.024438 0.037869
