0 0.425023 0.281285 0.281266 0.405234
36 0.454000 0.468621 0.148812 0.083084
2 0.740484 0.394182 0.142719 0.140607
2 0.866461 0.382780 0.157328 0.132710
2 0.357422 0.400035 0.042094 0.043902
2 0.541414 0.388376 0.039297 0.047593
2 0.207172 0.404708 0.058937 0.046846
2 0.582609 0.387675 0.041250 0.045958
2 0.312992 0.394895 0.048266 0.056659
2 0.453016 0.393143 0.035187 0.041472
2 0.398594 0.395432 0.014313 0.040724
2 0.514984 0.389498 0.021344 0.038621
2 0.105398 0.411717 0.033578 0.027967
2 0.383648 0.395012 0.020578 0.031005
2 0.282039 0.399182 0.017953 0.016542
