3 0.350928 0.676617 0.163184 0.188297
3 0.198818 0.604383 0.122910 0.140984
3 0.051602 0.493188 0.061172 0.059156
0 0.181436 0.474203 0.079277 0.127969
0 0.248965 0.428711 0.040742 0.031984
0 0.430605 0.440844 0.067578 0.055344
3 0.948867 0.455398 0.102266 0.083453
2 0.674033 0.445500 0.079824 0.060875
7 0.164834 0.440336 0.156895 0.140516
0 0.746709 0.437852 0.026855 0.030016
0 0.353662 0.428422 0.062832 0.037375
0 0.882500 0.429305 0.019883 0.037891
0 0.053721 0.465211 0.036699 0.067203
0 0.434902 0.646891 0.052187 0.074906
0 0.988281 0.532016 0.022656 0.101844
0 0.736025 0.418914 0.014863 0.013891
0 0.121465 0.425906 0.051680 0.033969
0 0.897061 0.416891 0.020605 0.064219
