56 0.259484 0.696300 0.156562 0.401733
60 0.558219 0.733595 0.707750 0.523162
41 0.470000 0.508770 0.040656 0.043255
45 0.501641 0.511944 0.039563 0.038829
45 0.566883 0.522799 0.088516 0.035059
45 0.193500 0.210539 0.027563 0.026464
45 0.662430 0.419930 0.016172 0.014005
45 0.496414 0.282717 0.018422 0.013349
45 0.648039 0.417681 0.011453 0.010679
56 0.636023 0.727518 0.221641 0.465059
56 0.454453 0.764145 0.280969 0.471710
75 0.168977 0.177447 0.025172 0.090539
75 0.167195 0.481874 0.020453 0.057330
69 0.324617 0.391136 0.064203 0.078197
69 0.255969 0.382471 0.077875 0.098290
73 0.199227 0.337845 0.033297 0.005246
73 0.199516 0.283548 0.012469 0.058759
73 0.704172 0.424204 0.045750 0.012389
73 0.198648 0.331183 0.033828 0.011265
73 0.210164 0.284906 0.005984 0.052576
73 0.196414 0.426429 0.031203 0.006815
73 0.197523 0.343115 0.031266 0.005386
73 0.208031 0.282237 0.007094 0.059789
73 0.196844 0.346148 0.034125 0.008454
39 0.630492 0.391112 0.025453 0.062646
39 0.556016 0.166429 0.020281 0.055012
39 0.535945 0.173946 0.021234 0.050234
41 0.783734 0.409157 0.038094 0.039859
41 0.502555 0.510515 0.036609 0.039485
41 0.513727 0.275422 0.013016 0.015105
41 0.528445 0.271159 0.011047 0.012998
56 0.490992 0.647178 0.072766 0.116417
45 0.514461 0.273361 0.014078 0.012670
71 0.474250 0.420843 0.041719 0.008009
