39 0.080539 0.708609 0.097516 0.240230
39 0.153172 0.679320 0.088344 0.233243
39 0.028367 0.635460 0.052266 0.212552
39 0.152445 0.461904 0.046516 0.057992
39 0.222461 0.597856 0.075484 0.219351
39 0.255195 0.556151 0.055453 0.183096
39 0.167844 0.614519 0.085125 0.178494
39 0.087148 0.605586 0.065391 0.119958
39 0.055156 0.538588 0.053156 0.098766
39 0.107359 0.484487 0.053125 0.052406
56 0.812727 0.097856 0.089953 0.101067
56 0.188141 0.158525 0.168313 0.291736
56 0.418508 0.115303 0.125547 0.211192
56 0.083703 0.220900 0.164187 0.351297
56 0.932984 0.559864 0.134031 0.470941
56 0.583945 0.066182 0.082984 0.092238
60 0.452383 0.553044 0.904766 0.890732
42 0.272133 0.673525 0.102797 0.194749
53 0.673031 0.798870 0.396094 0.352803
39 0.293969 0.525753 0.059688 0.178117
39 0.239211 0.458964 0.049547 0.065418
41 0.628063 0.139467 0.039813 0.063368
42 0.294109 0.680418 0.119063 0.154895
42 0.308469 0.692301 0.110937 0.147866
42 0.245672 0.698504 0.064438 0.143536
42 0.335648 0.688630 0.069234 0.145837
42 0.313500 0.703431 0.053500 0.111841
39 0.197883 0.479383 0.048453 0.057720
