0 0.637133 0.655410 0.126234 0.493255
0 0.276617 0.562927 0.085453 0.388759
0 0.076297 0.563033 0.104719 0.336323
0 0.951070 0.440691 0.024734 0.069672
30 0.120609 0.669742 0.052656 0.651850
30 0.546969 0.786464 0.114531 0.029180
24 0.240336 0.465047 0.063922 0.187986
24 0.448969 0.851335 0.182750 0.140187
24 0.475617 0.595562 0.118484 0.121944
24 0.144859 0.783162 0.065969 0.208290
0 0.464781 0.701124 0.119938 0.188759
0 0.893781 0.430269 0.038844 0.091967
30 0.199227 0.983794 0.046516 0.032412
30 0.078938 0.712237 0.157875 0.575527
30 0.345398 0.553665 0.044797 0.361991
30 0.149734 0.840129 0.296000 0.122319
30 0.720703 0.932576 0.144063 0.057330
