0 0.550078 0.622201 0.040188 0.140056
0 0.657539 0.597688 0.021297 0.077270
0 0.321641 0.622981 0.040625 0.169471
0 0.128914 0.596142 0.022391 0.105655
0 0.009430 0.592646 0.018859 0.129359
34 0.407992 0.612061 0.060078 0.067799
2 0.264594 0.573036 0.043531 0.042340
0 0.608688 0.584819 0.006656 0.015655
2 0.808852 0.600780 0.021922 0.017103
0 0.025094 0.599861 0.022250 0.089972
0 0.433836 0.746435 0.127109 0.507131
0 0.619531 0.587535 0.005500 0.021031
0 0.270094 0.584081 0.007812 0.015571
0 0.687875 0.588914 0.004781 0.018162
0 0.262047 0.586838 0.006313 0.019582
0 0.809445 0.598468 0.010516 0.020613
