33 0.668330 0.474720 0.076140 0.059093
0 0.707870 0.782027 0.155060 0.417973
0 0.787910 0.729573 0.082340 0.400960
0 0.953000 0.797520 0.094000 0.404960
0 0.866730 0.856587 0.081780 0.286827
0 0.596630 0.792133 0.141580 0.393280
0 0.442350 0.764560 0.112420 0.403467
0 0.244780 0.789200 0.110160 0.362507
0 0.110400 0.715747 0.089320 0.447227
0 0.295270 0.876053 0.075020 0.187147
0 0.172760 0.828213 0.038520 0.085120
0 0.192170 0.888800 0.053900 0.172800
33 0.681880 0.531760 0.004840 0.003840
0 0.082420 0.754973 0.113760 0.335867
0 0.330520 0.867360 0.025600 0.138400
