14 0.486086 0.680880 0.052766 0.044906
1 0.192828 0.469847 0.371375 0.613732
1 0.936750 0.799096 0.126281 0.401808
1 0.905078 0.496995 0.188156 0.895070
1 0.818953 0.467077 0.187563 0.559601
1 0.796742 0.537887 0.203641 0.423239
1 0.694992 0.547981 0.082078 0.307700
1 0.488836 0.443005 0.070141 0.189249
1 0.612633 0.442031 0.108578 0.248099
1 0.338781 0.413568 0.175500 0.356338
1 0.651852 0.454425 0.133609 0.288803
1 0.693453 0.427124 0.172687 0.317864
1 0.845203 0.553920 0.140031 0.419531
1 0.371125 0.505035 0.035250 0.209601
