0 0.170539 0.846142 0.096141 0.299464
0 0.550563 0.811678 0.043688 0.177529
0 0.032711 0.758963 0.042234 0.183380
0 0.054180 0.757751 0.026484 0.173030
0 0.231898 0.781294 0.030141 0.143939
0 0.462313 0.733473 0.017688 0.056643
33 0.344195 0.363357 0.384109 0.377529
0 0.730617 0.748625 0.012703 0.059254
0 0.333055 0.734639 0.019734 0.077436
0 0.253445 0.710152 0.008359 0.032797
0 0.624969 0.740932 0.010312 0.050583
0 0.706273 0.752319 0.019891 0.063893
0 0.966969 0.770023 0.015500 0.061119
0 0.743484 0.749685 0.012812 0.062774
