33 0.554625 0.750977 0.886440 0.285797
0 0.486288 0.356898 0.226487 0.414297
0 0.209684 0.392039 0.075902 0.109547
0 0.094883 0.399438 0.048876 0.109656
0 0.261358 0.404258 0.048759 0.078359
33 0.150679 0.406250 0.044356 0.041938
0 0.072073 0.387195 0.025504 0.057516
0 0.343443 0.403016 0.040890 0.029563
0 0.139567 0.394477 0.047096 0.102891
0 0.042752 0.392648 0.028220 0.046297
0 0.732248 0.375969 0.019578 0.038719
0 0.972471 0.369375 0.024145 0.037469
0 0.315293 0.405719 0.028103 0.029875
0 0.251581 0.358984 0.040726 0.047938
0 0.393630 0.383484 0.017237 0.031500
33 0.605035 0.413719 0.061639 0.032813
33 0.893232 0.058594 0.026511 0.018219
