13 0.571805 0.659907 0.249703 0.551790
13 0.647891 0.444938 0.149031 0.242716
0 0.566625 0.179784 0.038969 0.203086
0 0.495586 0.180694 0.036047 0.205154
0 0.343391 0.117654 0.023906 0.093148
0 0.525195 0.186944 0.039172 0.212531
0 0.656484 0.210077 0.040063 0.165586
13 0.459039 0.586528 0.324234 0.552809
58 0.250719 0.165000 0.035750 0.083395
0 0.671031 0.124475 0.019500 0.044383
0 0.316422 0.129475 0.009375 0.130247
0 0.457883 0.222500 0.040578 0.122654
13 0.731656 0.307361 0.079563 0.187685
13 0.680094 0.279691 0.090563 0.156852
58 0.412289 0.149460 0.026172 0.058858
58 0.418969 0.071775 0.050438 0.114228
