57 0.406578 0.537273 0.813157 0.925453
56 0.206853 0.050883 0.183564 0.086141
56 0.353248 0.052234 0.109226 0.104469
0 0.248065 0.710586 0.413931 0.551797
41 0.481782 0.045844 0.072200 0.077656
41 0.817749 0.093961 0.052118 0.047609
41 0.826772 0.070984 0.062016 0.047219
73 0.136548 0.032625 0.035173 0.065250
73 0.166741 0.034937 0.017393 0.069687
73 0.070305 0.032586 0.035153 0.060672
45 0.706853 0.058102 0.162546 0.055234
0 0.642882 0.522227 0.500916 0.949297
41 0.011813 0.709602 0.023625 0.128953
