25 0.214500 0.121950 0.040031 0.026556
7 0.561906 0.449461 0.484875 0.552199
24 0.176937 0.232988 0.013688 0.061826
2 0.931805 0.617386 0.136391 0.438340
0 0.845359 0.431473 0.086313 0.444938
0 0.476453 0.219025 0.039875 0.143610
0 0.376719 0.214066 0.024219 0.154689
0 0.395961 0.203465 0.027922 0.173237
0 0.426094 0.200187 0.046719 0.186100
0 0.258313 0.323859 0.040875 0.312033
0 0.208055 0.219979 0.019234 0.109419
0 0.195336 0.308320 0.017297 0.132739
0 0.118992 0.265021 0.025797 0.238672
0 0.093141 0.275166 0.039781 0.262614
26 0.091375 0.275954 0.028219 0.061286
26 0.052758 0.226805 0.024641 0.071535
26 0.271602 0.278465 0.038172 0.132282
26 0.436625 0.222324 0.028219 0.128216
0 0.052422 0.265311 0.034406 0.236432
0 0.327172 0.232116 0.041094 0.166556
7 0.933437 0.623714 0.133125 0.421867
0 0.221250 0.309585 0.038812 0.351369
