67 0.034133 0.338927 0.067891 0.072396
39 0.795109 0.446500 0.022656 0.077833
39 0.813711 0.463250 0.026109 0.054500
39 0.777102 0.440740 0.029516 0.085187
60 0.651156 0.875302 0.610906 0.249396
0 0.188766 0.486146 0.374156 0.631458
0 0.436359 0.480802 0.264500 0.462688
0 0.877531 0.576844 0.244937 0.683146
43 0.284180 0.886052 0.238016 0.043729
44 0.154562 0.902031 0.042219 0.175687
44 0.612203 0.654865 0.021469 0.100146
44 0.554188 0.584604 0.012094 0.096458
45 0.471562 0.771208 0.165969 0.116917
46 0.711070 0.658948 0.081609 0.186729
41 0.673312 0.765167 0.123031 0.159542
41 0.554266 0.667219 0.065625 0.107104
41 0.145711 0.761385 0.133453 0.161938
44 0.115516 0.671448 0.045531 0.080437
45 0.169148 0.970979 0.162609 0.052958
