39 0.368200 0.639184 0.080520 0.406872
39 0.334810 0.513289 0.035580 0.160909
39 0.202250 0.557273 0.076340 0.269198
64 0.808350 0.616484 0.081980 0.037406
66 0.803350 0.716591 0.194540 0.177139
73 0.125260 0.824987 0.247400 0.081898
73 0.126910 0.790628 0.240380 0.053930
73 0.099170 0.698503 0.198340 0.098877
73 0.118730 0.877366 0.237460 0.068583
2 0.534700 0.721765 0.066200 0.049305
2 0.512820 0.733382 0.072600 0.052807
66 0.046240 0.596123 0.088720 0.057807
73 0.127850 0.666230 0.151660 0.050695
73 0.961410 0.598021 0.077180 0.052299
39 0.296290 0.684933 0.102980 0.441578
62 0.548860 0.349345 0.281720 0.657139
67 0.986390 0.512674 0.027220 0.040428
63 0.210740 0.333102 0.265560 0.650214
