60 0.500289 0.495506 0.997578 0.984235
41 0.111922 0.592129 0.220844 0.730329
41 0.033797 0.122494 0.067594 0.244988
41 0.691430 0.064082 0.116984 0.124682
42 0.948719 0.394141 0.102563 0.082965
45 0.877938 0.435306 0.235562 0.223741
45 0.560352 0.569588 0.520797 0.469812
51 0.462539 0.139576 0.081984 0.058682
45 0.448133 0.165141 0.312047 0.219176
48 0.549375 0.613871 0.492312 0.459129
48 0.638227 0.427494 0.359172 0.361106
45 0.252992 0.069918 0.160453 0.139835
45 0.471969 0.044035 0.165594 0.088071
