39 0.455430 0.609927 0.038141 0.198640
39 0.633336 0.497814 0.027047 0.088222
39 0.480367 0.662249 0.050734 0.155628
56 0.846977 0.924927 0.302484 0.150146
56 0.577172 0.466182 0.073281 0.107887
56 0.602789 0.413421 0.065453 0.049435
56 0.907523 0.490502 0.062328 0.120502
56 0.326898 0.461956 0.070859 0.171025
60 0.400289 0.844948 0.599172 0.274163
0 0.262414 0.464937 0.242234 0.340084
0 0.157766 0.611391 0.305469 0.579770
0 0.040008 0.328389 0.079703 0.173975
0 0.782969 0.651454 0.253125 0.587678
40 0.551398 0.653766 0.055922 0.129707
40 0.394789 0.668985 0.049641 0.149728
40 0.599703 0.589195 0.045562 0.144498
40 0.504461 0.574937 0.036734 0.077992
42 0.257750 0.777971 0.129750 0.031088
42 0.421758 0.764833 0.071828 0.036067
43 0.284500 0.727782 0.136156 0.014854
43 0.453594 0.762437 0.077031 0.058933
40 0.459258 0.550617 0.052984 0.057971
56 0.946492 0.583211 0.107016 0.196590
0 0.179422 0.358734 0.094688 0.238013
40 0.577555 0.507354 0.029516 0.061611
40 0.625437 0.552510 0.034625 0.090460
40 0.563484 0.492092 0.023406 0.063347
50 0.600148 0.760209 0.049484 0.038326
50 0.269188 0.697123 0.024750 0.032531
50 0.317328 0.704404 0.032875 0.029854
50 0.290563 0.699885 0.029656 0.029435
50 0.251359 0.711234 0.042031 0.029498
50 0.634500 0.777762 0.024344 0.040251
50 0.578086 0.785209 0.032922 0.051381
56 0.137234 0.921684 0.270875 0.156632
56 0.927766 0.763609 0.098250 0.228682
25 0.457086 0.144142 0.282766 0.090502
25 0.662062 0.179655 0.049281 0.019812
42 0.670633 0.525115 0.003797 0.005669
42 0.569695 0.729310 0.098828 0.020377
42 0.461336 0.738588 0.018047 0.022615
44 0.346273 0.635377 0.048328 0.012845
0 0.438109 0.422584 0.151531 0.272824
26 0.528102 0.880889 0.158109 0.109812
