0 0.377828 0.632576 0.128937 0.294379
0 0.120180 0.460843 0.067328 0.283185
0 0.205406 0.534836 0.131937 0.422459
0 0.574711 0.471920 0.129891 0.385199
0 0.349531 0.434192 0.072844 0.261593
0 0.029039 0.466522 0.025828 0.255621
34 0.617141 0.434485 0.018250 0.061007
35 0.412875 0.570023 0.044844 0.063794
0 0.674258 0.571897 0.114203 0.412787
34 0.920156 0.602412 0.047594 0.111429
0 0.452937 0.485667 0.067250 0.322763
0 0.090797 0.395656 0.042125 0.144473
0 0.929977 0.522857 0.061984 0.278689
0 0.864930 0.439309 0.045016 0.123630
0 0.291609 0.431171 0.044781 0.199157
