0 0.545312 0.807865 0.159844 0.373854
0 0.251977 0.572177 0.046859 0.144687
0 0.698547 0.693448 0.113062 0.290729
0 0.959805 0.735781 0.080391 0.236646
34 0.731086 0.553604 0.029672 0.054958
35 0.880258 0.723500 0.021859 0.038958
0 0.547250 0.569292 0.026062 0.119958
0 0.298445 0.578000 0.035328 0.098083
0 0.050398 0.585292 0.065922 0.111792
0 0.442172 0.549875 0.019688 0.051583
0 0.765742 0.541135 0.019609 0.023854
0 0.696609 0.536740 0.016281 0.022562
35 0.261359 0.580937 0.012844 0.019667
0 0.913930 0.739812 0.097203 0.191000
0 0.138352 0.970479 0.114172 0.059042
