56 0.151266 0.345852 0.140774 0.145422
60 0.501004 0.823484 0.997992 0.331469
60 0.666328 0.382945 0.123745 0.054297
0 0.453933 0.474570 0.906276 0.529172
0 0.525366 0.202414 0.059812 0.053484
0 0.682531 0.238633 0.034226 0.058141
42 0.137866 0.440664 0.230042 0.045609
44 0.237699 0.757305 0.403180 0.152797
51 0.238138 0.742531 0.090293 0.080250
51 0.274948 0.684898 0.096799 0.041891
51 0.398964 0.743156 0.078766 0.063531
51 0.358180 0.724086 0.050167 0.034828
51 0.265952 0.667266 0.037092 0.016719
0 0.124812 0.255781 0.098494 0.173594
0 0.683598 0.224852 0.016360 0.028453
0 0.199383 0.224578 0.095377 0.071219
0 0.674529 0.232984 0.013368 0.039469
56 0.046213 0.350406 0.092427 0.147625
56 0.640638 0.322727 0.045795 0.066078
56 0.598264 0.203391 0.148243 0.097375
56 0.875753 0.639484 0.248494 0.109250
0 0.861684 0.328570 0.276632 0.651953
0 0.079268 0.268727 0.155900 0.185422
56 0.635167 0.296250 0.083556 0.123375
