60 0.358990 0.868533 0.283140 0.235947
60 0.364890 0.288760 0.267980 0.420240
0 0.161310 0.253387 0.312500 0.490987
0 0.050920 0.186893 0.101840 0.362640
0 0.292360 0.042760 0.131440 0.077093
73 0.374150 0.260307 0.205620 0.355067
45 0.252510 0.054427 0.033700 0.026720
52 0.243660 0.754173 0.474760 0.349253
52 0.739890 0.250560 0.380900 0.451680
55 0.908620 0.686027 0.180160 0.234987
55 0.787110 0.743493 0.234380 0.286453
52 0.278700 0.825920 0.431480 0.348160
52 0.360480 0.288387 0.162320 0.105040
