39 0.377672 0.642482 0.101219 0.170304
60 0.499266 0.540445 0.992531 0.887635
0 0.201656 0.131897 0.394313 0.247213
0 0.749648 0.060304 0.392828 0.112365
41 0.478602 0.815281 0.091984 0.141054
41 0.385953 0.890023 0.089750 0.130023
41 0.429391 0.477096 0.089125 0.145855
41 0.793367 0.573068 0.103422 0.141780
42 0.329437 0.232014 0.044344 0.125199
44 0.610367 0.325468 0.065516 0.293138
44 0.840242 0.857799 0.086672 0.284403
45 0.598219 0.452119 0.248875 0.361803
42 0.824188 0.062845 0.042625 0.116792
42 0.580469 0.340457 0.047719 0.235012
44 0.085406 0.233607 0.170812 0.031616
48 0.040297 0.384953 0.079031 0.186347
39 0.534195 0.767506 0.064359 0.107002
