0 0.701961 0.790115 0.195266 0.419771
0 0.807563 0.750000 0.128656 0.469542
49 0.099812 0.691031 0.019469 0.023854
49 0.174469 0.693271 0.021719 0.027875
49 0.597734 0.665344 0.019406 0.025062
49 0.226023 0.706875 0.014984 0.013792
49 0.215414 0.678521 0.140297 0.086500
49 0.091094 0.707708 0.017938 0.016750
49 0.110344 0.652969 0.017688 0.020354
49 0.060922 0.669771 0.024188 0.030125
49 0.139563 0.689594 0.017656 0.025062
49 0.031398 0.694115 0.019359 0.028396
49 0.082141 0.674177 0.164281 0.083646
47 0.642586 0.657823 0.242672 0.101604
47 0.406375 0.664604 0.229719 0.088333
47 0.924227 0.659542 0.151547 0.123708
49 0.600203 0.660271 0.153844 0.097708
49 0.123094 0.545906 0.076375 0.098771
