72 0.768100 0.572637 0.386040 0.757303
71 0.297290 0.511205 0.247740 0.062745
39 0.820240 0.144308 0.036240 0.095967
45 0.431940 0.452900 0.072080 0.045561
46 0.416000 0.449905 0.030440 0.026683
75 0.240850 0.417351 0.038420 0.057327
75 0.404800 0.232494 0.022800 0.046897
39 0.330720 0.455990 0.024800 0.063007
46 0.441090 0.444618 0.053060 0.017924
58 0.249790 0.347864 0.052460 0.182029
69 0.528100 0.418270 0.117960 0.126229
69 0.132470 0.746301 0.264620 0.213652
69 0.103390 0.375322 0.111020 0.345442
69 0.133240 0.644630 0.049080 0.076181
