32 0.488016 0.176803 0.015844 0.022084
56 0.623742 0.362119 0.033266 0.047237
0 0.321812 0.606967 0.075531 0.363677
0 0.446039 0.702248 0.181422 0.487635
0 0.349578 0.310340 0.069312 0.134590
0 0.291164 0.311628 0.060672 0.130187
0 0.185844 0.310070 0.046406 0.127635
0 0.099180 0.320269 0.080516 0.102600
38 0.514602 0.600375 0.089891 0.087119
0 0.542570 0.328923 0.041172 0.112225
0 0.490797 0.320691 0.063375 0.126019
0 0.147711 0.312108 0.051234 0.123888
0 0.038695 0.299859 0.075859 0.135785
0 0.058617 0.232939 0.067922 0.145082
0 0.226148 0.089614 0.067578 0.127283
0 0.592219 0.323864 0.063281 0.127260
