18 0.225790 0.705931 0.166460 0.186276
18 0.234530 0.571877 0.122420 0.151682
18 0.406200 0.625465 0.165760 0.242703
18 0.574160 0.599640 0.167760 0.251892
18 0.637420 0.674039 0.194360 0.152342
18 0.773750 0.841577 0.451980 0.289880
18 0.778800 0.547012 0.252600 0.134384
18 0.437830 0.489234 0.095500 0.107958
18 0.104540 0.559640 0.073520 0.203544
0 0.409380 0.916592 0.227360 0.166817
18 0.025930 0.687492 0.051860 0.320450
18 0.851440 0.652538 0.292840 0.238108
18 0.470600 0.591907 0.049400 0.220811
