38 0.522770 0.429760 0.052260 0.031627
0 0.472810 0.653347 0.195700 0.554480
0 0.309270 0.144947 0.099420 0.258427
0 0.546390 0.146920 0.099660 0.278640
0 0.621070 0.151680 0.109540 0.298880
0 0.083060 0.131267 0.070080 0.257360
0 0.025960 0.118373 0.051920 0.235733
0 0.954920 0.155307 0.090160 0.310400
0 0.463320 0.141973 0.089560 0.276480
0 0.715170 0.152520 0.101820 0.287067
0 0.874720 0.158427 0.094400 0.312373
0 0.382980 0.149547 0.094760 0.292107
13 0.569080 0.221427 0.018360 0.063760
13 0.527110 0.181547 0.053860 0.022720
32 0.310450 0.572627 0.018380 0.024507
56 0.626710 0.214587 0.054700 0.063253
24 0.692500 0.301213 0.078320 0.026107
0 0.147310 0.099107 0.105300 0.192347
56 0.542660 0.216040 0.041400 0.064507
0 0.584690 0.035000 0.059620 0.068133
32 0.323230 0.572467 0.009780 0.018160
56 0.711580 0.192640 0.041600 0.023253
56 0.098280 0.158720 0.099320 0.149547
56 0.186380 0.116973 0.022600 0.116507
