0 0.065236 0.343578 0.022830 0.031875
0 0.019776 0.332617 0.017146 0.022422
0 0.670024 0.356508 0.028208 0.020047
33 0.758715 0.172016 0.040118 0.034219
33 0.506203 0.098062 0.040047 0.026438
33 0.788762 0.286484 0.061439 0.040500
33 0.114528 0.245609 0.030991 0.027375
33 0.128302 0.206945 0.060189 0.038516
33 0.726474 0.072984 0.047948 0.040875
33 0.494917 0.164133 0.040118 0.026391
0 0.776439 0.349984 0.022406 0.027031
0 0.801179 0.365469 0.014670 0.033313
33 0.081616 0.091102 0.137618 0.067609
