0 0.438203 0.558417 0.192125 0.600000
0 0.629312 0.561781 0.211438 0.637396
0 0.434438 0.287052 0.090781 0.131354
0 0.471312 0.213250 0.063469 0.110875
0 0.321977 0.315667 0.021984 0.065333
0 0.378164 0.164146 0.015953 0.050125
0 0.417688 0.050542 0.010844 0.042625
0 0.405477 0.052417 0.011578 0.041583
13 0.462992 0.542469 0.379141 0.260229
30 0.647062 0.899167 0.360250 0.178208
0 0.038789 0.088823 0.017828 0.041979
0 0.408141 0.161510 0.018625 0.053354
13 0.801461 0.217250 0.145453 0.073083
13 0.679078 0.292646 0.082250 0.042833
13 0.667219 0.365510 0.025750 0.031229
13 0.692219 0.247354 0.052406 0.055208
30 0.369320 0.856073 0.217672 0.151271
