60 0.586539 0.755550 0.770172 0.220890
0 0.655945 0.397752 0.298359 0.557283
0 0.268375 0.770785 0.533750 0.435948
0 0.067320 0.473091 0.131641 0.224215
0 0.961398 0.705422 0.077203 0.376464
27 0.630219 0.395363 0.020281 0.085386
27 0.036234 0.506475 0.013125 0.040445
42 0.615844 0.753700 0.078594 0.066745
0 0.253445 0.465000 0.126828 0.408033
42 0.639094 0.757295 0.049000 0.058431
42 0.665453 0.752857 0.030937 0.046370
42 0.751234 0.753255 0.060656 0.062342
42 0.694898 0.755597 0.033016 0.068993
42 0.707008 0.756885 0.029516 0.067119
42 0.717422 0.760316 0.037875 0.066487
42 0.650906 0.757377 0.037937 0.052646
0 0.366984 0.499965 0.273687 0.355527
