25 0.221112 0.140766 0.334215 0.060813
2 0.565468 0.371242 0.411686 0.219734
2 0.205890 0.295563 0.400820 0.135125
0 0.282775 0.547047 0.389859 0.508813
0 0.804742 0.582820 0.325550 0.720734
46 0.495129 0.678703 0.093864 0.020031
46 0.491792 0.658563 0.109578 0.040563
46 0.482974 0.700305 0.105340 0.034453
46 0.427365 0.668406 0.059555 0.026937
0 0.043173 0.274750 0.086019 0.185594
0 0.568232 0.233516 0.053841 0.069719
46 0.577494 0.661797 0.066370 0.018406
46 0.414040 0.688680 0.118665 0.049141
56 0.239145 0.576406 0.471546 0.447187
