46 0.287633 0.383435 0.066047 0.140753
46 0.577711 0.592812 0.075359 0.056212
46 0.118984 0.679541 0.107250 0.139600
46 0.207563 0.699447 0.022437 0.066894
46 0.227344 0.767224 0.164062 0.244706
0 0.370828 0.452812 0.273094 0.501106
0 0.910547 0.708988 0.178906 0.575200
0 0.861063 0.564941 0.048719 0.224282
0 0.800352 0.697176 0.116672 0.370729
0 0.566312 0.444941 0.073125 0.134824
0 0.508078 0.500212 0.080219 0.319906
0 0.811148 0.520871 0.060328 0.091576
0 0.699516 0.522518 0.026812 0.059859
26 0.830414 0.649835 0.046578 0.150071
26 0.385508 0.633176 0.117172 0.144565
46 0.518398 0.843059 0.027391 0.085976
46 0.687188 0.800235 0.039656 0.031341
46 0.532852 0.715671 0.497641 0.465741
46 0.224375 0.454306 0.046750 0.063576
0 0.736359 0.567894 0.056063 0.140682
0 0.720703 0.493129 0.029875 0.039106
46 0.793305 0.933671 0.039297 0.057553
