39 0.075359 0.784885 0.095312 0.408604
39 0.250258 0.816937 0.101172 0.366125
39 0.360711 0.305417 0.017141 0.059292
39 0.445773 0.293219 0.019578 0.088438
56 0.849422 0.450552 0.120031 0.242354
56 0.658859 0.445073 0.094875 0.214729
60 0.387141 0.480885 0.215438 0.279396
60 0.670555 0.274854 0.206672 0.051625
0 0.513203 0.665604 0.446625 0.635958
0 0.592539 0.339542 0.183234 0.279458
0 0.238789 0.346417 0.211891 0.289250
41 0.392539 0.943958 0.070891 0.108583
42 0.181266 0.795938 0.046656 0.107833
60 0.283992 0.868542 0.564609 0.240458
43 0.158898 0.783479 0.058828 0.038375
56 0.021469 0.416104 0.039844 0.117833
56 0.211445 0.510802 0.147891 0.296521
56 0.300789 0.327312 0.027609 0.044958
60 0.968109 0.370813 0.063781 0.056500
0 0.517195 0.258771 0.100297 0.132125
0 0.955750 0.331427 0.088500 0.274813
0 0.227977 0.215688 0.044016 0.190250
0 0.172437 0.167198 0.057156 0.096729
0 0.375805 0.262729 0.127641 0.154500
56 0.305844 0.567531 0.183125 0.210396
56 0.910664 0.356010 0.020672 0.063979
67 0.279203 0.397885 0.005719 0.006229
40 0.386297 0.346344 0.015250 0.025021
56 0.927805 0.529563 0.138328 0.273958
