0 0.248070 0.553561 0.490266 0.870269
0 0.573594 0.656180 0.204781 0.687640
0 0.828461 0.665166 0.290016 0.638199
0 0.825820 0.288613 0.038484 0.101325
0 0.184195 0.359576 0.074203 0.081387
0 0.977406 0.262723 0.035625 0.153934
0 0.479164 0.471729 0.069078 0.224286
0 0.644672 0.486366 0.091906 0.267930
0 0.926031 0.265259 0.047344 0.145507
0 0.093094 0.372899 0.033406 0.116108
35 0.305445 0.692867 0.175359 0.186894
0 0.527406 0.394783 0.038594 0.085507
0 0.514859 0.372019 0.026406 0.074596
0 0.899289 0.279524 0.024266 0.118178
