24 0.721898 0.569250 0.050391 0.095417
0 0.442008 0.635125 0.056359 0.213000
0 0.710859 0.646479 0.075344 0.310500
0 0.344156 0.610917 0.033156 0.110500
0 0.216938 0.591510 0.034875 0.089604
0 0.144508 0.574333 0.035234 0.122833
0 0.243375 0.591188 0.023844 0.049625
0 0.271297 0.539042 0.003875 0.014208
0 0.419508 0.624833 0.039609 0.151625
0 0.306820 0.553500 0.009516 0.028083
0 0.290828 0.557531 0.006875 0.015354
0 0.186727 0.555937 0.012391 0.025333
30 0.398195 0.732563 0.039391 0.024917
30 0.402969 0.697302 0.049375 0.012813
30 0.716562 0.801063 0.210031 0.036083
30 0.332656 0.669281 0.035719 0.006687
30 0.473586 0.742979 0.109672 0.020417
