27 0.450376 0.508047 0.107559 0.371375
27 0.403850 0.548516 0.081549 0.353688
27 0.382582 0.241047 0.097371 0.285844
27 0.287136 0.488680 0.043192 0.410391
27 0.262242 0.502875 0.069038 0.418094
27 0.199883 0.477820 0.062535 0.396078
27 0.170563 0.494031 0.086854 0.412156
27 0.121291 0.478750 0.075070 0.442875
27 0.057523 0.466219 0.060915 0.407656
27 0.027441 0.388031 0.054883 0.596313
27 0.337617 0.412453 0.073826 0.620563
27 0.068134 0.184070 0.109085 0.191078
27 0.168099 0.196094 0.103615 0.202375
