6 0.594969 0.489883 0.795500 0.979767
0 0.474445 0.391112 0.065672 0.054004
0 0.575406 0.432140 0.032844 0.035975
0 0.731820 0.406833 0.069078 0.128708
0 0.663680 0.417511 0.031078 0.074936
0 0.618641 0.416091 0.044375 0.076335
0 0.398234 0.372913 0.038219 0.070784
0 0.373727 0.387532 0.046266 0.046504
0 0.954773 0.496367 0.090453 0.181038
0 0.770703 0.420254 0.069500 0.081695
0 0.868422 0.367415 0.046406 0.128093
0 0.503992 0.383443 0.034859 0.061504
0 0.832531 0.463316 0.101312 0.172309
0 0.967008 0.577892 0.061703 0.179767
