62 0.503648 0.578479 0.280828 0.403583
62 0.213234 0.593885 0.302406 0.460479
62 0.799297 0.545771 0.306344 0.345083
64 0.816172 0.868771 0.064344 0.070042
66 0.541852 0.844938 0.436516 0.130333
73 0.195391 0.162219 0.072406 0.088521
73 0.024469 0.158740 0.016938 0.191021
73 0.535594 0.746458 0.049375 0.031625
73 0.093609 0.161625 0.011750 0.192708
73 0.055438 0.130094 0.016906 0.251104
73 0.106352 0.172281 0.019922 0.166896
73 0.137484 0.341917 0.049781 0.040458
73 0.167414 0.341635 0.015828 0.036646
73 0.077680 0.132854 0.029516 0.252417
73 0.018172 0.129302 0.019312 0.250688
73 0.037125 0.126948 0.020469 0.252812
73 0.130812 0.204385 0.009687 0.087854
39 0.373609 0.721031 0.036031 0.132479
73 0.122781 0.192604 0.016656 0.124417
