2 0.840586 0.581031 0.105578 0.061146
2 0.055617 0.417979 0.107859 0.220208
2 0.801719 0.537417 0.098469 0.052375
7 0.523313 0.185385 0.500563 0.285396
7 0.170227 0.212354 0.286516 0.159542
2 0.853531 0.199896 0.072406 0.062333
7 0.920687 0.165198 0.069219 0.064521
7 0.833250 0.157865 0.118031 0.069396
7 0.835273 0.849990 0.164328 0.134979
7 0.646094 0.851615 0.422625 0.296771
7 0.110242 0.099958 0.220484 0.199917
2 0.633125 0.727333 0.126719 0.077208
2 0.954758 0.621667 0.090484 0.079250
2 0.935875 0.576604 0.022469 0.024250
2 0.990984 0.552125 0.018031 0.021125
