56 0.864352 0.600896 0.265703 0.560542
56 0.434828 0.424719 0.175281 0.224729
56 0.926930 0.209875 0.108828 0.083333
60 0.416203 0.758073 0.829031 0.482062
0 0.805617 0.206062 0.242703 0.269667
0 0.221477 0.425271 0.385891 0.456375
0 0.701125 0.649438 0.269656 0.602250
0 0.640203 0.203146 0.117219 0.204625
41 0.448359 0.582417 0.068844 0.094083
41 0.049461 0.935396 0.095359 0.129208
42 0.203523 0.938437 0.130828 0.123125
42 0.263656 0.571552 0.076063 0.034563
42 0.483805 0.634813 0.037609 0.099125
60 0.703992 0.341729 0.104609 0.050917
43 0.291453 0.890771 0.294687 0.057750
44 0.483828 0.632729 0.034875 0.094500
58 0.189148 0.658156 0.168547 0.285604
0 0.604789 0.368583 0.188672 0.415792
56 0.909750 0.292760 0.176531 0.163229
