20 0.511961 0.590820 0.405984 0.662201
0 0.009227 0.445515 0.018422 0.135246
0 0.075656 0.480550 0.027125 0.117447
0 0.527438 0.257564 0.141813 0.315363
0 0.561758 0.245925 0.049234 0.224356
0 0.639766 0.698197 0.108937 0.409133
0 0.588820 0.250679 0.058359 0.317283
0 0.772898 0.528782 0.035609 0.137939
0 0.821141 0.474110 0.050344 0.216136
0 0.660242 0.252307 0.087234 0.304005
13 0.710180 0.211862 0.077297 0.043583
13 0.064055 0.233361 0.128109 0.032201
13 0.895633 0.224590 0.207328 0.017611
13 0.888391 0.254461 0.223219 0.022881
13 0.714391 0.168560 0.114031 0.060164
13 0.902141 0.199731 0.195719 0.035152
13 0.880508 0.277728 0.237703 0.019625
13 0.673352 0.289836 0.046203 0.021827
13 0.685805 0.259567 0.070234 0.040351
13 0.827969 0.129883 0.344062 0.025667
13 0.910898 0.175738 0.178203 0.025105
56 0.300625 0.195433 0.040438 0.069087
56 0.328305 0.189052 0.032922 0.063068
0 0.626492 0.248806 0.082672 0.316862
0 0.850367 0.497096 0.060516 0.258126
0 0.902211 0.479286 0.047297 0.242365
2 0.304453 0.449508 0.041406 0.086183
0 0.984469 0.523033 0.031062 0.293279
13 0.910672 0.149344 0.178500 0.038970
26 0.893172 0.479555 0.022875 0.082108
13 0.461133 0.159485 0.078453 0.018080
