0 0.273039 0.844948 0.084266 0.278646
0 0.171563 0.850271 0.060156 0.267750
0 0.067477 0.900833 0.060078 0.056708
0 0.540844 0.842552 0.055000 0.205146
0 0.487422 0.857531 0.052750 0.147146
0 0.427477 0.848198 0.012266 0.039938
0 0.443461 0.848615 0.017672 0.051604
33 0.467641 0.511781 0.027469 0.022729
33 0.535039 0.562219 0.018891 0.035896
33 0.535828 0.620698 0.013969 0.035021
33 0.519867 0.680594 0.020109 0.031938
33 0.512367 0.507021 0.029828 0.019750
33 0.449508 0.606344 0.015172 0.036188
33 0.467750 0.658094 0.017375 0.030771
33 0.437859 0.537969 0.019312 0.030187
33 0.360625 0.551469 0.030781 0.076062
33 0.411773 0.607490 0.032766 0.088979
0 0.131523 0.890708 0.035859 0.065708
0 0.408766 0.835302 0.007844 0.014729
25 0.062844 0.857635 0.062500 0.062563
25 0.581336 0.857854 0.043266 0.081583
25 0.369156 0.854552 0.130531 0.119479
25 0.477984 0.866062 0.085156 0.101667
