72 0.865727 0.460115 0.268547 0.442688
56 0.830477 0.959698 0.339047 0.080604
45 0.613820 0.496323 0.049391 0.057354
45 0.660469 0.503740 0.040375 0.022896
68 0.185555 0.528156 0.140047 0.161354
69 0.574703 0.540594 0.226688 0.215188
70 0.404859 0.486490 0.066750 0.069437
71 0.465500 0.713198 0.379312 0.129562
73 0.051422 0.690938 0.102844 0.267667
73 0.176125 0.711229 0.106187 0.168542
41 0.527297 0.713573 0.032750 0.047979
41 0.406953 0.717052 0.031688 0.047521
73 0.158328 0.877250 0.288094 0.168250
56 0.598445 0.955833 0.136016 0.062167
