56 0.966738 0.407555 0.066523 0.041234
0 0.223789 0.474070 0.314219 0.853922
0 0.450840 0.476406 0.283711 0.898875
0 0.623594 0.502250 0.308984 0.856188
0 0.956084 0.388516 0.087832 0.342344
0 0.922217 0.170719 0.143418 0.121313
0 0.776123 0.286055 0.112520 0.156609
0 0.827578 0.184484 0.085391 0.090312
0 0.555010 0.066125 0.090762 0.082687
0 0.335674 0.175281 0.103926 0.139313
35 0.558750 0.485969 0.167617 0.104781
0 0.893281 0.436688 0.169063 0.121969
0 0.727988 0.146422 0.141094 0.191875
0 0.807646 0.395250 0.081465 0.105187
39 0.864463 0.433516 0.044355 0.043406
56 0.850283 0.301727 0.110254 0.098109
56 0.880156 0.371992 0.115469 0.037703
56 0.964189 0.437344 0.063809 0.041938
56 0.965859 0.371273 0.068281 0.036234
56 0.939326 0.241695 0.065996 0.036703
56 0.883613 0.540734 0.100039 0.021344
56 0.838232 0.399562 0.041270 0.028719
56 0.848711 0.238773 0.121055 0.031297
35 0.312002 0.276117 0.064590 0.112703
56 0.905078 0.511766 0.130352 0.045531
56 0.862725 0.149313 0.076035 0.030875
0 0.035137 0.319195 0.069766 0.088609
56 0.869580 0.120852 0.116738 0.027234
56 0.055342 0.138016 0.110684 0.093750
