60 0.271383 0.666490 0.241422 0.129854
60 0.278102 0.587865 0.084547 0.036687
60 0.668867 0.587750 0.120297 0.063042
1 0.635211 0.759990 0.194547 0.221771
3 0.065703 0.626354 0.092937 0.249750
3 0.816531 0.590698 0.032188 0.108146
1 0.946789 0.708333 0.106422 0.189208
13 0.625031 0.641604 0.119063 0.095042
45 0.342703 0.602240 0.057781 0.042646
13 0.722984 0.623760 0.119063 0.083896
0 0.393547 0.528094 0.046594 0.185521
0 0.303469 0.504146 0.052094 0.143792
0 0.203023 0.448000 0.033797 0.066583
0 0.166828 0.463552 0.016094 0.053646
0 0.713695 0.575781 0.072328 0.138271
0 0.462898 0.484063 0.030234 0.127625
0 0.567969 0.540240 0.038562 0.189229
0 0.369023 0.464552 0.020203 0.019146
0 0.845117 0.618917 0.054391 0.245250
0 0.532609 0.560354 0.042562 0.255417
0 0.427680 0.533479 0.033953 0.168917
0 0.908320 0.559135 0.040203 0.219604
3 0.832406 0.852177 0.290750 0.266021
13 0.379109 0.602937 0.038156 0.100625
0 0.487391 0.577969 0.048344 0.237271
3 0.608531 0.540677 0.060969 0.111771
