39 0.155453 0.081616 0.040375 0.157193
39 0.234914 0.088585 0.037047 0.172264
39 0.569117 0.076580 0.037578 0.150519
39 0.610656 0.077842 0.035750 0.155684
60 0.454625 0.822241 0.909250 0.327311
0 0.189391 0.479434 0.339750 0.463208
0 0.071672 0.165767 0.143344 0.320354
0 0.367312 0.217936 0.253094 0.435873
0 0.800328 0.306698 0.346813 0.608491
13 0.029656 0.491179 0.059313 0.170377
41 0.859320 0.901521 0.118266 0.196627
53 0.558305 0.733620 0.129297 0.097005
53 0.165156 0.168880 0.055219 0.044788
26 0.653227 0.278019 0.113141 0.388302
26 0.322281 0.232594 0.187594 0.465189
13 0.586695 0.276816 0.076234 0.149151
41 0.456469 0.763844 0.087219 0.193774
41 0.950734 0.782111 0.098531 0.206392
53 0.196391 0.772476 0.070500 0.094623
60 0.197211 0.126450 0.154359 0.252901
0 0.477781 0.398821 0.226031 0.576462
60 0.574930 0.153113 0.161734 0.082311
0 0.984586 0.042995 0.030547 0.082972
13 0.570828 0.403962 0.090875 0.075943
39 0.259875 0.051203 0.027844 0.101132
0 0.845406 0.413585 0.309188 0.625142
42 0.513375 0.422087 0.099125 0.211344
