32 0.599715 0.058383 0.043947 0.035797
0 0.377621 0.599031 0.748969 0.634531
0 0.686689 0.286805 0.157500 0.323141
0 0.352379 0.238813 0.117566 0.184406
0 0.223366 0.085547 0.049671 0.096906
0 0.762434 0.291930 0.109956 0.266203
35 0.747555 0.307984 0.045197 0.047906
35 0.470329 0.332516 0.088289 0.059781
35 0.403377 0.302562 0.032939 0.017031
0 0.852829 0.085836 0.081535 0.105203
0 0.510000 0.102906 0.037193 0.067312
0 0.272873 0.102125 0.036009 0.064875
0 0.170351 0.081211 0.059167 0.095859
0 0.529594 0.308000 0.310636 0.381344
0 0.404221 0.101969 0.054232 0.072188
35 0.798465 0.313531 0.041930 0.047719
