62 0.279617 0.479778 0.160422 0.177541
62 0.158195 0.558770 0.115547 0.255667
56 0.745391 0.705375 0.466313 0.567752
2 0.438039 0.183185 0.070516 0.100047
63 0.441383 0.422681 0.119859 0.169016
64 0.424023 0.562201 0.036547 0.022998
66 0.383703 0.603173 0.103281 0.073934
66 0.442305 0.464333 0.085672 0.032272
73 0.642391 0.682447 0.047656 0.039508
73 0.566273 0.638817 0.107641 0.061288
73 0.565797 0.683466 0.113344 0.062108
73 0.665125 0.705082 0.083531 0.049461
73 0.654984 0.733255 0.073625 0.044778
73 0.566281 0.728044 0.114094 0.055386
73 0.983742 0.595375 0.032516 0.042319
73 0.564742 0.660714 0.116516 0.060023
