19 0.557648 0.770659 0.109516 0.260424
19 0.389742 0.701682 0.087266 0.107176
19 0.451148 0.669094 0.044172 0.062141
19 0.666258 0.680306 0.092266 0.096094
19 0.767695 0.650035 0.086609 0.057812
19 0.875984 0.651435 0.141937 0.064376
19 0.235367 0.702012 0.025953 0.073812
19 0.869648 0.702529 0.091141 0.055271
19 0.631867 0.715082 0.061359 0.079200
19 0.494453 0.676529 0.044625 0.075271
19 0.288672 0.763894 0.070344 0.219271
19 0.199477 0.726259 0.076359 0.109176
19 0.120734 0.746318 0.053500 0.082800
