2 0.304688 0.509368 0.059656 0.112412
5 0.470031 0.460679 0.268375 0.579766
0 0.953164 0.622002 0.053891 0.269672
0 0.766180 0.594672 0.041453 0.194637
0 0.880687 0.573056 0.039375 0.162459
0 0.909461 0.625164 0.040234 0.235808
2 0.247102 0.451932 0.052641 0.052389
2 0.301930 0.388326 0.031359 0.034496
5 0.137414 0.440328 0.142578 0.269508
0 0.673922 0.598162 0.037562 0.228080
0 0.735391 0.594731 0.044250 0.221030
0 0.641656 0.580176 0.031438 0.211030
0 0.706617 0.575960 0.040141 0.229016
0 0.836750 0.528993 0.025500 0.074426
0 0.864734 0.588337 0.032375 0.185995
9 0.157016 0.234415 0.045406 0.175574
9 0.833312 0.341206 0.031750 0.102272
9 0.795719 0.299379 0.049375 0.189110
9 0.805000 0.157330 0.054688 0.081967
0 0.014945 0.646335 0.029891 0.283911
0 0.048563 0.501487 0.018688 0.088033
9 0.305109 0.351300 0.007938 0.022834
24 0.665125 0.584052 0.022344 0.055785
26 0.738789 0.558571 0.041828 0.088759
26 0.664719 0.578747 0.019594 0.035761
28 0.812570 0.720328 0.039641 0.049508
26 0.890328 0.610761 0.008969 0.034356
0 0.621375 0.543372 0.034937 0.161077
24 0.011352 0.601944 0.021109 0.064450
28 0.675094 0.688185 0.028813 0.053747
26 0.627023 0.645328 0.025203 0.051733
2 0.290695 0.375117 0.021172 0.038056
2 0.612219 0.414824 0.047781 0.058970
2 0.231523 0.552787 0.114078 0.154426
