58 0.287500 0.626681 0.183938 0.365455
56 0.390188 0.518277 0.205031 0.210761
60 0.420953 0.761797 0.841906 0.349049
0 0.667062 0.471089 0.327594 0.672368
44 0.654586 0.799810 0.050953 0.068161
55 0.441359 0.651734 0.155562 0.136068
73 0.501328 0.329757 0.085469 0.030761
75 0.272266 0.679757 0.039750 0.078245
75 0.330336 0.767537 0.070516 0.102939
39 0.509844 0.124471 0.021969 0.119345
39 0.525117 0.115359 0.022984 0.125603
39 0.567805 0.112368 0.055484 0.114841
41 0.613602 0.879323 0.088578 0.104101
41 0.705367 0.787146 0.069422 0.089302
56 0.068391 0.704070 0.128531 0.203235
57 0.858930 0.198203 0.137234 0.149894
0 0.769883 0.155782 0.119297 0.305645
39 0.456836 0.132822 0.026078 0.128351
39 0.475719 0.124736 0.021813 0.122030
39 0.489664 0.120116 0.024016 0.127294
39 0.572867 0.104239 0.017734 0.118245
39 0.540883 0.128689 0.017453 0.090698
