0 0.326583 0.512359 0.635208 0.831469
41 0.379667 0.928023 0.167417 0.143047
41 0.892521 0.547500 0.096083 0.079500
45 0.726104 0.911727 0.547792 0.176547
46 0.620417 0.589523 0.216458 0.075766
47 0.582406 0.953539 0.161229 0.092016
41 0.888458 0.589477 0.102792 0.014141
41 0.890823 0.598906 0.097687 0.016844
41 0.970385 0.631211 0.059229 0.097484
47 0.813875 0.971180 0.145458 0.057641
60 0.684646 0.792133 0.266667 0.114609
68 0.742198 0.453914 0.112937 0.124047
41 0.851750 0.684320 0.053333 0.024047
41 0.886375 0.609383 0.099083 0.015141
41 0.882740 0.641922 0.098896 0.022094
41 0.881458 0.664836 0.093167 0.022641
47 0.694302 0.956086 0.106979 0.087828
47 0.777417 0.949508 0.061458 0.040578
47 0.878635 0.986203 0.130396 0.026875
69 0.730729 0.612984 0.117750 0.181812
41 0.959667 0.483172 0.062625 0.041750
41 0.885323 0.630477 0.096062 0.021984
41 0.832271 0.704867 0.017667 0.026172
