39 0.401031 0.886019 0.070312 0.202155
39 0.710953 0.717810 0.096125 0.505363
39 0.316570 0.893770 0.072672 0.212459
48 0.425258 0.359227 0.129234 0.135129
0 0.291086 0.514227 0.433922 0.950703
41 0.371281 0.811991 0.148562 0.292131
56 0.065367 0.718466 0.127734 0.542787
56 0.075883 0.523642 0.118703 0.171171
43 0.348062 0.648044 0.056469 0.172155
43 0.503203 0.914321 0.296250 0.135152
56 0.091953 0.243560 0.068531 0.097892
56 0.971336 0.125222 0.057328 0.250445
60 0.710516 0.819473 0.568406 0.335059
60 0.713836 0.371815 0.413016 0.171593
