60 0.500000 0.529400 1.000000 0.912880
41 0.821830 0.314493 0.123980 0.273893
44 0.575510 0.214253 0.146900 0.107280
44 0.141490 0.547480 0.280740 0.070960
45 0.939190 0.533787 0.121620 0.198187
45 0.969510 0.340840 0.060980 0.140827
42 0.377630 0.165400 0.093860 0.072667
44 0.233260 0.226773 0.165920 0.096213
42 0.027980 0.861667 0.055960 0.167440
44 0.718850 0.088613 0.052380 0.109813
45 0.090190 0.666880 0.180220 0.217973
45 0.582900 0.879840 0.256480 0.220213
45 0.728540 0.153493 0.088160 0.078133
45 0.059510 0.322267 0.116180 0.193333
39 0.050960 0.114360 0.101920 0.227067
0 0.784420 0.142853 0.431160 0.285707
