59 0.659195 0.690811 0.600891 0.491035
59 0.195078 0.255254 0.300656 0.165547
59 0.218594 0.561230 0.277562 0.142852
59 0.220242 0.867812 0.252984 0.144844
0 0.139719 0.154473 0.055313 0.066992
0 0.229203 0.159473 0.051594 0.066211
0 0.298492 0.171494 0.087953 0.080488
0 0.155742 0.481182 0.126203 0.136074
0 0.267531 0.500508 0.067594 0.064883
0 0.189328 0.818164 0.074063 0.091133
0 0.260289 0.778447 0.063672 0.073301
0 0.483844 0.382461 0.166688 0.207266
0 0.751227 0.391533 0.121766 0.180918
0 0.183211 0.780586 0.065578 0.099414
0 0.882008 0.396289 0.151703 0.212617
0 0.186289 0.156289 0.042328 0.053984
0 0.634336 0.374551 0.143984 0.215352
