48 0.199560 0.681370 0.139547 0.152580
0 0.513453 0.523770 0.973093 0.946180
0 0.408653 0.519230 0.244613 0.228180
0 0.194333 0.519330 0.105253 0.178660
45 0.298120 0.813490 0.506373 0.157300
26 0.175227 0.503670 0.065280 0.086180
9 0.329840 0.405250 0.010773 0.010100
9 0.141760 0.329920 0.020800 0.015880
9 0.280027 0.391890 0.015413 0.016180
26 0.325747 0.502210 0.069627 0.048420
0 0.133120 0.473720 0.026667 0.055600
0 0.148907 0.471180 0.024693 0.054400
25 0.241387 0.442930 0.080267 0.029900
25 0.055160 0.398950 0.110320 0.088460
0 0.311787 0.581120 0.111253 0.316560
0 0.074787 0.526960 0.083920 0.180240
9 0.187240 0.413800 0.013947 0.026160
