77 0.584041 0.206540 0.344593 0.191560
77 0.119680 0.142270 0.239360 0.246420
77 0.215974 0.196790 0.265378 0.245700
77 0.367020 0.207370 0.320785 0.167140
77 0.890015 0.276830 0.219971 0.161700
77 0.854593 0.640420 0.290814 0.139640
77 0.777660 0.221140 0.196599 0.150080
77 0.765407 0.545780 0.290349 0.136840
77 0.572485 0.546430 0.186715 0.098020
77 0.877645 0.729550 0.244535 0.226380
77 0.620509 0.113520 0.228576 0.084760
77 0.231715 0.327980 0.231105 0.115120
77 0.615203 0.359330 0.167616 0.176380
