67 0.926180 0.852365 0.049891 0.040271
56 0.359602 0.931167 0.228016 0.137667
53 0.776148 0.929896 0.153922 0.076792
53 0.632086 0.714667 0.080016 0.064792
0 0.885953 0.520229 0.228094 0.937083
0 0.298852 0.633635 0.229734 0.645271
0 0.116289 0.571917 0.232578 0.833708
0 0.415445 0.550562 0.210672 0.786500
0 0.597453 0.346760 0.146219 0.449521
0 0.538883 0.416896 0.101641 0.589292
0 0.864789 0.191656 0.082953 0.166854
0 0.939031 0.164542 0.050813 0.146500
41 0.703289 0.621458 0.032266 0.075875
53 0.430422 0.306188 0.047781 0.033333
53 0.541078 0.270062 0.043094 0.028542
53 0.975742 0.329802 0.047141 0.086979
0 0.779047 0.295198 0.202844 0.486854
41 0.686328 0.579927 0.033875 0.074146
53 0.315742 0.445677 0.079734 0.016771
0 0.476539 0.215740 0.047328 0.127812
24 0.525352 0.571219 0.058047 0.176063
