19 0.807852 0.354965 0.043859 0.048137
19 0.783984 0.392866 0.046969 0.051344
19 0.713914 0.419304 0.050609 0.035212
19 0.723719 0.360767 0.057031 0.048892
19 0.591406 0.310507 0.021344 0.040118
19 0.568445 0.414257 0.044859 0.034080
19 0.988352 0.361781 0.023297 0.031486
19 0.228773 0.467288 0.024828 0.033160
19 0.534273 0.359222 0.016516 0.042170
19 0.614664 0.409717 0.058672 0.057500
19 0.952727 0.338349 0.035891 0.041274
19 0.592219 0.418726 0.028906 0.022123
19 0.451961 0.387264 0.033609 0.047736
