67 0.310547 0.252607 0.028813 0.171175
67 0.499727 0.220272 0.053172 0.146046
67 0.907992 0.299097 0.081422 0.155158
0 0.961375 0.859556 0.077250 0.280888
0 0.403164 0.844943 0.110297 0.287650
0 0.388102 0.808567 0.140016 0.358109
0 0.796195 0.599226 0.300234 0.801547
0 0.956977 0.770759 0.084484 0.330401
0 0.168875 0.626834 0.326500 0.746332
0 0.904539 0.795473 0.081016 0.390258
0 0.053305 0.713481 0.069859 0.217966
0 0.072523 0.585731 0.097672 0.223209
0 0.945883 0.700000 0.033672 0.130888
67 0.728805 0.476060 0.021641 0.050573
67 0.576578 0.514499 0.020531 0.064126
67 0.205641 0.542593 0.017156 0.030287
67 0.565148 0.551948 0.028328 0.049341
67 0.035320 0.501332 0.024797 0.049140
67 0.073078 0.588940 0.047281 0.048883
67 0.133984 0.633080 0.023438 0.054298
67 0.322758 0.819255 0.027109 0.028367
67 0.921133 0.591719 0.021516 0.038223
0 0.551469 0.578209 0.188312 0.818825
0 0.329086 0.697049 0.039547 0.145845
67 0.653016 0.610372 0.008687 0.030774
