0 0.682760 0.565187 0.021229 0.030344
0 0.325302 0.589578 0.022062 0.040844
0 0.125875 0.568758 0.017125 0.032109
0 0.143073 0.570820 0.017104 0.039297
0 0.512677 0.659492 0.018771 0.045109
0 0.728406 0.578523 0.018688 0.029547
0 0.236083 0.535203 0.020542 0.022625
0 0.440323 0.618539 0.023021 0.030078
0 0.312271 0.550234 0.024708 0.032438
0 0.792677 0.650555 0.030313 0.027859
0 0.870229 0.603766 0.031500 0.029125
3 0.901010 0.762203 0.058813 0.055656
3 0.753885 0.721867 0.047271 0.058859
3 0.683792 0.724672 0.054042 0.046125
3 0.486396 0.681023 0.042625 0.050891
3 0.627167 0.620766 0.069958 0.033031
3 0.600823 0.679766 0.057146 0.034500
3 0.265406 0.632359 0.055813 0.039469
3 0.379531 0.647094 0.041688 0.044719
3 0.590781 0.593687 0.403688 0.070187
3 0.807323 0.718461 0.041188 0.075016
3 0.842792 0.713875 0.037458 0.044750
3 0.525010 0.571586 0.027187 0.024328
0 0.753323 0.604766 0.022771 0.033344
3 0.724260 0.601500 0.029354 0.035094
0 0.218667 0.519180 0.018208 0.018203
