24 0.885406 0.477336 0.183438 0.186925
0 0.513578 0.468345 0.105062 0.215939
0 0.287594 0.501948 0.101219 0.260704
0 0.169523 0.491878 0.074047 0.156526
0 0.089898 0.481150 0.035484 0.050282
0 0.415297 0.435223 0.077469 0.092042
2 0.159680 0.381174 0.025766 0.032207
2 0.211156 0.380974 0.025312 0.029977
2 0.256594 0.381890 0.019875 0.027254
2 0.288539 0.353509 0.023578 0.026033
2 0.315336 0.334871 0.015328 0.016221
2 0.356906 0.321491 0.021813 0.025704
3 0.846016 0.612969 0.307969 0.635657
3 0.518437 0.542383 0.122687 0.230399
3 0.418766 0.528967 0.075719 0.174319
3 0.138398 0.547887 0.030359 0.088216
3 0.223352 0.566678 0.058203 0.115000
0 0.228437 0.501408 0.045312 0.207512
0 0.199594 0.416585 0.028437 0.045000
0 0.133969 0.481948 0.041750 0.106291
0 0.117305 0.471514 0.025328 0.074765
2 0.328586 0.349660 0.017297 0.021103
3 0.289844 0.558427 0.086688 0.233568
3 0.175695 0.526925 0.046922 0.158122
3 0.094609 0.529308 0.028687 0.080117
7 0.023406 0.423474 0.046469 0.205540
0 0.853422 0.507923 0.250563 0.601056
24 0.281945 0.491608 0.067453 0.105516
24 0.211445 0.458005 0.031703 0.042676
3 0.344711 0.526854 0.038734 0.100704
