2 0.480063 0.307557 0.423562 0.382443
3 0.505430 0.487636 0.989141 0.961787
0 0.263156 0.207138 0.078812 0.317670
0 0.055102 0.256923 0.085359 0.505611
26 0.244555 0.162206 0.036547 0.100792
0 0.832422 0.203982 0.090688 0.344389
0 0.171938 0.180509 0.107563 0.361018
0 0.024078 0.505486 0.048156 0.550928
0 0.109711 0.194514 0.045766 0.334548
0 0.951281 0.192274 0.096906 0.384050
0 0.366203 0.091968 0.053625 0.125158
0 0.900398 0.188111 0.059391 0.334638
0 0.629430 0.096459 0.053578 0.124819
0 0.682797 0.114966 0.045281 0.178213
26 0.040742 0.223665 0.038047 0.058824
0 0.868773 0.133292 0.032203 0.158032
0 0.879953 0.063643 0.023031 0.065294
