27 0.636867 0.566265 0.047828 0.259227
27 0.763148 0.453548 0.035984 0.346066
27 0.821867 0.424930 0.019047 0.412904
0 0.599531 0.500304 0.225469 0.513021
0 0.287117 0.674157 0.364328 0.620211
0 0.086961 0.693255 0.167922 0.586511
0 0.018937 0.469965 0.037875 0.271405
0 0.380477 0.495925 0.076047 0.132319
0 0.606195 0.418466 0.024984 0.044005
0 0.523625 0.483536 0.037906 0.103841
0 0.539141 0.492658 0.022500 0.114778
24 0.244383 0.812354 0.221891 0.348314
24 0.565680 0.533911 0.026891 0.051897
0 0.354930 0.453138 0.014953 0.038876
0 0.140148 0.432892 0.039953 0.141007
27 0.136719 0.438560 0.008656 0.068595
0 0.570008 0.447400 0.056453 0.098080
0 0.498187 0.442248 0.021531 0.060656
0 0.542594 0.433642 0.010125 0.034309
41 0.964984 0.747307 0.036250 0.094473
27 0.436172 0.454625 0.013688 0.271218
27 0.424703 0.463220 0.018625 0.253279
