34 0.561150 0.110976 0.154780 0.218522
0 0.615770 0.510119 0.250380 0.629208
0 0.437330 0.154208 0.139700 0.258654
0 0.395190 0.505620 0.313420 0.660686
0 0.720510 0.153984 0.152700 0.208391
0 0.852480 0.142507 0.128040 0.225224
0 0.701240 0.056741 0.135560 0.111161
0 0.567560 0.060369 0.149400 0.120739
0 0.442540 0.058206 0.123560 0.115040
0 0.312030 0.094657 0.134860 0.183245
0 0.470610 0.596161 0.153140 0.271319
0 0.563980 0.142704 0.144960 0.226834
35 0.345250 0.669657 0.024540 0.059947
56 0.967830 0.143232 0.064340 0.070317
56 0.027550 0.221755 0.050460 0.053852
56 0.222400 0.102678 0.074800 0.191530
56 0.375000 0.077929 0.024080 0.071636
56 0.059860 0.268654 0.111720 0.039420
0 0.353400 0.736359 0.053160 0.189604
56 0.947850 0.217902 0.077740 0.067889
56 0.962190 0.068707 0.067100 0.074354
56 0.903790 0.139446 0.062740 0.060844
56 0.354550 0.197164 0.099660 0.166623
56 0.786230 0.074881 0.066900 0.078259
56 0.865640 0.023259 0.106800 0.023984
56 0.911850 0.309406 0.142580 0.111372
56 0.769300 0.269195 0.125400 0.038496
