0 0.663833 0.381461 0.046417 0.092016
0 0.624469 0.383117 0.046271 0.091453
0 0.551500 0.385539 0.051292 0.086391
0 0.574771 0.375820 0.024000 0.072016
0 0.451281 0.381484 0.022562 0.054406
0 0.475031 0.375281 0.020438 0.057063
0 0.407250 0.374805 0.032542 0.080297
0 0.064083 0.376859 0.065958 0.086781
0 0.098885 0.374391 0.044854 0.074406
0 0.435823 0.370641 0.018354 0.052250
0 0.153823 0.355656 0.042271 0.058469
0 0.179302 0.359086 0.022437 0.050172
3 0.322094 0.685391 0.644187 0.602250
3 0.308521 0.557742 0.293750 0.298234
3 0.354094 0.408578 0.134563 0.112344
3 0.953146 0.415133 0.093708 0.114953
3 0.740844 0.390008 0.090104 0.075766
3 0.312281 0.654078 0.276313 0.376312
3 0.852885 0.413062 0.096937 0.074219
3 0.325104 0.445453 0.144750 0.108563
3 0.807333 0.391766 0.108542 0.100250
3 0.916937 0.416117 0.131042 0.085547
3 0.284875 0.469609 0.189083 0.208937
0 0.517219 0.366641 0.015938 0.043594
