74 0.571882 0.329148 0.112188 0.080391
74 0.473365 0.328070 0.032000 0.076328
0 0.117906 0.691242 0.089412 0.227797
0 0.398129 0.668125 0.099129 0.189969
0 0.477941 0.710242 0.109012 0.245516
0 0.072741 0.571258 0.036259 0.083828
0 0.937953 0.551117 0.020941 0.038172
2 0.197553 0.546359 0.105741 0.053719
2 0.431318 0.566570 0.127812 0.058109
7 0.298812 0.523359 0.147318 0.077750
0 0.641706 0.686687 0.086141 0.220187
2 0.972212 0.585242 0.055576 0.079984
58 0.249553 0.461438 0.116188 0.081250
58 0.783188 0.491531 0.066988 0.030344
58 0.115612 0.458125 0.151318 0.074250
0 0.011259 0.572750 0.020682 0.075187
0 0.983812 0.542375 0.031906 0.033500
0 0.033753 0.578492 0.051271 0.103203
