54 0.748450 0.477570 0.063860 0.048780
54 0.795410 0.499010 0.070180 0.063100
54 0.824460 0.477780 0.063440 0.054920
54 0.786120 0.438870 0.066680 0.060380
54 0.850400 0.456470 0.060960 0.056380
54 0.817780 0.414770 0.058720 0.052940
54 0.687400 0.451200 0.064680 0.054320
54 0.718000 0.429700 0.055280 0.051040
54 0.736990 0.413290 0.058900 0.055380
54 0.672640 0.398420 0.062720 0.057560
55 0.760340 0.660250 0.185240 0.128860
55 0.582650 0.553750 0.141020 0.097860
54 0.698640 0.378840 0.056720 0.053080
54 0.646220 0.420630 0.066160 0.061540
55 0.429780 0.476660 0.143160 0.102440
55 0.546160 0.248210 0.118840 0.091580
55 0.371940 0.181800 0.149200 0.106200
55 0.533340 0.355560 0.165080 0.120640
55 0.226130 0.161070 0.124420 0.109260
55 0.294740 0.403400 0.132320 0.107360
54 0.873390 0.443800 0.055380 0.051560
55 0.399820 0.305660 0.137960 0.113360
