60 0.500000 0.498876 1.000000 0.988759
42 0.652945 0.284262 0.088453 0.388759
43 0.850797 0.423326 0.298406 0.138407
51 0.595828 0.607810 0.091094 0.073981
0 0.697242 0.049543 0.090172 0.096838
0 0.882320 0.325843 0.235359 0.638197
51 0.329039 0.633595 0.079328 0.188642
51 0.245719 0.684543 0.073781 0.132693
51 0.325437 0.440410 0.036406 0.081382
51 0.356805 0.428267 0.054172 0.113536
51 0.148172 0.719485 0.050250 0.046745
51 0.439039 0.816417 0.072047 0.072646
51 0.389117 0.653290 0.037828 0.085035
51 0.295453 0.435749 0.057531 0.067611
51 0.203344 0.669075 0.045687 0.065176
