57 0.384633 0.787146 0.769266 0.404708
57 0.772289 0.551490 0.166984 0.216271
56 0.172250 0.607823 0.202312 0.354063
56 0.586742 0.541510 0.141578 0.257271
56 0.682398 0.532594 0.143797 0.235729
60 0.264242 0.525854 0.198078 0.200458
41 0.692336 0.667875 0.035047 0.043833
45 0.645711 0.697104 0.033203 0.020292
45 0.607016 0.692760 0.032250 0.020438
75 0.199992 0.238354 0.013766 0.030750
75 0.187047 0.235969 0.013219 0.036437
75 0.732586 0.160219 0.009453 0.029187
75 0.716508 0.160958 0.009516 0.029208
45 0.694141 0.692208 0.041125 0.020708
45 0.637539 0.681146 0.035141 0.014875
58 0.151844 0.347458 0.021156 0.070583
41 0.714727 0.242073 0.025234 0.045771
56 0.628672 0.613073 0.025469 0.077771
