1 0.559266 0.844906 0.225344 0.310188
1 0.804336 0.567195 0.038391 0.213404
1 0.457172 0.577218 0.048875 0.183592
1 0.419125 0.559272 0.033656 0.149296
0 0.818594 0.494613 0.090063 0.317535
0 0.455289 0.499789 0.077578 0.293192
0 0.545508 0.688005 0.277109 0.620986
0 0.567656 0.416080 0.073125 0.123052
0 0.506383 0.478486 0.040641 0.255141
0 0.365500 0.408439 0.033781 0.143263
0 0.398336 0.385059 0.050047 0.123967
0 0.488422 0.361925 0.024875 0.053474
0 0.536461 0.396103 0.027922 0.058732
0 0.416133 0.460845 0.057297 0.215634
0 0.302992 0.401596 0.044172 0.164413
2 0.918195 0.433110 0.155641 0.134859
0 0.623586 0.379718 0.017766 0.023474
0 0.334633 0.415293 0.038297 0.128568
1 0.496281 0.554531 0.043406 0.164460
1 0.379664 0.515681 0.022703 0.155493
