18 0.477195 0.563521 0.152891 0.291833
18 0.425578 0.626375 0.127781 0.126375
2 0.852109 0.328917 0.048344 0.028500
2 0.834828 0.335948 0.028687 0.022146
2 0.779531 0.310719 0.039813 0.024438
2 0.811016 0.304146 0.035813 0.021625
2 0.818836 0.339604 0.026516 0.020458
2 0.892695 0.313896 0.039609 0.031875
2 0.790047 0.290948 0.014813 0.009021
2 0.755672 0.320219 0.033313 0.018812
2 0.795742 0.349583 0.028734 0.022125
2 0.925469 0.338187 0.051969 0.032833
2 0.861328 0.322604 0.043344 0.024167
7 0.944695 0.299365 0.058422 0.037563
2 0.807711 0.342208 0.021703 0.013417
