1 0.395208 0.797437 0.055550 0.106985
33 0.121833 0.317839 0.207567 0.129246
33 0.254458 0.348342 0.113450 0.081910
33 0.220400 0.450327 0.207867 0.164322
0 0.246392 0.868794 0.109917 0.262412
0 0.696125 0.822475 0.158017 0.355050
0 0.793633 0.872726 0.034133 0.109221
0 0.469592 0.807374 0.035717 0.098568
1 0.570917 0.791168 0.037500 0.106809
13 0.021592 0.807701 0.041717 0.026256
33 0.335408 0.308480 0.229617 0.142286
33 0.740725 0.360540 0.374450 0.385754
33 0.518383 0.392286 0.025033 0.025829
33 0.467792 0.404749 0.022050 0.025126
33 0.343283 0.577977 0.013633 0.026307
0 0.443817 0.941106 0.080467 0.117387
0 0.142008 0.765440 0.056050 0.196307
0 0.144400 0.930779 0.101267 0.138442
0 0.222792 0.701143 0.044683 0.087915
0 0.074817 0.763668 0.031367 0.191307
0 0.398733 0.757889 0.037433 0.139246
0 0.430125 0.770503 0.040450 0.177940
0 0.870933 0.880377 0.050967 0.091156
56 0.019683 0.941897 0.039367 0.116206
0 0.545633 0.743844 0.057167 0.139296
1 0.534942 0.789786 0.074117 0.106307
33 0.063775 0.612136 0.127550 0.100804
