58 0.875766 0.278923 0.175875 0.230023
74 0.813898 0.363407 0.019359 0.034496
0 0.717414 0.520222 0.355328 0.919087
27 0.721555 0.326885 0.063891 0.049977
39 0.497461 0.834145 0.075797 0.331710
39 0.424859 0.840445 0.076656 0.319110
39 0.439758 0.758489 0.048828 0.194262
39 0.172281 0.948208 0.050031 0.102412
39 0.063102 0.961124 0.043828 0.077752
39 0.482234 0.486183 0.067656 0.229415
39 0.300281 0.779977 0.047281 0.217799
39 0.262539 0.840269 0.084922 0.288314
39 0.348234 0.842857 0.078187 0.314286
39 0.462711 0.180597 0.024109 0.130187
39 0.485672 0.184450 0.020750 0.129227
39 0.506211 0.187412 0.020172 0.126112
39 0.528328 0.187810 0.020438 0.128267
