0 0.694828 0.356621 0.091688 0.391016
0 0.879375 0.348408 0.071313 0.383770
0 0.605844 0.366289 0.071906 0.377539
34 0.694375 0.374609 0.207531 0.130508
24 0.827977 0.497148 0.103797 0.059609
0 0.038891 0.388682 0.077781 0.458652
0 0.177211 0.308105 0.099641 0.151016
0 0.264562 0.286768 0.051125 0.141309
32 0.843633 0.293281 0.057266 0.063828
0 0.026773 0.558271 0.053547 0.063535
0 0.407461 0.478652 0.440234 0.866484
0 0.526469 0.227559 0.050594 0.085430
0 0.644195 0.435176 0.062266 0.158750
35 0.069625 0.491943 0.087438 0.151660
0 0.646523 0.304795 0.023234 0.084512
