42 0.059289 0.182696 0.057271 0.175000
42 0.488497 0.685286 0.054739 0.025605
42 0.895531 0.223521 0.194657 0.083023
42 0.150882 0.259502 0.067876 0.044853
43 0.358203 0.659592 0.221863 0.141503
43 0.197435 0.120621 0.270294 0.030033
51 0.489077 0.144118 0.074069 0.071797
51 0.874134 0.434771 0.069118 0.036765
0 0.705155 0.063668 0.138971 0.127337
43 0.877484 0.218186 0.215850 0.097810
50 0.837737 0.455114 0.102696 0.139150
50 0.091021 0.560196 0.038742 0.033203
50 0.431422 0.138815 0.066601 0.078317
51 0.892533 0.394632 0.023889 0.047108
60 0.500000 0.500000 1.000000 1.000000
67 0.082018 0.765923 0.155049 0.098873
73 0.150564 0.912794 0.179788 0.146078
41 0.479346 0.523685 0.113627 0.171683
41 0.651275 0.316062 0.138627 0.167810
41 0.664935 0.464935 0.150654 0.171438
41 0.354542 0.183121 0.106503 0.179216
55 0.522606 0.801855 0.225245 0.166814
50 0.123047 0.595850 0.059167 0.047876
