2 0.591335 0.718539 0.143747 0.036922
5 0.257155 0.699508 0.203583 0.067266
0 0.424192 0.725086 0.113162 0.214891
0 0.123642 0.718313 0.146534 0.224500
0 0.244473 0.744148 0.081499 0.107891
0 0.897307 0.753891 0.050258 0.082594
0 0.840691 0.740125 0.088454 0.109281
33 0.348103 0.134828 0.211007 0.051281
33 0.417213 0.320375 0.119953 0.320875
0 0.798852 0.718414 0.026511 0.061047
0 0.850000 0.699070 0.023888 0.045953
0 0.585691 0.694289 0.013302 0.014141
0 0.539461 0.696625 0.008478 0.009531
0 0.679391 0.702516 0.016721 0.029344
0 0.901487 0.704469 0.030515 0.047531
24 0.223009 0.735297 0.041944 0.044031
0 0.994438 0.708156 0.011124 0.033187
0 0.015574 0.714227 0.030258 0.154578
