0 0.248094 0.537344 0.032063 0.093229
41 0.310680 0.553125 0.023203 0.035542
41 0.047641 0.511354 0.011187 0.015708
41 0.722578 0.736177 0.187250 0.313771
54 0.301383 0.604052 0.010828 0.015104
41 0.048570 0.535198 0.007453 0.015729
54 0.802078 0.364104 0.112688 0.148292
54 0.689320 0.366292 0.138203 0.206750
54 0.763539 0.219927 0.129234 0.158104
54 0.755359 0.493021 0.104125 0.138833
54 0.899570 0.612021 0.060828 0.142292
54 0.292273 0.615240 0.013516 0.016521
54 0.501172 0.699698 0.015469 0.014563
41 0.038859 0.533625 0.010000 0.021667
41 0.061039 0.536635 0.007766 0.013187
54 0.286594 0.611667 0.012125 0.015375
54 0.692516 0.190198 0.108719 0.097771
54 0.278727 0.612094 0.007828 0.018646
54 0.507797 0.615469 0.016750 0.013562
54 0.513617 0.699948 0.018953 0.017688
0 0.575062 0.513948 0.045156 0.055479
