0 0.942094 0.678603 0.108563 0.309695
0 0.827086 0.614648 0.122766 0.189108
0 0.749656 0.623216 0.116031 0.196667
0 0.440555 0.712512 0.204984 0.446854
0 0.278156 0.573110 0.073313 0.159038
0 0.188781 0.602289 0.142594 0.171385
0 0.104367 0.536256 0.057328 0.093826
0 0.030930 0.622077 0.061859 0.219648
0 0.568453 0.618509 0.092750 0.112887
0 0.350016 0.615728 0.095719 0.247183
0 0.233328 0.564214 0.063656 0.150305
0 0.928156 0.618568 0.111062 0.245822
13 0.766789 0.859131 0.347328 0.281737
13 0.387141 0.855516 0.192812 0.288967
13 0.608664 0.877254 0.305828 0.245493
13 0.263992 0.812793 0.161359 0.289108
13 0.139258 0.742852 0.119641 0.199366
13 0.051602 0.851690 0.103203 0.265164
13 0.748500 0.768169 0.223969 0.154554
25 0.943055 0.339073 0.113297 0.127160
25 0.516047 0.473028 0.556438 0.685399
25 0.545586 0.443486 0.279328 0.220634
25 0.169773 0.487265 0.246797 0.426972
25 0.179500 0.157300 0.356000 0.301127
25 0.051719 0.347969 0.103438 0.139648
25 0.086547 0.439824 0.172000 0.081995
25 0.800320 0.516549 0.363859 0.412911
25 0.486133 0.363486 0.317109 0.105610
13 0.614617 0.673052 0.077266 0.051690
13 0.201195 0.886655 0.230391 0.226690
13 0.588164 0.699425 0.093828 0.061667
25 0.576906 0.476385 0.177406 0.164836
25 0.304031 0.404308 0.232313 0.062512
0 0.194039 0.548415 0.038047 0.113122
13 0.926797 0.894085 0.146406 0.186526
13 0.531227 0.766796 0.147391 0.116502
25 0.476688 0.463779 0.127438 0.059343
