2 0.976164 0.414250 0.047672 0.090958
2 0.789961 0.410760 0.049703 0.086146
2 0.633859 0.397260 0.016125 0.033063
3 0.745797 0.755833 0.506156 0.464125
3 0.804773 0.627010 0.193828 0.157229
0 0.111930 0.644823 0.187359 0.710354
0 0.423016 0.488104 0.046781 0.057750
0 0.260117 0.658375 0.081297 0.612250
0 0.385695 0.562417 0.190422 0.320417
0 0.499719 0.477521 0.048875 0.200000
0 0.189945 0.687833 0.082578 0.624333
0 0.435984 0.432500 0.065875 0.198208
3 0.560672 0.622167 0.131281 0.202458
7 0.710430 0.384865 0.124109 0.154521
0 0.254484 0.481042 0.096844 0.166292
0 0.379656 0.397458 0.032063 0.036208
2 0.895086 0.424021 0.144047 0.131833
2 0.644625 0.397656 0.012219 0.035396
2 0.826562 0.401708 0.038000 0.073750
3 0.511383 0.565812 0.082953 0.199958
3 0.695969 0.580125 0.110031 0.053583
