20 0.119477 0.152432 0.074016 0.075428
15 0.458039 0.288455 0.057078 0.162213
62 0.845148 0.073184 0.304422 0.132589
41 0.553180 0.169071 0.033578 0.071795
41 0.591742 0.190491 0.035078 0.082568
41 0.637312 0.179102 0.036937 0.075324
59 0.657539 0.969113 0.402266 0.061775
73 0.458680 0.499812 0.057453 0.018372
73 0.342531 0.541388 0.082219 0.033090
39 0.146484 0.571044 0.026250 0.093236
39 0.126477 0.687745 0.028359 0.124509
39 0.031211 0.621169 0.022672 0.087808
39 0.068445 0.624937 0.019203 0.069165
