18 0.762508 0.638516 0.145547 0.145164
18 0.379875 0.465841 0.107531 0.054112
18 0.373953 0.424346 0.101969 0.084533
18 0.490484 0.462687 0.101031 0.105981
18 0.522531 0.382804 0.098906 0.079486
18 0.692187 0.457804 0.100219 0.109065
18 0.613727 0.345269 0.049203 0.076706
18 0.861492 0.458107 0.096922 0.134486
18 0.690820 0.364136 0.048172 0.079112
18 0.531555 0.260105 0.033609 0.056238
18 0.747352 0.337558 0.054641 0.075491
5 0.233914 0.604252 0.467828 0.769065
18 0.805656 0.516238 0.109375 0.101075
18 0.429312 0.367208 0.062250 0.082453
0 0.077422 0.677500 0.154844 0.191963
18 0.828281 0.597535 0.148031 0.102453
