5 0.442762 0.498875 0.546397 0.620219
5 0.128745 0.501125 0.200983 0.417969
0 0.876758 0.757461 0.245087 0.485078
0 0.794563 0.593070 0.065939 0.098078
0 0.984170 0.580570 0.031659 0.063609
0 0.959793 0.540898 0.023734 0.019297
5 0.752413 0.509672 0.072948 0.078312
0 0.959847 0.580586 0.047729 0.074609
0 0.343548 0.506484 0.115349 0.069687
0 0.744203 0.622258 0.065437 0.121328
0 0.984454 0.541016 0.031092 0.018344
27 0.900961 0.679398 0.025022 0.110391
0 0.836638 0.590945 0.022183 0.030328
0 0.974803 0.565766 0.029825 0.039469
