27 0.388462 0.349805 0.017389 0.027828
71 0.686259 0.713594 0.627483 0.244594
71 0.457238 0.534734 0.220210 0.044094
73 0.753998 0.849453 0.205664 0.072813
75 0.639371 0.533883 0.037483 0.054984
0 0.274627 0.597422 0.432657 0.805156
0 0.071772 0.420992 0.066340 0.197203
0 0.921585 0.348609 0.066434 0.044531
0 0.653135 0.332172 0.091305 0.063000
0 0.702214 0.333578 0.080886 0.061594
0 0.575793 0.338938 0.045991 0.043719
0 0.279056 0.395562 0.114755 0.144313
0 0.373240 0.368906 0.138648 0.159438
0 0.605280 0.332680 0.034476 0.056297
0 0.503998 0.353023 0.099138 0.120891
71 0.398263 0.467391 0.151166 0.023875
0 0.021457 0.405328 0.040070 0.153562
0 0.837797 0.331969 0.105571 0.071250
0 0.970583 0.345219 0.058834 0.055937
26 0.122576 0.777180 0.108415 0.115609
