56 0.306230 0.457940 0.106740 0.259233
56 0.502390 0.460128 0.135460 0.239858
0 0.183600 0.528381 0.339800 0.534602
0 0.594350 0.353835 0.130300 0.501136
0 0.718230 0.292259 0.076780 0.138494
63 0.278430 0.804489 0.297420 0.301136
73 0.546670 0.712273 0.163460 0.149034
73 0.622730 0.829730 0.182500 0.161506
41 0.485160 0.603097 0.052600 0.140284
56 0.415790 0.360298 0.074540 0.158494
41 0.761180 0.329957 0.020720 0.030881
56 0.685590 0.392330 0.057220 0.187443
56 0.045580 0.567315 0.032320 0.105199
56 0.373660 0.354063 0.039040 0.184830
63 0.531890 0.773139 0.215260 0.137528
56 0.288020 0.602287 0.031960 0.062756
56 0.972000 0.402841 0.040360 0.207330
