18 0.539727 0.629551 0.284484 0.237352
18 0.703656 0.601641 0.233812 0.258600
18 0.423844 0.427429 0.207844 0.171663
18 0.168922 0.468468 0.209719 0.219912
0 0.584703 0.239234 0.009500 0.042451
0 0.661539 0.240711 0.016703 0.030700
0 0.941188 0.265164 0.016406 0.062582
0 0.835273 0.235164 0.017359 0.046258
0 0.901750 0.261204 0.013469 0.065033
0 0.359930 0.243228 0.013922 0.046630
0 0.439328 0.233249 0.019656 0.041291
0 0.977828 0.255339 0.020094 0.067615
0 0.625023 0.236783 0.009953 0.049759
0 0.882266 0.252166 0.023406 0.056805
18 0.307586 0.435722 0.126734 0.113063
77 0.196469 0.375963 0.077063 0.082516
77 0.272992 0.365547 0.063141 0.066937
77 0.655555 0.481947 0.063391 0.084289
77 0.439383 0.350766 0.052484 0.066696
0 0.273383 0.227877 0.013016 0.024770
0 0.035609 0.252593 0.034937 0.103829
0 0.958000 0.254912 0.016750 0.059672
