60 0.440922 0.868455 0.771750 0.263090
0 0.521234 0.531567 0.227438 0.669657
0 0.668398 0.534828 0.302703 0.773047
27 0.628812 0.474388 0.032813 0.089378
40 0.539328 0.883015 0.039938 0.186502
40 0.849914 0.944174 0.050953 0.111652
40 0.499016 0.861127 0.037187 0.177575
42 0.463648 0.960386 0.075109 0.053820
42 0.403891 0.954142 0.014438 0.069571
42 0.425187 0.954421 0.036031 0.068283
42 0.476781 0.969431 0.086188 0.036116
42 0.338633 0.991363 0.090391 0.017275
42 0.350984 0.957876 0.079625 0.054678
42 0.323383 0.973734 0.069234 0.032103
45 0.242359 0.878369 0.099844 0.094421
55 0.274328 0.674753 0.105719 0.097489
55 0.266211 0.521760 0.081922 0.181803
55 0.273195 0.783948 0.124328 0.101631
27 0.676375 0.348197 0.063469 0.134635
41 0.931391 0.923884 0.047500 0.049657
41 0.851172 0.927060 0.053125 0.071931
42 0.450211 0.951513 0.050672 0.055258
42 0.478781 0.988455 0.100125 0.021288
44 0.707148 0.978820 0.022516 0.041931
55 0.513805 0.329742 0.010516 0.016567
55 0.483023 0.580783 0.032078 0.023584
40 0.930922 0.922350 0.047250 0.046245
45 0.896813 0.972886 0.206375 0.054227
45 0.341547 0.884775 0.102188 0.097790
