7 0.497970 0.616543 0.995940 0.736011
0 0.930380 0.612620 0.136080 0.137899
28 0.440470 0.483338 0.183820 0.215878
28 0.703000 0.503364 0.206160 0.206729
28 0.653760 0.581077 0.257440 0.195931
24 0.503590 0.526968 0.168980 0.191011
28 0.178560 0.494880 0.066320 0.099495
28 0.920840 0.504920 0.153880 0.197872
28 0.573750 0.404588 0.213700 0.177527
28 0.792400 0.418856 0.120720 0.093830
24 0.792110 0.419880 0.107980 0.089016
39 0.974200 0.364481 0.009040 0.030505
39 0.932170 0.368551 0.005460 0.024282
