56 0.479531 0.339142 0.314125 0.315439
56 0.942406 0.347626 0.112437 0.283159
60 0.500000 0.725052 1.000000 0.527971
41 0.607758 0.582469 0.110047 0.172469
53 0.277516 0.729404 0.220344 0.129310
63 0.294555 0.750565 0.424641 0.422469
73 0.802109 0.868159 0.395781 0.244937
0 0.427148 0.305617 0.297078 0.426967
41 0.818359 0.235701 0.027031 0.041736
41 0.983289 0.292092 0.033422 0.053682
41 0.706555 0.263044 0.028266 0.032071
45 0.762633 0.212636 0.090984 0.104854
45 0.704344 0.259948 0.032219 0.038431
47 0.753812 0.203462 0.019062 0.024331
47 0.758148 0.234718 0.024578 0.021946
47 0.741383 0.211119 0.017172 0.030900
56 0.703844 0.161736 0.103406 0.064100
56 0.672484 0.435868 0.086219 0.133996
60 0.811297 0.333128 0.377406 0.295879
2 0.596008 0.812008 0.074734 0.125188
24 0.048148 0.501360 0.096297 0.093222
56 0.526719 0.174446 0.027000 0.034791
0 0.892000 0.242762 0.163125 0.485523
0 0.591070 0.239906 0.144984 0.479812
