60 0.636733 0.718234 0.726533 0.545875
0 0.330106 0.534164 0.381014 0.800641
0 0.610012 0.350063 0.369741 0.413250
0 0.781958 0.358555 0.140991 0.360266
0 0.863160 0.360453 0.083255 0.340719
0 0.950448 0.363547 0.099104 0.321625
27 0.539882 0.330398 0.052642 0.110516
27 0.078337 0.305719 0.035354 0.098344
27 0.813667 0.292648 0.034693 0.094766
55 0.599458 0.499625 0.340472 0.141781
0 0.230755 0.222570 0.067217 0.114859
0 0.169729 0.326211 0.059269 0.173766
0 0.081191 0.370883 0.162382 0.331703
42 0.454575 0.235797 0.070566 0.025000
