24 0.836797 0.858427 0.146625 0.256188
24 0.900516 0.811875 0.116875 0.280167
26 0.657367 0.388656 0.183453 0.161979
26 0.653094 0.608990 0.146625 0.089896
26 0.663125 0.770167 0.149531 0.213292
26 0.371977 0.588219 0.121484 0.386271
26 0.279281 0.858469 0.092688 0.244937
26 0.263766 0.657302 0.065719 0.128104
26 0.488516 0.254302 0.043812 0.213479
28 0.912406 0.559792 0.090281 0.103417
28 0.988492 0.688031 0.023016 0.182812
28 0.920734 0.696260 0.116688 0.203104
28 0.877234 0.579010 0.058000 0.069271
28 0.951594 0.935031 0.094156 0.129937
28 0.872258 0.504958 0.063891 0.081958
24 0.551313 0.148969 0.087625 0.226146
24 0.807594 0.138750 0.175594 0.251625
24 0.650172 0.237427 0.131281 0.229063
24 0.661906 0.759146 0.144250 0.218208
24 0.654008 0.607958 0.145234 0.118250
24 0.796758 0.659740 0.136359 0.301312
24 0.668625 0.514760 0.175031 0.192854
24 0.697719 0.186781 0.171938 0.298563
24 0.657656 0.368417 0.185219 0.198917
26 0.668937 0.516573 0.179219 0.181812
26 0.790086 0.619625 0.130859 0.178167
26 0.424031 0.285250 0.092125 0.206958
26 0.340023 0.261917 0.081609 0.171000
28 0.961000 0.834719 0.077875 0.102854
28 0.805148 0.364708 0.130859 0.232208
28 0.990625 0.572281 0.018750 0.069146
26 0.255563 0.344083 0.049250 0.132500
