72 0.923305 0.521784 0.153391 0.698873
0 0.831891 0.540915 0.192000 0.520798
0 0.605797 0.390646 0.200437 0.710117
0 0.488422 0.533779 0.119125 0.319906
43 0.513117 0.702512 0.038578 0.047183
45 0.726242 0.775153 0.103297 0.073357
45 0.842477 0.855610 0.156703 0.136761
45 0.313625 0.762770 0.083875 0.077089
45 0.410258 0.670763 0.064891 0.061714
45 0.409266 0.733110 0.062969 0.067582
51 0.367070 0.687289 0.055516 0.039131
76 0.394227 0.372500 0.023453 0.065704
24 0.898594 0.647312 0.065594 0.192653
24 0.498141 0.488685 0.079438 0.068451
45 0.875781 0.962359 0.145094 0.058427
45 0.544141 0.817371 0.067312 0.064038
45 0.493109 0.766232 0.093625 0.112700
67 0.491781 0.537207 0.047250 0.039718
45 0.285195 0.725223 0.110609 0.122418
45 0.361445 0.741056 0.040203 0.050563
45 0.370180 0.695845 0.059078 0.050000
