56 0.440440 0.722613 0.276840 0.536907
56 0.738320 0.728093 0.276160 0.521360
56 0.781560 0.395760 0.151880 0.108427
56 0.543370 0.430933 0.133660 0.068160
60 0.669460 0.708267 0.647640 0.557067
45 0.226120 0.325547 0.057640 0.028107
45 0.145000 0.329293 0.055880 0.030053
45 0.053160 0.337267 0.049400 0.032880
46 0.675670 0.462187 0.054100 0.044267
46 0.623340 0.456867 0.049880 0.047867
46 0.619530 0.473480 0.023900 0.019013
46 0.641760 0.474733 0.024960 0.020613
46 0.644050 0.464387 0.039860 0.035867
40 0.197720 0.411800 0.029360 0.063120
45 0.225380 0.212973 0.057240 0.027387
45 0.136030 0.218267 0.057780 0.030667
45 0.053430 0.219867 0.048900 0.033653
56 0.859050 0.629707 0.218020 0.461120
40 0.239900 0.410920 0.032320 0.059013
40 0.221570 0.410867 0.031500 0.060133
