39 0.503120 0.531630 0.043893 0.089700
39 0.647107 0.251130 0.017573 0.053220
39 0.526053 0.336460 0.031787 0.052800
39 0.436507 0.249070 0.016800 0.045780
39 0.384347 0.246530 0.015787 0.044500
39 0.410720 0.237700 0.020213 0.025600
39 0.556107 0.235310 0.011520 0.021580
56 0.099080 0.318650 0.083653 0.124420
56 0.795800 0.614540 0.196187 0.188440
56 0.953627 0.375010 0.092747 0.141580
56 0.090480 0.843250 0.180960 0.209900
56 0.290053 0.510080 0.087253 0.131680
60 0.436453 0.610040 0.535680 0.702040
60 0.521613 0.312860 0.471653 0.131400
40 0.425400 0.563800 0.047333 0.072280
40 0.490773 0.425070 0.037973 0.043140
40 0.619600 0.559500 0.053280 0.054840
40 0.459600 0.509680 0.040693 0.093560
0 0.207867 0.475770 0.257387 0.264980
0 0.372013 0.436870 0.220240 0.243380
0 0.414773 0.340770 0.113120 0.185660
0 0.578147 0.289920 0.171920 0.120240
0 0.703480 0.389640 0.194427 0.218160
0 0.806373 0.482120 0.228000 0.293640
39 0.544640 0.441320 0.036640 0.089680
39 0.471453 0.249470 0.014053 0.042220
39 0.606120 0.244910 0.016187 0.047620
40 0.582080 0.413060 0.034720 0.066000
0 0.444440 0.769140 0.438427 0.441440
0 0.169160 0.725600 0.337040 0.547880
0 0.257120 0.264790 0.095200 0.247460
0 0.709293 0.281820 0.065787 0.057800
40 0.619080 0.432510 0.035387 0.062140
40 0.613533 0.375790 0.040667 0.054140
41 0.558800 0.352240 0.019040 0.028040
39 0.604440 0.470350 0.050213 0.071740
41 0.502133 0.484570 0.046827 0.046420
0 0.843867 0.716710 0.312267 0.566580
56 0.899080 0.935560 0.200933 0.127120
41 0.458240 0.598810 0.040800 0.042700
56 0.838933 0.610480 0.127627 0.065240
