58 0.090445 0.416569 0.143422 0.203115
62 0.780648 0.416838 0.199234 0.213864
57 0.381555 0.516300 0.330734 0.291850
57 0.127695 0.744087 0.255391 0.490328
60 0.307937 0.360995 0.094656 0.019227
68 0.024766 0.251827 0.049531 0.050820
56 0.248555 0.369883 0.052859 0.072506
56 0.288375 0.341218 0.021438 0.035925
56 0.318750 0.361440 0.053031 0.050375
65 0.394125 0.738677 0.078281 0.048407
73 0.343117 0.611475 0.068641 0.045995
74 0.463492 0.249063 0.017328 0.064731
56 0.361562 0.356054 0.018594 0.057073
69 0.030273 0.352787 0.060547 0.102436
65 0.344664 0.609836 0.046422 0.031991
