0 0.586305 0.376031 0.039047 0.111562
0 0.664984 0.341552 0.069750 0.128812
0 0.795570 0.556833 0.052078 0.186833
20 0.749023 0.530031 0.087297 0.206396
20 0.518031 0.512583 0.185062 0.248000
20 0.568977 0.546188 0.140484 0.231750
20 0.673789 0.547083 0.144641 0.321583
0 0.845930 0.356042 0.020109 0.027667
0 0.801500 0.383562 0.023438 0.027875
0 0.831055 0.372260 0.019109 0.036521
0 0.740187 0.389156 0.040750 0.087396
0 0.766742 0.367708 0.009359 0.024167
0 0.780547 0.410437 0.016031 0.024667
0 0.615719 0.383917 0.021563 0.032500
0 0.866203 0.364375 0.023750 0.046500
0 0.775953 0.385969 0.019563 0.031979
