25 0.405687 0.615738 0.118469 0.090867
25 0.143898 0.639321 0.138859 0.099344
25 0.583219 0.605164 0.094594 0.094918
25 0.946367 0.548021 0.069547 0.039321
56 0.119227 0.727073 0.075016 0.077283
0 0.455852 0.688489 0.029828 0.058759
0 0.596391 0.656792 0.059437 0.066651
0 0.451813 0.543009 0.016313 0.080211
0 0.876492 0.520749 0.018766 0.030492
0 0.665063 0.484333 0.007875 0.033489
0 0.669695 0.648290 0.033141 0.034801
8 0.665766 0.349754 0.006594 0.016885
8 0.180086 0.320328 0.041547 0.016862
26 0.197109 0.700000 0.018156 0.060047
56 0.186008 0.714848 0.050453 0.096300
0 0.165523 0.522635 0.007391 0.016323
0 0.863406 0.524660 0.011750 0.025574
0 0.672406 0.493407 0.009406 0.022787
0 0.766078 0.379403 0.004031 0.015293
0 0.712313 0.622998 0.041375 0.042904
0 0.756977 0.596323 0.012766 0.018829
25 0.729633 0.569848 0.083484 0.060960
25 0.871102 0.551803 0.082391 0.040422
56 0.626703 0.657248 0.030094 0.063349
56 0.761047 0.633583 0.037469 0.062248
56 0.899258 0.619602 0.025672 0.041358
56 0.397430 0.679415 0.079609 0.078876
56 0.590508 0.661745 0.079766 0.057963
56 0.722867 0.636827 0.045328 0.052670
56 0.949109 0.607389 0.035406 0.038899
56 0.690180 0.619169 0.023516 0.049344
56 0.974914 0.606066 0.014453 0.041733
0 0.813117 0.596335 0.014359 0.039133
