58 0.131164 0.344167 0.208516 0.455167
39 0.159383 0.600583 0.063297 0.259458
56 0.015258 0.351479 0.020891 0.218417
60 0.268562 0.686354 0.534219 0.598917
0 0.285719 0.264177 0.170063 0.283438
0 0.580617 0.415354 0.261234 0.534833
0 0.530406 0.341219 0.125000 0.360354
0 0.682586 0.583896 0.610109 0.813500
40 0.269750 0.714177 0.085094 0.186812
40 0.316852 0.630333 0.060672 0.105625
40 0.317563 0.494875 0.039719 0.115458
40 0.281992 0.523375 0.051641 0.132625
40 0.031055 0.544219 0.062078 0.135354
41 0.313664 0.636365 0.058391 0.115937
42 0.300531 0.854010 0.027156 0.103938
42 0.359891 0.566146 0.028844 0.054625
44 0.226750 0.841125 0.039969 0.075042
76 0.971852 0.363802 0.054828 0.040063
40 0.215805 0.407875 0.044234 0.096833
40 0.288727 0.414594 0.045609 0.087854
40 0.287187 0.361635 0.038219 0.035188
44 0.220031 0.434688 0.060344 0.014833
67 0.367969 0.521208 0.061094 0.029667
75 0.137828 0.490583 0.101188 0.217958
40 0.089633 0.918417 0.124141 0.160708
44 0.359937 0.566021 0.026469 0.051167
44 0.393898 0.442052 0.019547 0.031563
55 0.360758 0.872281 0.098828 0.076062
55 0.393125 0.580927 0.063094 0.037646
55 0.409117 0.449542 0.024047 0.030583
55 0.253195 0.403052 0.030922 0.023687
56 0.960211 0.673208 0.079578 0.202917
