56 0.163590 0.833440 0.327180 0.333120
0 0.483590 0.558947 0.332980 0.882107
73 0.941320 0.759653 0.117360 0.039787
73 0.952250 0.793253 0.080900 0.044960
73 0.966150 0.684947 0.067700 0.046053
28 0.625280 0.695133 0.364040 0.492133
39 0.917300 0.653560 0.049760 0.091813
39 0.873840 0.671293 0.056720 0.102427
73 0.238500 0.755533 0.026320 0.112507
73 0.220820 0.774560 0.023240 0.093920
73 0.241420 0.884867 0.046080 0.113573
73 0.213780 0.891893 0.048400 0.105707
73 0.185690 0.900120 0.040740 0.105360
73 0.164380 0.913120 0.028400 0.110027
73 0.118780 0.966547 0.070480 0.066907
73 0.933450 0.715267 0.133100 0.050800
