34 0.107203 0.628478 0.010594 0.036674
0 0.560672 0.567166 0.021594 0.067447
0 0.881070 0.493255 0.015109 0.046698
0 0.941516 0.630585 0.027250 0.053255
0 0.593656 0.919473 0.119000 0.161054
0 0.407898 0.499731 0.012203 0.047049
0 0.300297 0.530749 0.017750 0.059063
0 0.124508 0.655176 0.034703 0.088946
0 0.526305 0.508571 0.013172 0.051850
0 0.854062 0.909813 0.095063 0.176534
0 0.673914 0.879719 0.092547 0.240562
0 0.930844 0.667237 0.035125 0.074426
0 0.749008 0.879719 0.122734 0.214614
0 0.963758 0.866101 0.072484 0.265316
