0 0.771720 0.562162 0.032320 0.083003
46 0.460170 0.125270 0.081300 0.173123
46 0.479800 0.280931 0.145840 0.162643
46 0.541320 0.420526 0.042960 0.131141
46 0.572160 0.552492 0.133800 0.132913
46 0.679930 0.302447 0.085620 0.122913
46 0.632140 0.217508 0.043520 0.105586
46 0.597690 0.341276 0.104500 0.194324
46 0.063600 0.173348 0.126480 0.298829
46 0.500830 0.433754 0.026900 0.135676
46 0.340080 0.226081 0.192840 0.254565
46 0.315160 0.236141 0.075400 0.141892
46 0.136990 0.592327 0.267220 0.270661
46 0.167230 0.237943 0.158980 0.266396
47 0.624090 0.890691 0.025940 0.030991
47 0.603230 0.912417 0.257300 0.175165
47 0.675860 0.907402 0.032400 0.030661
