56 0.475945 0.408301 0.200828 0.498882
0 0.764969 0.500581 0.470062 0.982108
53 0.533086 0.782022 0.302047 0.179785
73 0.484758 0.032194 0.017734 0.064387
73 0.575570 0.123129 0.045828 0.094645
73 0.718570 0.031151 0.015797 0.058903
73 0.505094 0.031398 0.018875 0.062796
73 0.660609 0.130688 0.021656 0.077849
73 0.741883 0.026645 0.018359 0.053290
73 0.607422 0.128462 0.014594 0.067247
73 0.759180 0.026398 0.017859 0.052796
73 0.518023 0.042204 0.011672 0.036581
73 0.644562 0.125710 0.013875 0.075548
73 0.557484 0.139258 0.007094 0.064409
73 0.495930 0.030645 0.012672 0.060344
0 0.263461 0.539419 0.510547 0.900903
0 0.077375 0.858441 0.154750 0.283118
73 0.730250 0.027968 0.018812 0.055935
