13 0.450071 0.824719 0.751247 0.328094
13 0.566824 0.594820 0.571906 0.413484
13 0.532106 0.404391 0.282518 0.190938
13 0.545835 0.324703 0.184329 0.094531
13 0.560659 0.297102 0.179953 0.137516
13 0.770353 0.140383 0.041506 0.018203
13 0.560282 0.232430 0.138165 0.076078
13 0.560824 0.208031 0.115529 0.046094
13 0.558706 0.189992 0.095012 0.033484
13 0.566388 0.179586 0.080071 0.029578
13 0.559941 0.162773 0.056729 0.032078
13 0.571541 0.135117 0.029341 0.013484
13 0.572271 0.156797 0.049482 0.026844
