5 0.735045 0.394600 0.529910 0.202680
0 0.544009 0.515720 0.082853 0.173760
0 0.358483 0.449260 0.021471 0.044720
0 0.330285 0.453970 0.019610 0.044260
0 0.312748 0.450260 0.024234 0.038560
3 0.449655 0.559130 0.176547 0.087220
9 0.412913 0.279100 0.096997 0.186360
0 0.377147 0.442180 0.026847 0.037480
0 0.890601 0.675680 0.218799 0.448200
2 0.035330 0.537650 0.070661 0.077660
2 0.066997 0.470620 0.119580 0.056840
2 0.057838 0.490940 0.092973 0.054480
0 0.244910 0.461680 0.022613 0.050320
0 0.504174 0.493050 0.061021 0.148140
