5 0.568219 0.648649 0.863562 0.677911
5 0.127320 0.542688 0.252109 0.330334
5 0.612617 0.336518 0.489078 0.146072
5 0.477742 0.344944 0.400859 0.164039
5 0.922781 0.305989 0.154438 0.136936
5 0.383203 0.356184 0.317656 0.155042
5 0.369773 0.317256 0.369766 0.123315
5 0.080680 0.768538 0.158828 0.440474
11 0.659758 0.763677 0.042297 0.101448
5 0.219758 0.341003 0.144828 0.107075
5 0.168281 0.329136 0.091875 0.065237
5 0.066391 0.372423 0.132719 0.089192
5 0.902055 0.213008 0.195891 0.041671
5 0.672500 0.220042 0.154531 0.038022
