2 0.213047 0.293611 0.181531 0.255444
2 0.945344 0.426583 0.109312 0.330889
3 0.389961 0.591014 0.527109 0.611250
0 0.745195 0.401333 0.081797 0.442333
0 0.665898 0.428722 0.099297 0.431833
0 0.434148 0.272556 0.128359 0.284111
0 0.849922 0.340625 0.029750 0.197250
0 0.802383 0.308236 0.022297 0.162250
0 0.903180 0.341403 0.026141 0.197472
0 0.933031 0.286000 0.012125 0.045056
0 0.869617 0.342014 0.032797 0.186194
24 0.835938 0.319597 0.023719 0.054583
24 0.913789 0.310944 0.021266 0.067944
26 0.089453 0.252972 0.024969 0.098556
0 0.101875 0.292625 0.030469 0.132917
0 0.494469 0.242319 0.023156 0.101528
26 0.623750 0.377167 0.051406 0.153222
26 0.911750 0.304014 0.016125 0.055250
26 0.372383 0.246306 0.008016 0.041000
26 0.390531 0.227750 0.010531 0.031000
26 0.838031 0.316306 0.030406 0.049389
0 0.832391 0.267333 0.019625 0.083611
0 0.778016 0.306611 0.021406 0.158944
