0 0.548602 0.376406 0.381172 0.726871
0 0.232828 0.421287 0.165594 0.565030
0 0.907375 0.329436 0.049375 0.166871
0 0.919141 0.312099 0.056656 0.148752
43 0.617273 0.576069 0.077359 0.157327
55 0.655227 0.690000 0.190453 0.153980
55 0.163484 0.887228 0.307812 0.225545
55 0.756195 0.913248 0.273422 0.173505
55 0.927031 0.719921 0.145937 0.132317
55 0.956727 0.970238 0.085328 0.059525
0 0.411617 0.198871 0.192172 0.397743
56 0.074477 0.667416 0.134766 0.125842
0 0.836047 0.321743 0.141719 0.212713
0 0.737094 0.251584 0.030531 0.221545
2 0.072859 0.328535 0.145719 0.094574
55 0.443461 0.845634 0.332578 0.227069
55 0.791852 0.659465 0.089047 0.035921
55 0.503914 0.936941 0.237953 0.124455
