0 0.809979 0.784109 0.038208 0.082594
0 0.772125 0.803500 0.049833 0.105062
0 0.854635 0.790422 0.036188 0.072406
0 0.900802 0.797391 0.046312 0.085938
0 0.188281 0.754156 0.019938 0.031625
0 0.989760 0.778586 0.020313 0.067547
0 0.961583 0.776938 0.022458 0.072094
0 0.305094 0.753109 0.014104 0.033250
25 0.837906 0.725648 0.081604 0.011766
25 0.914198 0.736180 0.041104 0.009672
0 0.536740 0.749758 0.016104 0.031203
0 0.985167 0.749078 0.009833 0.012031
74 0.425906 0.330211 0.031146 0.043047
74 0.354167 0.321953 0.062542 0.046594
0 0.417281 0.754156 0.015938 0.032625
0 0.240281 0.756508 0.017354 0.020422
0 0.577073 0.760602 0.019604 0.039766
