56 0.163700 0.564077 0.187240 0.484406
56 0.307190 0.487731 0.127300 0.362480
0 0.932540 0.385277 0.134920 0.764591
0 0.652480 0.107546 0.174280 0.215092
0 0.483520 0.567375 0.963640 0.865251
56 0.037390 0.465106 0.070140 0.269050
56 0.038030 0.788931 0.075420 0.401240
56 0.399670 0.388311 0.086620 0.194828
56 0.491770 0.380726 0.124700 0.229631
56 0.620890 0.706821 0.136380 0.371847
56 0.704840 0.951517 0.090560 0.059763
56 0.924280 0.877916 0.151440 0.212982
63 0.217000 0.793905 0.272960 0.329024
