0 0.193125 0.806093 0.098062 0.311425
0 0.235016 0.749703 0.044250 0.169430
0 0.283922 0.729335 0.024281 0.150404
0 0.358227 0.735428 0.039016 0.172613
0 0.420719 0.743064 0.044125 0.160808
0 0.460203 0.744501 0.048812 0.176176
0 0.485648 0.764406 0.025016 0.137173
0 0.542719 0.746247 0.048250 0.203040
0 0.785750 0.754976 0.055813 0.220594
0 0.633258 0.756781 0.041016 0.186532
0 0.846289 0.761793 0.060609 0.197743
0 0.720758 0.755344 0.055109 0.193349
26 0.675570 0.719133 0.022891 0.051283
26 0.443695 0.728527 0.017453 0.036057
4 0.515469 0.342815 0.969063 0.658409
26 0.427500 0.730570 0.021656 0.030831
0 0.330875 0.740095 0.030906 0.144703
