25 0.363453 0.287972 0.177594 0.183030
25 0.495500 0.288893 0.222156 0.199604
25 0.572313 0.296119 0.195469 0.190186
13 0.677430 0.785490 0.112766 0.220956
13 0.614102 0.743450 0.200297 0.198928
13 0.512281 0.734569 0.102750 0.054312
13 0.385266 0.748228 0.113594 0.132494
13 0.303414 0.570618 0.187109 0.035175
25 0.762406 0.279277 0.368375 0.236503
25 0.269633 0.258427 0.231984 0.197739
25 0.164391 0.284604 0.126219 0.131678
60 0.677531 0.694767 0.103281 0.028228
60 0.250336 0.555734 0.088703 0.031375
60 0.435766 0.613636 0.213438 0.031702
60 0.302680 0.662133 0.183141 0.204406
60 0.168680 0.586352 0.044234 0.081189
60 0.048180 0.559615 0.096359 0.099557
60 0.610758 0.665350 0.196141 0.026364
60 0.521352 0.638322 0.219578 0.027646
