0 0.643000 0.459498 0.150000 0.746575
0 0.868000 0.423973 0.184000 0.730594
0 0.389500 0.529680 0.165000 0.810502
0 0.156500 0.538813 0.235000 0.920091
0 0.949350 0.320868 0.071700 0.426941
41 0.387290 0.914498 0.039660 0.134566
41 0.425720 0.962466 0.027000 0.075068
65 0.093960 0.168973 0.029240 0.100594
65 0.102930 0.218333 0.023260 0.036667
56 0.513850 0.442192 0.065180 0.083288
56 0.034150 0.531142 0.067500 0.107306
56 0.093160 0.508402 0.039000 0.134886
56 0.267170 0.462808 0.034460 0.078037
56 0.063200 0.611986 0.062200 0.081963
56 0.756310 0.581301 0.091780 0.335571
64 0.713440 0.850822 0.039440 0.047945
65 0.935530 0.401963 0.038260 0.020913
65 0.447990 0.530845 0.013340 0.027626
66 0.588510 0.813196 0.087980 0.141826
0 0.988280 0.231438 0.023440 0.198128
62 0.456200 0.742877 0.077360 0.358447
65 0.700470 0.432374 0.034860 0.020183
66 0.628910 0.898699 0.115220 0.146895
56 0.741230 0.364521 0.041820 0.070868
56 0.021100 0.636712 0.042200 0.119817
56 0.251220 0.377785 0.020440 0.075845
56 0.030280 0.414886 0.035600 0.055799
