15 0.181430 0.689656 0.361516 0.461021
15 0.588086 0.444323 0.371672 0.315771
15 0.816938 0.278500 0.217750 0.144083
59 0.588437 0.448979 0.823125 0.897958
73 0.170406 0.066646 0.067625 0.038250
73 0.164555 0.087865 0.090891 0.050312
73 0.168977 0.126490 0.097984 0.066521
73 0.250562 0.103135 0.070625 0.040354
73 0.169461 0.101750 0.102203 0.042667
73 0.231445 0.117312 0.081109 0.057917
73 0.229430 0.157250 0.090078 0.023458
74 0.300203 0.139146 0.025625 0.045792
15 0.332680 0.523500 0.436078 0.206958
15 0.462328 0.314479 0.254750 0.160833
