32 0.206531 0.514563 0.012625 0.019672
0 0.080117 0.384331 0.075703 0.153579
0 0.686617 0.250301 0.024234 0.099344
0 0.948438 0.406503 0.042844 0.132240
0 0.052000 0.216995 0.025750 0.058907
0 0.825008 0.140123 0.014016 0.025437
0 0.357320 0.125273 0.009953 0.026448
0 0.416773 0.132186 0.014516 0.019672
35 0.961992 0.430369 0.015234 0.026148
35 0.693789 0.259180 0.007859 0.014645
0 0.797016 0.561749 0.172969 0.204590
0 0.768781 0.126366 0.022875 0.044153
35 0.081703 0.376503 0.015813 0.024699
0 0.031109 0.216270 0.025531 0.034180
0 0.415797 0.126134 0.017031 0.031230
0 0.363523 0.128156 0.012203 0.019372
