17 0.525118 0.548172 0.914518 0.611594
17 0.243647 0.250398 0.083859 0.107078
0 0.502812 0.410773 0.278141 0.433266
0 0.237329 0.217844 0.090847 0.090000
17 0.158882 0.209578 0.074188 0.060844
27 0.466553 0.301117 0.015365 0.039266
17 0.580624 0.213219 0.032400 0.072688
17 0.435706 0.251812 0.046659 0.130375
0 0.572694 0.191594 0.026565 0.044188
56 0.873071 0.194211 0.012871 0.006484
56 0.889541 0.195047 0.017200 0.006719
56 0.855635 0.192625 0.015318 0.006781
56 0.787188 0.191711 0.023129 0.005234
56 0.737635 0.189906 0.017341 0.003188
56 0.697188 0.188273 0.010000 0.003234
56 0.676506 0.188008 0.027741 0.003609
56 0.915718 0.194250 0.019529 0.007187
