0 0.563734 0.562927 0.245875 0.586511
0 0.237961 0.675585 0.226641 0.352014
0 0.891328 0.867564 0.214406 0.242717
0 0.594008 0.048852 0.050984 0.096534
0 0.685422 0.040457 0.082250 0.080913
34 0.440602 0.493642 0.130547 0.086253
35 0.360563 0.694836 0.047531 0.106300
0 0.249750 0.082166 0.043844 0.163817
0 0.513648 0.039122 0.063078 0.078244
0 0.416805 0.067412 0.050984 0.125831
0 0.085875 0.648513 0.171750 0.487611
13 0.361680 0.065644 0.079516 0.028244
13 0.208328 0.092342 0.064875 0.022623
0 0.301141 0.078150 0.055750 0.155878
13 0.050258 0.118185 0.100516 0.049344
0 0.771586 0.030492 0.094234 0.060984
0 0.116141 0.100000 0.133438 0.190117
