25 0.484253 0.154340 0.275227 0.308680
2 0.971493 0.176220 0.055787 0.038000
56 0.488387 0.482770 0.455440 0.373020
56 0.920973 0.793260 0.158053 0.377520
2 0.860280 0.190910 0.124133 0.034420
2 0.766267 0.191170 0.062987 0.029420
73 0.172053 0.171360 0.071093 0.074200
73 0.102333 0.179090 0.085573 0.073420
73 0.035347 0.182850 0.050587 0.069540
73 0.253413 0.276670 0.045760 0.061900
73 0.243027 0.165580 0.071493 0.072840
73 0.199573 0.255640 0.072320 0.051680
73 0.044707 0.514050 0.076933 0.067580
73 0.081507 0.274570 0.033893 0.024700
73 0.149293 0.258910 0.035867 0.047220
73 0.159133 0.361810 0.018640 0.020900
73 0.186200 0.474660 0.079547 0.052920
