60 0.385773 0.785229 0.771547 0.429542
0 0.642977 0.316854 0.298328 0.611250
56 0.029008 0.515000 0.058016 0.098083
56 0.085109 0.792885 0.106187 0.179771
48 0.493000 0.724240 0.132281 0.086104
48 0.658633 0.614302 0.092016 0.040396
48 0.614383 0.635479 0.099703 0.080667
72 0.073430 0.374854 0.146859 0.347042
41 0.916734 0.504708 0.033344 0.045000
42 0.874664 0.781604 0.063734 0.016083
43 0.449203 0.759281 0.135719 0.053937
43 0.816469 0.667010 0.156469 0.070771
45 0.889578 0.929583 0.220844 0.140833
71 0.786344 0.557729 0.222344 0.116000
0 0.513375 0.221771 0.035125 0.047250
41 0.774031 0.392698 0.026219 0.041229
44 0.873875 0.456896 0.022531 0.067708
0 0.451766 0.447552 0.256719 0.539104
0 0.283992 0.415729 0.483703 0.831458
0 0.028586 0.720646 0.057172 0.171958
44 0.877039 0.500281 0.022734 0.028396
44 0.892109 0.446583 0.029625 0.086250
44 0.859875 0.469062 0.006469 0.057667
48 0.579922 0.747615 0.133813 0.094146
58 0.939172 0.616615 0.121188 0.651188
74 0.774695 0.239948 0.038859 0.053521
41 0.910250 0.440938 0.012281 0.044917
