67 0.668633 0.761854 0.061078 0.027375
67 0.411008 0.402073 0.027297 0.018396
67 0.964328 0.398802 0.023375 0.053687
0 0.500563 0.573031 0.219094 0.853938
0 0.207211 0.419677 0.122484 0.306479
0 0.132008 0.515583 0.260641 0.811667
0 0.791297 0.598875 0.396062 0.770792
24 0.598297 0.500281 0.044781 0.127646
67 0.181797 0.416865 0.017719 0.010687
0 0.686016 0.409135 0.123156 0.431938
24 0.220367 0.356510 0.038234 0.147729
67 0.279320 0.683448 0.068953 0.023646
67 0.975922 0.235375 0.025844 0.051167
67 0.307492 0.424479 0.024422 0.147417
67 0.214781 0.256000 0.019344 0.070833
67 0.314484 0.264094 0.024094 0.036854
67 0.652039 0.513229 0.008859 0.011833
