2 0.852950 0.184320 0.102820 0.184640
0 0.659420 0.255640 0.099880 0.372453
1 0.695540 0.308733 0.051800 0.204613
0 0.911800 0.344573 0.158440 0.604507
26 0.397350 0.379667 0.102620 0.317733
28 0.574640 0.776560 0.275040 0.446880
28 0.299430 0.859213 0.186500 0.281573
2 0.978620 0.257667 0.042760 0.233787
2 0.740490 0.102973 0.046940 0.074267
12 0.732550 0.114893 0.017060 0.034000
24 0.516710 0.403160 0.210300 0.363440
0 0.587340 0.107093 0.016840 0.098187
0 0.635010 0.099453 0.025860 0.076773
26 0.442650 0.356213 0.095380 0.282987
9 0.762300 0.048800 0.022040 0.029387
