56 0.044708 0.476039 0.089417 0.062297
13 0.568375 0.423586 0.200833 0.121297
35 0.756510 0.571313 0.090563 0.053000
0 0.720833 0.265125 0.083208 0.089063
0 0.434458 0.506734 0.335583 0.424719
0 0.235656 0.309750 0.069771 0.160250
0 0.683771 0.607328 0.239333 0.255500
0 0.732594 0.366297 0.182771 0.224719
0 0.611094 0.300000 0.104271 0.188281
0 0.892302 0.372641 0.191854 0.192781
0 0.513813 0.268156 0.087625 0.077812
0 0.970948 0.272117 0.058104 0.100547
0 0.304917 0.280648 0.068833 0.090359
41 0.289604 0.340094 0.026167 0.027156
0 0.214052 0.402016 0.149521 0.137781
56 0.583781 0.394641 0.169688 0.066469
0 0.881625 0.275898 0.084500 0.082828
