0 0.462031 0.555869 0.845938 0.888263
0 0.808977 0.518556 0.247672 0.205845
0 0.065961 0.120493 0.122922 0.180188
13 0.819289 0.866702 0.361422 0.216690
38 0.044875 0.268545 0.089750 0.519108
0 0.648477 0.691514 0.052672 0.144343
0 0.921781 0.687136 0.077312 0.191080
56 0.225859 0.149448 0.077781 0.074155
56 0.369031 0.176737 0.089312 0.078779
56 0.961445 0.721737 0.052891 0.090000
56 0.114070 0.089085 0.067953 0.109108
56 0.182859 0.104448 0.089781 0.112793
13 0.352695 0.865458 0.152141 0.236362
56 0.296547 0.144085 0.079531 0.057418
56 0.270500 0.199249 0.107219 0.068545
56 0.968109 0.660434 0.063781 0.098099
56 0.952109 0.550646 0.095781 0.067535
56 0.291203 0.109343 0.073938 0.048732
56 0.738750 0.717993 0.155219 0.100164
0 0.895305 0.733075 0.102266 0.083333
