8 0.328016 0.507861 0.259125 0.364056
8 0.105023 0.171667 0.188172 0.072667
8 0.443227 0.146458 0.121078 0.092417
8 0.574695 0.155000 0.072453 0.082722
8 0.642633 0.163472 0.067672 0.063389
8 0.695102 0.160569 0.055797 0.066417
8 0.733578 0.154306 0.053312 0.067556
0 0.816094 0.594097 0.040656 0.284861
26 0.917766 0.692389 0.054281 0.108944
0 0.872484 0.700389 0.060437 0.139778
0 0.928148 0.566583 0.041297 0.147333
0 0.366039 0.488556 0.020328 0.072278
0 0.237734 0.483944 0.026312 0.053278
0 0.303219 0.480653 0.033281 0.057972
0 0.881109 0.174486 0.010625 0.031306
8 0.222391 0.172194 0.047469 0.050833
8 0.502250 0.158472 0.041313 0.059056
0 0.834406 0.168861 0.017719 0.031722
0 0.873875 0.166736 0.017781 0.048139
0 0.367727 0.108083 0.010547 0.042167
0 0.358836 0.109847 0.008172 0.032917
24 0.805813 0.690764 0.062375 0.051639
0 0.933883 0.688014 0.053422 0.298472
0 0.894891 0.175625 0.020594 0.034194
8 0.258617 0.156458 0.070922 0.044694
8 0.293242 0.166069 0.099266 0.062583
