6 0.704773 0.452813 0.590453 0.370792
6 0.136055 0.493948 0.265297 0.981854
13 0.961336 0.760771 0.077328 0.167792
24 0.877242 0.710115 0.065734 0.107854
24 0.685250 0.618125 0.052187 0.103375
24 0.743609 0.588417 0.038719 0.083250
26 0.328930 0.530583 0.023609 0.068875
26 0.837328 0.712875 0.061469 0.140042
0 0.353461 0.559958 0.054297 0.198417
0 0.390984 0.570906 0.063250 0.224062
0 0.687203 0.672635 0.090969 0.294562
0 0.461273 0.490708 0.036391 0.137125
0 0.496625 0.499396 0.023531 0.126875
0 0.733164 0.605344 0.063828 0.225938
0 0.767133 0.569021 0.055984 0.207750
0 0.848148 0.555312 0.054297 0.143792
0 0.607477 0.496208 0.045609 0.137750
24 0.406820 0.529646 0.039328 0.065917
24 0.857234 0.545615 0.022406 0.035771
24 0.610078 0.470792 0.019437 0.052083
24 0.502656 0.467385 0.025500 0.050021
24 0.470336 0.465427 0.019391 0.047021
24 0.464789 0.430615 0.010766 0.019771
24 0.333336 0.418333 0.013484 0.022750
24 0.912891 0.648604 0.038812 0.088625
28 0.869352 0.849146 0.085109 0.155708
28 0.429312 0.620542 0.044188 0.103083
28 0.635992 0.533490 0.030078 0.064687
28 0.805930 0.588562 0.043547 0.108083
28 0.349703 0.450969 0.016438 0.030062
28 0.301102 0.444667 0.009203 0.020583
28 0.735844 0.775229 0.070719 0.124708
28 0.912164 0.643000 0.039672 0.080417
28 0.288219 0.443531 0.008906 0.023479
0 0.850281 0.771917 0.123031 0.433708
0 0.393594 0.436240 0.026031 0.052062
0 0.984492 0.665427 0.031016 0.104354
24 0.441727 0.420833 0.009953 0.018417
0 0.418602 0.520365 0.030984 0.116812
24 0.299898 0.407729 0.008766 0.008500
26 0.788742 0.831656 0.071453 0.132354
26 0.410930 0.409958 0.002672 0.009625
