62 0.614430 0.455035 0.096891 0.180749
56 0.886234 0.828396 0.226000 0.338712
57 0.167953 0.628536 0.227188 0.357541
73 0.715062 0.491183 0.029187 0.060351
73 0.704961 0.486370 0.030047 0.057237
73 0.602094 0.596206 0.024906 0.033770
75 0.799953 0.533665 0.027563 0.107752
75 0.646242 0.543747 0.011734 0.066885
75 0.348008 0.418700 0.009172 0.042412
16 0.369594 0.455304 0.043375 0.032857
39 0.796992 0.534379 0.024328 0.102810
39 0.117609 0.625363 0.032344 0.118220
39 0.168828 0.301956 0.015938 0.054684
39 0.093719 0.435703 0.011406 0.052389
58 0.495930 0.417166 0.122016 0.255738
73 0.689305 0.484941 0.008484 0.050304
