27 0.437515 0.257453 0.063701 0.168250
0 0.225440 0.445445 0.361022 0.860484
0 0.433814 0.304492 0.367628 0.532578
0 0.712955 0.271602 0.066524 0.191766
0 0.766299 0.273273 0.070961 0.181766
0 0.895593 0.299305 0.165542 0.250391
0 0.029949 0.213531 0.029591 0.071625
0 0.077423 0.194109 0.035869 0.049781
0 0.327526 0.191000 0.040532 0.042594
0 0.104836 0.209633 0.074417 0.107266
67 0.637883 0.663500 0.109550 0.025750
67 0.591595 0.737891 0.147485 0.038875
67 0.586237 0.803906 0.158732 0.041375
67 0.409744 0.844047 0.160020 0.051844
67 0.365153 0.774852 0.127566 0.051203
26 0.846074 0.355875 0.052720 0.085562
26 0.356380 0.558445 0.121472 0.115703
67 0.341380 0.677773 0.129182 0.025297
67 0.475859 0.674586 0.109632 0.025422
67 0.794080 0.691180 0.100838 0.081641
67 0.347321 0.724219 0.123804 0.040000
67 0.392873 0.619328 0.095399 0.029875
67 0.539499 0.636953 0.093067 0.023906
67 0.527986 0.592555 0.078139 0.049578
60 0.592822 0.783969 0.814356 0.432062
67 0.756247 0.634648 0.093395 0.075797
