2 0.957340 0.326103 0.084360 0.056917
2 0.741100 0.300902 0.063200 0.033634
2 0.341010 0.255338 0.058380 0.012732
8 0.177530 0.421353 0.261820 0.357293
8 0.779120 0.673321 0.441760 0.636767
0 0.888610 0.312281 0.013500 0.040301
0 0.060180 0.301591 0.030920 0.075865
0 0.397760 0.243434 0.014840 0.028371
0 0.137000 0.281516 0.014240 0.043283
0 0.073650 0.304937 0.022980 0.062556
2 0.814820 0.308835 0.084640 0.041228
0 0.855060 0.300915 0.014680 0.025789
0 0.120810 0.286429 0.012340 0.049148
0 0.862520 0.304561 0.006320 0.018947
0 0.793410 0.274148 0.013900 0.034060
2 0.076800 0.302268 0.084920 0.060677
