39 0.154461 0.968396 0.039828 0.063208
39 0.251117 0.579729 0.036734 0.057250
60 0.361766 0.751927 0.720000 0.472937
0 0.345156 0.350677 0.541937 0.701063
0 0.782305 0.500000 0.435391 1.000000
0 0.146633 0.241573 0.293266 0.474146
0 0.709555 0.503375 0.208984 0.633708
13 0.517570 0.077708 0.077734 0.053375
43 0.533164 0.916750 0.222203 0.109208
27 0.045305 0.052240 0.014516 0.043229
39 0.022953 0.429167 0.041063 0.108667
41 0.052156 0.082927 0.017594 0.016979
42 0.518789 0.972885 0.068016 0.051937
44 0.168727 0.657250 0.032047 0.125000
44 0.206094 0.607344 0.084156 0.116771
45 0.222938 0.739000 0.303563 0.265375
0 0.566094 0.043281 0.027469 0.033729
0 0.537813 0.041552 0.017406 0.026271
48 0.512508 0.479271 0.047984 0.044667
48 0.470211 0.475302 0.053453 0.054688
