32 0.710695 0.486393 0.019328 0.025199
34 0.523477 0.493372 0.091016 0.063466
0 0.214375 0.635562 0.221531 0.292201
0 0.483117 0.518290 0.059359 0.318267
0 0.570484 0.547190 0.214406 0.438220
0 0.807086 0.555410 0.065203 0.184543
0 0.080922 0.598419 0.143875 0.368735
0 0.015281 0.414532 0.030562 0.118103
0 0.710289 0.555667 0.072391 0.188009
0 0.408250 0.514485 0.071906 0.336979
0 0.893758 0.545035 0.094984 0.202670
0 0.347562 0.562658 0.071688 0.210187
0 0.962430 0.546698 0.075141 0.219438
0 0.620578 0.546148 0.061969 0.173232
35 0.334695 0.546944 0.054797 0.071077
34 0.303055 0.631171 0.015203 0.075504
0 0.198289 0.473009 0.079141 0.174543
