67 0.258562 0.638958 0.063469 0.057583
0 0.303531 0.499135 0.603688 0.984313
0 0.275289 0.369042 0.242891 0.544583
0 0.888328 0.507812 0.094875 0.195583
0 0.546102 0.583448 0.112609 0.414604
0 0.270391 0.242042 0.048406 0.124542
0 0.624805 0.667219 0.183203 0.317729
0 0.795102 0.731188 0.237172 0.537625
0 0.646789 0.269854 0.017516 0.043500
0 0.312594 0.300323 0.093531 0.294521
0 0.930953 0.793771 0.137156 0.411708
0 0.689820 0.485333 0.109016 0.188625
0 0.967078 0.532677 0.064875 0.107438
0 0.627039 0.260167 0.019922 0.043625
