33 0.489078 0.464379 0.064031 0.089321
33 0.703055 0.228548 0.033641 0.051850
33 0.179563 0.476967 0.039469 0.039180
33 0.065031 0.517740 0.044281 0.028033
33 0.059266 0.660445 0.046219 0.053115
33 0.155320 0.642201 0.040641 0.057377
33 0.583273 0.042869 0.037547 0.032857
33 0.438273 0.322857 0.022703 0.013864
33 0.667844 0.649087 0.081344 0.036019
33 0.290078 0.329087 0.021000 0.016628
0 0.193547 0.860468 0.065406 0.266323
0 0.644164 0.777178 0.029484 0.117822
0 0.616664 0.760644 0.017797 0.058384
33 0.353008 0.581721 0.009234 0.014731
0 0.081203 0.839496 0.060781 0.278009
0 0.502805 0.752447 0.016141 0.068829
0 0.556891 0.747623 0.012281 0.051077
0 0.715109 0.740433 0.010312 0.039040
0 0.691625 0.737728 0.019938 0.040000
0 0.581172 0.753431 0.021875 0.067237
0 0.734281 0.728817 0.005063 0.027377
0 0.721102 0.737178 0.008672 0.046581
0 0.606352 0.753115 0.012734 0.060843
26 0.170383 0.819274 0.025609 0.071850
33 0.147539 0.733560 0.028828 0.098876
0 0.738406 0.720199 0.005719 0.011077
33 0.284414 0.549286 0.011797 0.015995
