30 0.522271 0.746828 0.290204 0.111000
0 0.393809 0.161914 0.065784 0.123516
0 0.276130 0.110766 0.057026 0.099062
0 0.966446 0.270055 0.067108 0.102766
0 0.324165 0.077016 0.042261 0.050062
0 0.531365 0.122023 0.063788 0.076641
0 0.683910 0.178359 0.046191 0.040188
0 0.820387 0.207703 0.043299 0.051062
0 0.486079 0.604172 0.198147 0.304781
0 0.472780 0.581672 0.153096 0.293500
0 0.875326 0.296805 0.048778 0.129359
0 0.754705 0.299344 0.071894 0.179656
0 0.218075 0.085469 0.034155 0.106156
0 0.902587 0.367250 0.086151 0.150719
31 0.897525 0.453367 0.129633 0.050297
