5 0.667844 0.396768 0.380219 0.213842
5 0.623641 0.436094 0.262094 0.183282
5 0.893055 0.403511 0.126484 0.278473
26 0.364438 0.594275 0.050406 0.142443
26 0.212828 0.489275 0.013281 0.034835
28 0.436031 0.491959 0.015781 0.022595
0 0.342523 0.651947 0.090766 0.383282
0 0.412914 0.661310 0.072891 0.347863
0 0.050250 0.695445 0.092250 0.540356
0 0.157344 0.545051 0.040313 0.196412
0 0.407156 0.437748 0.017625 0.082774
0 0.132969 0.596959 0.051125 0.272341
0 0.189594 0.543308 0.034656 0.191247
0 0.080922 0.563295 0.044000 0.210560
0 0.554898 0.478155 0.035328 0.110509
0 0.765984 0.482799 0.023531 0.135267
0 0.819156 0.471069 0.033594 0.134656
0 0.225414 0.490992 0.027516 0.110382
26 0.178414 0.508575 0.008891 0.029008
26 0.258422 0.482125 0.008281 0.015293
24 0.543211 0.456807 0.016859 0.042570
24 0.559859 0.459567 0.012969 0.040000
24 0.365281 0.608842 0.049781 0.133511
26 0.103898 0.498842 0.014641 0.021908
26 0.391773 0.442799 0.009203 0.024173
26 0.401070 0.633715 0.031641 0.179135
0 0.252500 0.484822 0.023187 0.102672
24 0.427031 0.441552 0.013750 0.034097
24 0.354820 0.451183 0.019859 0.028270
24 0.287234 0.426896 0.018500 0.043155
26 0.169680 0.520025 0.013359 0.037659
11 0.973953 0.449746 0.051562 0.081832
26 0.353867 0.454135 0.021578 0.030305
26 0.346242 0.427150 0.004766 0.019389
