3 0.683156 0.828176 0.058719 0.042612
3 0.588664 0.807918 0.017734 0.042282
74 0.496180 0.247729 0.037984 0.046235
13 0.931383 0.936153 0.136953 0.110988
13 0.300219 0.844200 0.022031 0.021482
0 0.942609 0.921694 0.072375 0.156612
0 0.804820 0.828200 0.037984 0.102847
0 0.851008 0.794106 0.021766 0.058706
0 0.035719 0.864035 0.033750 0.111788
0 0.072102 0.873871 0.038641 0.136588
0 0.599523 0.807318 0.020484 0.072424
0 0.616172 0.808718 0.017813 0.066800
0 0.786375 0.828624 0.039656 0.105624
0 0.301641 0.828247 0.024750 0.061294
0 0.415609 0.808000 0.011156 0.063576
0 0.620891 0.789353 0.010344 0.031553
13 0.048508 0.956918 0.097016 0.086165
26 0.084836 0.882318 0.013016 0.039176
26 0.900844 0.898400 0.171313 0.130682
26 0.426273 0.822647 0.011547 0.028165
26 0.323133 0.828800 0.008922 0.016094
58 0.147680 0.921118 0.068109 0.103600
58 0.803945 0.898588 0.060422 0.101318
0 0.319805 0.825212 0.017359 0.056824
3 0.884867 0.869365 0.098297 0.113647
0 0.198492 0.803729 0.010922 0.024400
2 0.196297 0.825212 0.132531 0.092071
