57 0.142383 0.565234 0.284766 0.301075
57 0.747305 0.649778 0.255109 0.312500
60 0.429570 0.731764 0.292672 0.277640
8 0.887047 0.281998 0.033531 0.019229
0 0.434313 0.424346 0.177344 0.341589
0 0.578430 0.547126 0.343641 0.467430
0 0.309414 0.512430 0.115016 0.244813
42 0.388398 0.713949 0.033234 0.036402
42 0.190797 0.819054 0.042063 0.054650
43 0.070273 0.720561 0.038203 0.041215
45 0.336094 0.668388 0.082187 0.045935
42 0.090703 0.721437 0.043750 0.023061
43 0.403156 0.717850 0.024500 0.036636
45 0.025617 0.753002 0.051109 0.051285
45 0.043992 0.814159 0.087984 0.071308
57 0.681578 0.830771 0.636844 0.338458
60 0.145852 0.829054 0.291703 0.301192
43 0.337891 0.624147 0.040625 0.030117
43 0.494836 0.634311 0.046953 0.023621
43 0.207492 0.824159 0.032922 0.044720
45 0.324352 0.688575 0.036484 0.037991
45 0.418703 0.660327 0.108000 0.056168
57 0.913078 0.599579 0.173844 0.245981
0 0.552844 0.584614 0.098969 0.304790
42 0.342828 0.621776 0.035906 0.025654
