56 0.155802 0.657742 0.305604 0.319109
56 0.967750 0.433742 0.064500 0.173453
56 0.961969 0.431984 0.062646 0.170031
0 0.302479 0.524266 0.526708 0.521437
0 0.276031 0.265336 0.112437 0.115297
0 0.411073 0.310828 0.108854 0.184406
0 0.581698 0.287859 0.104188 0.135813
0 0.496615 0.332016 0.234771 0.133187
63 0.660448 0.677422 0.415063 0.214906
63 0.881667 0.640914 0.236667 0.261078
63 0.597979 0.455500 0.099125 0.146719
73 0.475104 0.499969 0.207250 0.105688
73 0.732583 0.803375 0.458417 0.177531
73 0.738979 0.423867 0.105875 0.016172
73 0.758896 0.370547 0.138125 0.032937
73 0.762646 0.406773 0.152917 0.057922
56 0.873958 0.512297 0.115958 0.109406
56 0.140823 0.850562 0.269646 0.276406
62 0.886302 0.128477 0.227396 0.122109
63 0.263198 0.300969 0.042271 0.021438
73 0.745260 0.434898 0.127229 0.026266
73 0.646677 0.862570 0.412438 0.120109
73 0.493823 0.833562 0.086979 0.110937
73 0.527635 0.831414 0.085687 0.124422
0 0.937042 0.609852 0.123958 0.061734
0 0.249594 0.308133 0.170854 0.205422
63 0.529292 0.413055 0.140417 0.083547
63 0.253865 0.286383 0.057313 0.013734
73 0.433531 0.313109 0.051562 0.021125
73 0.088656 0.330672 0.043937 0.018094
66 0.948146 0.708352 0.099083 0.106297
