0 0.548953 0.863885 0.016344 0.077817
0 0.533062 0.857735 0.020844 0.097817
0 0.248133 0.843944 0.008266 0.036995
0 0.577531 0.841092 0.012531 0.051854
0 0.212742 0.886549 0.015016 0.075352
0 0.236625 0.890387 0.012375 0.035188
0 0.391039 0.860716 0.028859 0.092934
0 0.616945 0.840951 0.013828 0.049742
33 0.301109 0.717371 0.014313 0.016385
33 0.484945 0.445364 0.042703 0.015282
33 0.330508 0.279249 0.032484 0.027136
33 0.731453 0.750552 0.022281 0.027582
33 0.434797 0.590235 0.011906 0.027136
33 0.092055 0.340282 0.040422 0.030704
33 0.643234 0.375176 0.015500 0.027770
33 0.683820 0.595845 0.084578 0.058404
33 0.755023 0.064296 0.022047 0.018169
33 0.257188 0.708568 0.053531 0.036667
33 0.536172 0.664718 0.031906 0.021362
0 0.951469 0.841209 0.053750 0.225469
0 0.301266 0.876995 0.019563 0.044648
33 0.496422 0.313380 0.012625 0.028685
0 0.664523 0.855516 0.014953 0.082019
0 0.162281 0.877523 0.009656 0.067911
33 0.767227 0.652653 0.027828 0.034601
0 0.985391 0.849319 0.029219 0.196808
