17 0.675281 0.574353 0.123063 0.344188
0 0.785055 0.485800 0.069766 0.186894
0 0.991500 0.529388 0.016281 0.146494
0 0.285180 0.458259 0.058703 0.085176
0 0.498133 0.498329 0.014797 0.065035
17 0.957797 0.487200 0.029687 0.100471
56 0.525875 0.611071 0.055937 0.097059
56 0.476195 0.609788 0.038016 0.086541
60 0.530625 0.560718 0.100937 0.022329
0 0.852031 0.496412 0.017094 0.103412
0 0.891813 0.501471 0.027875 0.092729
0 0.441406 0.555482 0.046375 0.233176
0 0.535375 0.530882 0.031594 0.060494
0 0.567531 0.566435 0.037906 0.118000
0 0.556516 0.517000 0.021031 0.055318
0 0.474812 0.504071 0.009813 0.082918
0 0.721844 0.436329 0.063156 0.128141
0 0.819523 0.468012 0.034922 0.124729
56 0.580414 0.610400 0.016734 0.054682
