0 0.490867 0.700152 0.250141 0.596364
45 0.290562 0.726351 0.054156 0.041490
45 0.263320 0.382664 0.026734 0.029571
71 0.619445 0.914609 0.209953 0.166288
40 0.469063 0.193068 0.028844 0.064874
40 0.476406 0.321768 0.020688 0.057172
40 0.493758 0.318813 0.016078 0.055758
41 0.686719 0.777096 0.035687 0.088737
60 0.291523 0.844710 0.175453 0.310581
74 0.608820 0.064444 0.067078 0.114646
41 0.564664 0.451806 0.033359 0.051591
41 0.265023 0.378182 0.027547 0.034949
41 0.622688 0.447866 0.023969 0.059773
41 0.594133 0.445909 0.022172 0.054545
41 0.648359 0.451490 0.033875 0.046566
45 0.217461 0.390202 0.027953 0.027929
41 0.676219 0.445934 0.025906 0.059091
