60 0.500000 0.664415 1.000000 0.646393
0 0.059781 0.065492 0.119188 0.129719
39 0.689312 0.280047 0.141813 0.545527
39 0.933828 0.360211 0.132344 0.622061
39 0.820695 0.182681 0.068453 0.361148
39 0.580672 0.101850 0.027125 0.110117
39 0.562047 0.060199 0.029812 0.117073
40 0.532813 0.440515 0.156250 0.519906
40 0.339070 0.437014 0.164453 0.528173
40 0.172305 0.438677 0.199828 0.511780
40 0.387836 0.286733 0.105828 0.330562
40 0.491094 0.224836 0.118625 0.168970
41 0.033734 0.387084 0.064469 0.269672
41 0.040523 0.120796 0.037234 0.067869
60 0.068695 0.161007 0.137391 0.085902
0 0.333594 0.153934 0.346344 0.307869
40 0.845688 0.444145 0.194094 0.514286
40 0.699977 0.439941 0.180641 0.527424
40 0.193320 0.327143 0.142609 0.398501
40 0.203320 0.200539 0.095797 0.174005
40 0.288867 0.150913 0.092078 0.067119
40 0.524219 0.138970 0.098781 0.028571
39 0.611430 0.073642 0.027734 0.145691
39 0.539445 0.053091 0.027109 0.104824
39 0.587430 0.067377 0.020328 0.132037
41 0.012758 0.116803 0.025516 0.058571
41 0.639484 0.116218 0.025844 0.069672
41 0.403313 0.217178 0.078625 0.113372
