58 0.760469 0.677874 0.071563 0.104019
62 0.403352 0.435981 0.131953 0.127804
15 0.891016 0.694614 0.051500 0.128949
39 0.450695 0.890234 0.027922 0.092710
57 0.143570 0.713586 0.092109 0.188949
0 0.174328 0.836402 0.348656 0.303364
41 0.330016 0.936904 0.043688 0.088621
63 0.565039 0.839708 0.120516 0.103061
65 0.388641 0.821075 0.054656 0.042150
65 0.407867 0.835724 0.055672 0.047430
65 0.394461 0.791180 0.041141 0.033762
75 0.220492 0.588458 0.057609 0.117617
75 0.768484 0.700245 0.029750 0.042266
39 0.219273 0.591016 0.058734 0.116893
41 0.459219 0.788843 0.018406 0.037921
67 0.524453 0.888107 0.044281 0.038738
0 0.377062 0.433154 0.029344 0.070981
0 0.416961 0.455082 0.026047 0.034229
0 0.425906 0.430549 0.033219 0.083248
0 0.366000 0.452161 0.018719 0.036752
57 0.058906 0.673446 0.114344 0.150257
67 0.544102 0.820736 0.026703 0.028248
