33 0.448586 0.452834 0.023891 0.031241
33 0.715102 0.761967 0.135109 0.150585
33 0.796031 0.509110 0.093281 0.150117
33 0.097141 0.433970 0.115969 0.101569
33 0.221719 0.485410 0.056250 0.040422
33 0.183555 0.512576 0.046047 0.045246
33 0.685023 0.590913 0.035672 0.032084
33 0.586023 0.355621 0.297922 0.443841
33 0.199852 0.034742 0.057609 0.069485
33 0.856102 0.637705 0.047297 0.032553
33 0.943695 0.188501 0.028547 0.029415
33 0.906234 0.518712 0.028531 0.032084
33 0.921398 0.839567 0.133797 0.176464
0 0.650305 0.979087 0.009203 0.041358
33 0.306711 0.831593 0.143359 0.097283
33 0.834500 0.731452 0.039000 0.033021
0 0.629883 0.984649 0.010766 0.028876
0 0.605078 0.979133 0.008687 0.027073
0 0.674406 0.973197 0.014344 0.038993
0 0.497758 0.984368 0.002922 0.020117
0 0.134688 0.980281 0.009719 0.034145
0 0.283555 0.983607 0.004016 0.013068
0 0.057180 0.983372 0.011328 0.022529
0 0.206586 0.976148 0.004484 0.017916
