72 0.596574 0.673597 0.805370 0.630861
45 0.495500 0.343472 0.384407 0.094611
2 0.591148 0.636736 0.071778 0.042250
73 0.609185 0.175542 0.086000 0.142361
73 0.512167 0.180111 0.110407 0.148500
73 0.655741 0.161889 0.074815 0.143056
73 0.539259 0.178194 0.114370 0.151944
73 0.485352 0.191208 0.131000 0.140083
73 0.461407 0.219097 0.109407 0.115028
73 0.566444 0.034806 0.065852 0.068556
73 0.622352 0.030389 0.067519 0.058111
73 0.581000 0.180708 0.061111 0.132806
0 0.585704 0.746111 0.086593 0.086500
0 0.799889 0.768306 0.064000 0.075778
0 0.847407 0.775847 0.049407 0.069750
0 0.895852 0.407944 0.048296 0.050278
0 0.844019 0.520431 0.050704 0.042528
0 0.698463 0.644597 0.041667 0.039861
0 0.388056 0.721708 0.046259 0.051028
0 0.392759 0.779583 0.035444 0.047333
0 0.429370 0.781569 0.043630 0.052083
0 0.241704 0.848958 0.042889 0.054694
73 0.691426 0.170417 0.047963 0.142833
