56 0.558344 0.516948 0.046687 0.039604
56 0.930672 0.973844 0.136500 0.044979
56 0.145344 0.967021 0.261781 0.044958
56 0.746773 0.716271 0.112891 0.133333
60 0.758047 0.886479 0.482844 0.203875
60 0.272641 0.885302 0.153531 0.192938
60 0.419867 0.601146 0.040328 0.134625
60 0.443664 0.521740 0.034359 0.083812
6 0.501688 0.369667 0.996625 0.734833
40 0.605945 0.830167 0.030484 0.089042
40 0.235609 0.844198 0.037125 0.086521
40 0.214227 0.792698 0.027891 0.068521
41 0.635391 0.809406 0.030750 0.032854
0 0.621258 0.708219 0.152328 0.267896
0 0.256141 0.687125 0.210000 0.252250
0 0.328336 0.599990 0.111328 0.129021
0 0.349117 0.552344 0.073391 0.126021
0 0.379602 0.552677 0.072141 0.159062
0 0.147469 0.843813 0.220781 0.298875
0 0.385867 0.493240 0.055047 0.084354
0 0.427969 0.463406 0.051594 0.080938
0 0.440945 0.434062 0.031234 0.058708
0 0.460047 0.401708 0.017344 0.035250
0 0.600625 0.471583 0.041813 0.079792
0 0.701141 0.860583 0.314688 0.278833
60 0.532773 0.569500 0.028141 0.080833
60 0.378578 0.722365 0.077406 0.230979
0 0.546266 0.448115 0.053812 0.059646
60 0.586672 0.697594 0.179500 0.205604
60 0.456398 0.485479 0.020047 0.057750
60 0.463141 0.464823 0.022250 0.048313
60 0.475367 0.430490 0.016703 0.030854
