39 0.398625 0.089331 0.034406 0.146080
54 0.507781 0.598016 0.102438 0.109789
54 0.455469 0.652958 0.112187 0.101127
54 0.562359 0.684155 0.117000 0.111033
54 0.405945 0.574249 0.095172 0.102535
54 0.507844 0.442758 0.062562 0.062840
54 0.681328 0.542336 0.078281 0.077864
54 0.643547 0.577570 0.103094 0.105188
54 0.603281 0.475763 0.047656 0.044249
54 0.276844 0.593509 0.102219 0.092934
54 0.541937 0.472324 0.067437 0.065822
54 0.388281 0.510646 0.082156 0.058756
54 0.609477 0.632289 0.117266 0.117676
71 0.853461 0.449437 0.111922 0.108967
39 0.016242 0.341326 0.032484 0.114249
39 0.102008 0.284941 0.057953 0.244202
39 0.030836 0.335869 0.030641 0.106620
39 0.507430 0.090915 0.039766 0.161033
39 0.218711 0.120775 0.188453 0.158451
54 0.586961 0.510164 0.078016 0.059437
39 0.217570 0.366092 0.043422 0.108568
