0 0.730375 0.682037 0.190844 0.494052
0 0.340602 0.278337 0.028172 0.055129
37 0.842305 0.711136 0.154266 0.143817
0 0.721203 0.220855 0.011062 0.022225
0 0.643453 0.225410 0.010750 0.021311
0 0.597859 0.221300 0.007625 0.012951
0 0.874141 0.218888 0.017563 0.020070
0 0.796008 0.204133 0.010766 0.015105
37 0.714445 0.236265 0.007766 0.009532
33 0.387758 0.060562 0.030109 0.052600
33 0.434453 0.015105 0.012250 0.028712
33 0.499039 0.016674 0.014016 0.033208
33 0.688703 0.096089 0.015938 0.035035
