60 0.762555 0.668541 0.167141 0.330353
40 0.833578 0.596918 0.025156 0.066071
40 0.719570 0.518318 0.022234 0.072071
41 0.781969 0.624859 0.021094 0.038141
41 0.196547 0.392271 0.015844 0.013624
41 0.802297 0.513847 0.014250 0.029388
41 0.147289 0.382682 0.020797 0.033553
42 0.746961 0.633659 0.017891 0.025247
42 0.818000 0.636165 0.031875 0.031671
60 0.172086 0.436835 0.189328 0.194188
60 0.857008 0.293165 0.044391 0.058000
26 0.744891 0.916647 0.069187 0.166706
0 0.671969 0.672812 0.171719 0.473671
0 0.113414 0.694376 0.220859 0.588753
0 0.055945 0.523871 0.111891 0.303224
0 0.055430 0.364094 0.110859 0.204424
0 0.086797 0.291506 0.062375 0.124047
0 0.182687 0.297094 0.073656 0.127318
0 0.264117 0.343894 0.073391 0.190094
0 0.875969 0.657306 0.188031 0.415741
0 0.337508 0.289988 0.059172 0.153153
0 0.396305 0.246118 0.037734 0.092329
0 0.552141 0.526965 0.128344 0.343812
0 0.709094 0.267247 0.029563 0.098071
26 0.454195 0.397388 0.013922 0.139106
40 0.972156 0.340776 0.013187 0.032612
40 0.960227 0.330671 0.008891 0.023929
40 0.156570 0.350118 0.011578 0.037976
41 0.166828 0.361718 0.011531 0.018541
43 0.744711 0.620082 0.031984 0.024259
56 0.307148 0.475988 0.109422 0.231788
56 0.648492 0.794247 0.193078 0.407365
56 0.925953 0.804494 0.138781 0.301129
56 0.500945 0.664224 0.099828 0.357718
56 0.481063 0.413435 0.064844 0.169600
56 0.154102 0.784635 0.236734 0.367718
56 0.407703 0.302824 0.031344 0.122965
56 0.920969 0.403188 0.073906 0.173106
56 0.446203 0.256565 0.017563 0.074212
58 0.922422 0.232906 0.055344 0.071129
60 0.660930 0.380776 0.063172 0.115624
26 0.469289 0.663153 0.050516 0.175294
26 0.814867 0.906718 0.110328 0.186565
40 0.696492 0.553529 0.019953 0.056894
40 0.112070 0.356106 0.015953 0.031882
40 0.825273 0.516976 0.020141 0.054376
41 0.672039 0.348188 0.011422 0.018965
41 0.642680 0.373435 0.014703 0.019671
41 0.776109 0.591365 0.026562 0.067906
56 0.285094 0.385576 0.046437 0.127953
56 0.203789 0.502082 0.080297 0.229906
56 0.814844 0.311976 0.036062 0.070682
60 0.962320 0.349235 0.046797 0.026329
60 0.368766 0.271553 0.022031 0.028941
60 0.009969 0.661094 0.019938 0.083176
60 0.148234 0.251271 0.061531 0.074118
60 0.229820 0.320153 0.047484 0.072635
60 0.304750 0.249529 0.018531 0.039576
0 0.707898 0.414776 0.099328 0.190071
56 0.626070 0.312035 0.029328 0.059082
58 0.575859 0.204200 0.041500 0.076776
62 0.759789 0.144153 0.156953 0.210376
41 0.686750 0.534529 0.013875 0.041106
41 0.704820 0.562894 0.021234 0.027765
