0 0.213383 0.473538 0.066203 0.268635
0 0.249789 0.464248 0.033922 0.263649
0 0.981477 0.433203 0.037047 0.177326
0 0.030133 0.484596 0.059859 0.242284
0 0.316461 0.419429 0.033078 0.075070
0 0.585484 0.382688 0.024188 0.046267
0 0.943406 0.436156 0.029219 0.167632
0 0.616078 0.393231 0.021406 0.071421
0 0.522367 0.397465 0.022297 0.055320
0 0.504250 0.400627 0.024531 0.072396
0 0.957719 0.419457 0.026781 0.183148
3 0.353437 0.463928 0.107031 0.164457
3 0.870008 0.430641 0.042328 0.100613
3 0.830469 0.432786 0.058219 0.104513
3 0.790945 0.432479 0.037734 0.112145
3 0.750813 0.435251 0.055625 0.112396
3 0.410820 0.459429 0.064734 0.152451
3 0.622820 0.473802 0.029297 0.048997
3 0.582172 0.453454 0.050281 0.105292
3 0.537305 0.443900 0.042172 0.124791
3 0.077336 0.492883 0.154672 0.217354
3 0.437141 0.458788 0.054781 0.145766
3 0.282320 0.472981 0.040641 0.173928
3 0.461008 0.457702 0.050203 0.126045
