72 0.404430 0.384760 0.274109 0.578479
2 0.642977 0.292135 0.220797 0.404479
2 0.772539 0.156948 0.123797 0.140521
0 0.956508 0.156427 0.060953 0.184938
0 0.918484 0.194344 0.037344 0.116146
2 0.148234 0.494115 0.296469 0.988229
2 0.880437 0.080083 0.012125 0.035875
2 0.868039 0.068312 0.015172 0.017542
2 0.843172 0.076563 0.014469 0.018875
2 0.831047 0.077312 0.027031 0.019500
2 0.820812 0.083156 0.015781 0.019604
2 0.784344 0.081687 0.025000 0.019167
2 0.589281 0.087021 0.068187 0.038958
2 0.850406 0.072219 0.015188 0.021062
2 0.862008 0.070844 0.011141 0.016354
