40 0.693539 0.058427 0.173609 0.116854
42 0.185602 0.509896 0.099516 0.668875
44 0.815664 0.482042 0.114984 0.690958
50 0.397062 0.460000 0.169406 0.190583
50 0.441172 0.270583 0.169406 0.225875
50 0.517938 0.404635 0.104125 0.223521
50 0.647805 0.443271 0.104141 0.134125
51 0.557922 0.594719 0.162156 0.147479
50 0.562148 0.536885 0.096922 0.065854
51 0.651625 0.631167 0.075969 0.124667
51 0.419320 0.623615 0.183859 0.193396
51 0.341445 0.505552 0.088609 0.115021
51 0.574773 0.257854 0.160266 0.143583
50 0.598867 0.428292 0.075891 0.072792
60 0.500312 0.494281 0.999375 0.988563
