0 0.659177 0.777531 0.227729 0.426969
33 0.141177 0.299406 0.263521 0.447063
33 0.491385 0.309383 0.309979 0.313391
33 0.807312 0.268437 0.031875 0.012937
33 0.567365 0.109109 0.018812 0.007594
33 0.907604 0.272945 0.012833 0.004984
0 0.811979 0.640453 0.197750 0.422469
0 0.681021 0.579180 0.166625 0.239266
0 0.290813 0.572211 0.134542 0.213203
0 0.093490 0.586461 0.090354 0.182391
0 0.911760 0.555867 0.103021 0.241984
0 0.287635 0.875281 0.209729 0.249437
0 0.418115 0.730867 0.395062 0.503703
0 0.979635 0.563039 0.040729 0.157328
0 0.470896 0.469086 0.039125 0.030766
0 0.175167 0.566773 0.037000 0.101453
0 0.550125 0.564852 0.083833 0.142453
33 0.738802 0.390945 0.095229 0.144328
33 0.820177 0.399867 0.065687 0.110984
0 0.426656 0.507336 0.154896 0.090109
