39 0.632812 0.519391 0.039042 0.132312
41 0.570417 0.557883 0.044167 0.037266
43 0.723448 0.544758 0.035979 0.036422
43 0.717958 0.577555 0.050458 0.038484
45 0.623677 0.187117 0.161771 0.044516
70 0.270792 0.485453 0.125042 0.098875
71 0.408240 0.561594 0.174854 0.032781
76 0.700615 0.602102 0.077229 0.043172
43 0.701875 0.538406 0.052292 0.038719
45 0.396469 0.216461 0.069271 0.036109
71 0.332917 0.540883 0.146750 0.029578
39 0.490125 0.523508 0.023250 0.050578
41 0.509625 0.561773 0.058333 0.039516
72 0.414104 0.790203 0.177875 0.370594
