14 0.557031 0.739681 0.027406 0.097917
2 0.223188 0.513625 0.446375 0.950528
2 0.341930 0.435958 0.302109 0.773028
2 0.514469 0.350569 0.048031 0.152806
2 0.529813 0.351792 0.039875 0.136417
0 0.835055 0.271625 0.074828 0.317306
0 0.783867 0.277750 0.051891 0.285222
0 0.978633 0.210736 0.037516 0.288750
0 0.909141 0.249458 0.068156 0.362472
0 0.949062 0.246403 0.033094 0.201139
9 0.455609 0.109944 0.011500 0.046389
9 0.445758 0.109347 0.008203 0.037917
13 0.831719 0.733097 0.323062 0.531528
26 0.857812 0.226986 0.043938 0.137472
26 0.961305 0.570222 0.069516 0.146056
0 0.958250 0.146458 0.016688 0.067361
0 0.760211 0.278667 0.032203 0.208278
2 0.495422 0.543000 0.027219 0.266111
2 0.494586 0.428083 0.068922 0.238444
2 0.123750 0.747056 0.247500 0.501167
2 0.542242 0.332083 0.028422 0.110278
9 0.730312 0.180153 0.007469 0.027750
0 0.730359 0.265444 0.027250 0.106222
9 0.479492 0.198903 0.008297 0.011139
0 0.862961 0.601125 0.270172 0.385806
