13 0.754211 0.839323 0.490453 0.285396
13 0.236758 0.783708 0.473516 0.405833
0 0.354773 0.706740 0.203922 0.586521
0 0.582305 0.677156 0.183703 0.514604
0 0.723031 0.607865 0.117969 0.330354
0 0.819117 0.605542 0.135297 0.276458
0 0.895523 0.580708 0.119984 0.269958
0 0.198430 0.654708 0.181609 0.659208
0 0.950570 0.645656 0.098859 0.326521
0 0.046766 0.540135 0.079937 0.289354
26 0.723875 0.669104 0.096062 0.222458
26 0.506961 0.697906 0.060609 0.105687
58 0.372883 0.383250 0.055484 0.103500
58 0.833461 0.400125 0.121141 0.142458
58 0.933867 0.424219 0.132047 0.265979
58 0.333469 0.361646 0.046094 0.112417
75 0.614906 0.339844 0.034063 0.061854
0 0.568414 0.423458 0.170203 0.166292
56 0.017375 0.675594 0.034750 0.182271
0 0.765414 0.482948 0.041953 0.071604
0 0.459648 0.567542 0.096172 0.222083
58 0.444391 0.426646 0.017813 0.030833
58 0.617266 0.287115 0.097750 0.165688
58 0.753914 0.445552 0.069172 0.103479
