17 0.513117 0.807530 0.682266 0.367730
17 0.762242 0.747305 0.475516 0.479574
17 0.146695 0.757801 0.278578 0.484397
0 0.401016 0.507482 0.326750 0.925839
0 0.594414 0.475993 0.075016 0.150142
0 0.495539 0.398121 0.093984 0.315863
0 0.125781 0.620496 0.248594 0.693712
0 0.841195 0.539102 0.075859 0.115319
17 0.705594 0.550674 0.133969 0.121631
27 0.378594 0.386359 0.073500 0.216454
17 0.541508 0.604775 0.024734 0.072955
27 0.954508 0.380177 0.019953 0.060355
0 0.905648 0.594634 0.188703 0.810733
