67 0.392289 0.520469 0.230391 0.164563
0 0.109523 0.417313 0.109328 0.278292
0 0.665734 0.404490 0.151688 0.341562
0 0.538680 0.797083 0.283641 0.405833
0 0.901984 0.631948 0.193750 0.736104
0 0.902039 0.308313 0.043547 0.112292
0 0.414820 0.320990 0.188891 0.241979
0 0.764672 0.276604 0.065625 0.072625
0 0.424258 0.660729 0.846453 0.678542
0 0.523633 0.309500 0.047172 0.101083
0 0.305133 0.320854 0.090703 0.148667
0 0.204672 0.298760 0.052781 0.104979
0 0.834695 0.333115 0.106266 0.205271
0 0.627555 0.213198 0.035797 0.046271
