1 0.443464 0.938587 0.083497 0.047042
1 0.390384 0.909028 0.044265 0.079395
0 0.774894 0.910654 0.091422 0.178595
0 0.866936 0.914861 0.081977 0.169003
0 0.114600 0.868105 0.041095 0.105261
0 0.701234 0.882810 0.049690 0.151013
0 0.322165 0.848105 0.034853 0.085915
0 0.401642 0.853954 0.041389 0.092222
33 0.627843 0.565417 0.025392 0.048186
33 0.093897 0.689338 0.032435 0.019330
33 0.030572 0.613456 0.032124 0.025441
33 0.189959 0.744935 0.026748 0.031765
33 0.448578 0.752770 0.019510 0.016650
33 0.124902 0.668987 0.020065 0.015458
33 0.559060 0.644926 0.015572 0.011683
33 0.937435 0.724101 0.018497 0.046732
33 0.472181 0.685425 0.020180 0.008072
0 0.079387 0.947026 0.033676 0.105948
0 0.354175 0.866920 0.034951 0.113088
0 0.504804 0.841373 0.023170 0.054118
33 0.362190 0.682206 0.005588 0.004281
33 0.142541 0.722475 0.009493 0.011422
0 0.640106 0.838742 0.016356 0.061667
1 0.547859 0.900025 0.110621 0.132598
1 0.942500 0.970163 0.071830 0.044673
33 0.933742 0.537051 0.011895 0.013840
1 0.513284 0.919608 0.097026 0.076209
33 0.896266 0.474673 0.034755 0.044804
0 0.286920 0.894216 0.055278 0.159542
0 0.035368 0.956626 0.033284 0.086748
