0 0.225146 0.818719 0.268833 0.271312
0 0.441750 0.666742 0.021250 0.042984
31 0.694490 0.712742 0.547771 0.060641
0 0.826635 0.697750 0.018729 0.038625
0 0.017729 0.579852 0.035458 0.167891
0 0.158146 0.620094 0.026458 0.038187
0 0.690031 0.498602 0.013479 0.014359
0 0.456813 0.656758 0.016667 0.039203
31 0.561771 0.515773 0.025833 0.005328
31 0.691115 0.503703 0.005354 0.005312
31 0.286406 0.674805 0.014563 0.007547
0 0.527552 0.438875 0.008604 0.010656
30 0.446521 0.686383 0.051458 0.006578
0 0.152688 0.597516 0.012542 0.023250
