39 0.665492 0.175469 0.075047 0.248187
39 0.719062 0.146740 0.052938 0.214938
39 0.398102 0.305260 0.049078 0.149938
39 0.452937 0.297542 0.061469 0.177458
39 0.605461 0.180281 0.038297 0.111271
39 0.769906 0.092677 0.031219 0.065396
43 0.258047 0.293771 0.045344 0.082542
51 0.201172 0.516469 0.289406 0.261188
51 0.242773 0.638604 0.151453 0.271458
51 0.318867 0.626333 0.072953 0.263292
51 0.536805 0.536302 0.063203 0.089312
51 0.511492 0.683927 0.039328 0.186313
43 0.193359 0.202750 0.035656 0.072667
43 0.208492 0.304167 0.066953 0.080792
43 0.194555 0.246771 0.037703 0.033417
51 0.577758 0.637375 0.090703 0.144125
43 0.260211 0.218760 0.045141 0.124646
51 0.473812 0.603938 0.068625 0.205042
51 0.506437 0.614479 0.038937 0.152542
51 0.365070 0.554500 0.043203 0.156958
51 0.189617 0.662302 0.051359 0.125104
51 0.345719 0.683854 0.131781 0.180625
