4 0.236523 0.396628 0.473047 0.577523
4 0.593508 0.505665 0.787391 0.444541
0 0.944281 0.681307 0.016688 0.062431
0 0.721586 0.683177 0.012391 0.065298
0 0.656813 0.677729 0.016313 0.062294
0 0.447109 0.683222 0.011437 0.047317
0 0.152445 0.706089 0.013422 0.040803
7 0.696086 0.689060 0.052922 0.053716
28 0.788344 0.685700 0.007844 0.016583
28 0.794016 0.684920 0.004969 0.019106
28 0.758055 0.682936 0.004922 0.022569
28 0.772227 0.682695 0.007172 0.021812
28 0.747086 0.685745 0.007578 0.016124
28 0.784977 0.682305 0.010422 0.022087
28 0.776594 0.683888 0.006250 0.019518
0 0.666984 0.683922 0.021750 0.066422
0 0.056742 0.693314 0.007516 0.048739
4 0.967898 0.586571 0.062391 0.085940
7 0.535766 0.684576 0.067125 0.072683
7 0.909945 0.661135 0.063922 0.051858
7 0.072938 0.688257 0.070312 0.056927
28 0.867641 0.686388 0.008375 0.015757
