13 0.691118 0.714500 0.160541 0.090000
33 0.412718 0.192820 0.332353 0.107766
0 0.454588 0.587484 0.275012 0.278094
0 0.237506 0.445352 0.166541 0.162984
0 0.045965 0.199891 0.089765 0.187250
0 0.067988 0.314555 0.135976 0.182141
0 0.342553 0.481984 0.176353 0.166656
0 0.654600 0.657273 0.211035 0.098578
0 0.840094 0.730336 0.319812 0.310109
0 0.958624 0.907266 0.082753 0.121750
2 0.783282 0.705789 0.111506 0.107672
0 0.759471 0.645992 0.027600 0.049797
0 0.419741 0.518250 0.167435 0.164563
2 0.955824 0.810172 0.088353 0.136906
2 0.796553 0.642125 0.120776 0.075563
0 0.132294 0.387844 0.264588 0.237719
