77 0.604609 0.721969 0.102531 0.160854
77 0.446102 0.737854 0.052984 0.168458
77 0.867547 0.466104 0.072594 0.070125
77 0.895211 0.865719 0.070641 0.125688
77 0.822727 0.653917 0.065359 0.104958
77 0.857547 0.715125 0.072000 0.072000
77 0.656016 0.940187 0.073844 0.119625
77 0.224805 0.482250 0.065734 0.105167
77 0.336500 0.471083 0.045406 0.073333
77 0.841555 0.266437 0.063641 0.115667
77 0.913867 0.471917 0.056359 0.083208
77 0.934187 0.252260 0.041875 0.083771
77 0.676281 0.874771 0.094031 0.217750
