77 0.680729 0.561984 0.188500 0.118000
77 0.586615 0.536234 0.143063 0.194969
77 0.495292 0.530078 0.187917 0.165187
77 0.388177 0.547211 0.177354 0.174328
77 0.424948 0.734469 0.373354 0.176219
77 0.708979 0.510773 0.155708 0.188047
77 0.521385 0.282234 0.178562 0.213781
77 0.640073 0.288367 0.169229 0.210141
77 0.753635 0.273469 0.173354 0.239687
77 0.933677 0.282680 0.132396 0.228203
77 0.419396 0.291609 0.190208 0.229125
77 0.680688 0.706641 0.247542 0.120000
77 0.167740 0.830055 0.206771 0.092859
