16 0.687875 0.654542 0.593938 0.666667
62 0.190867 0.246865 0.354828 0.383396
0 0.214695 0.269917 0.067266 0.157750
45 0.787391 0.316188 0.092781 0.080958
45 0.531766 0.404750 0.029531 0.068417
59 0.176125 0.783896 0.352250 0.409000
60 0.413766 0.522479 0.443250 0.370792
73 0.415055 0.057073 0.030734 0.098354
73 0.506570 0.188312 0.051547 0.117167
73 0.434320 0.226292 0.036422 0.109292
73 0.439125 0.206052 0.067219 0.122604
73 0.446094 0.225365 0.036844 0.099979
73 0.492625 0.194667 0.049938 0.115458
73 0.463508 0.190969 0.074672 0.133063
73 0.422586 0.219927 0.053484 0.126521
73 0.446359 0.197219 0.076812 0.139479
73 0.425977 0.053354 0.033453 0.104292
0 0.145492 0.284729 0.086078 0.149542
