14 0.875813 0.212720 0.176107 0.114920
14 0.730227 0.209670 0.147333 0.106540
14 0.645533 0.298360 0.219440 0.142720
14 0.582787 0.200290 0.124293 0.085980
14 0.875880 0.754710 0.246800 0.124100
14 0.239427 0.606450 0.174907 0.086020
14 0.647533 0.212250 0.116347 0.082940
14 0.471973 0.404070 0.159733 0.109300
14 0.303800 0.374620 0.083973 0.087440
14 0.089400 0.507590 0.108507 0.074940
0 0.530960 0.129810 0.057600 0.109700
0 0.742840 0.127450 0.057680 0.102020
0 0.133987 0.112410 0.028987 0.064300
13 0.543467 0.476690 0.898880 0.502940
13 0.041280 0.300350 0.082560 0.223300
7 0.335307 0.116050 0.202827 0.122420
14 0.432960 0.637640 0.170773 0.092120
14 0.775320 0.704290 0.154160 0.106660
