38 0.541703 0.468750 0.042438 0.045625
0 0.511336 0.445333 0.088891 0.211083
0 0.324445 0.279052 0.067203 0.126229
0 0.662953 0.265073 0.036312 0.067771
0 0.458742 0.187052 0.024234 0.050271
0 0.178656 0.245521 0.027406 0.054250
0 0.429445 0.915750 0.152047 0.168500
0 0.491461 0.230917 0.036766 0.063042
0 0.766531 0.946240 0.113813 0.104021
0 0.622180 0.970219 0.102328 0.059562
56 0.244438 0.273823 0.024219 0.017396
0 0.625289 0.205813 0.027922 0.056625
0 0.572609 0.206417 0.019375 0.038750
0 0.908047 0.955219 0.067406 0.088563
0 0.495297 0.151281 0.031563 0.057271
56 0.651617 0.027219 0.021703 0.014104
56 0.654086 0.047104 0.021109 0.028500
56 0.641398 0.071677 0.025234 0.032771
56 0.374734 0.138792 0.023688 0.013750
56 0.377695 0.156969 0.025047 0.017771
56 0.354250 0.146760 0.021125 0.027687
56 0.394586 0.173594 0.016234 0.021646
56 0.215109 0.135521 0.027219 0.053333
