36 0.364258 0.857623 0.100234 0.253372
26 0.436625 0.662892 0.028969 0.028361
26 0.032203 0.632939 0.029781 0.072576
26 0.295063 0.657494 0.013750 0.037986
26 0.807500 0.710550 0.049312 0.092529
0 0.338836 0.571909 0.566734 0.824707
0 0.313898 0.622096 0.046234 0.103958
0 0.747578 0.622740 0.091656 0.263513
0 0.843430 0.633396 0.075703 0.200515
0 0.891250 0.626956 0.035656 0.093817
0 0.628211 0.613489 0.167922 0.292131
0 0.930312 0.647190 0.085469 0.179766
0 0.034070 0.617939 0.042047 0.108197
13 0.912406 0.763630 0.171563 0.057143
13 0.739797 0.779274 0.520406 0.097237
26 0.905273 0.721358 0.054734 0.041780
