17 0.399062 0.522951 0.108031 0.169696
17 0.181508 0.540867 0.061703 0.148384
17 0.326148 0.513185 0.081047 0.178173
17 0.241859 0.533525 0.077187 0.150843
17 0.524852 0.524578 0.069328 0.126815
0 0.238312 0.465749 0.044969 0.138290
0 0.336938 0.464754 0.052219 0.131944
0 0.567406 0.455468 0.022750 0.068876
0 0.531406 0.473735 0.026438 0.102881
0 0.454156 0.469344 0.026188 0.116019
0 0.590391 0.473560 0.030531 0.118173
17 0.585898 0.529637 0.027547 0.125176
0 0.199914 0.443419 0.034641 0.101077
17 0.566531 0.524977 0.024469 0.111358
17 0.456070 0.525714 0.077922 0.133068
0 0.400422 0.462658 0.034125 0.135995
