58 0.810562 0.350010 0.039688 0.074854
58 0.842719 0.304521 0.069594 0.169833
39 0.878375 0.375188 0.007187 0.033417
39 0.869859 0.374833 0.009469 0.032250
56 0.162094 0.803229 0.182250 0.389250
56 0.093547 0.671115 0.083875 0.129021
60 0.727375 0.794583 0.309625 0.233167
0 0.453766 0.566594 0.126250 0.452354
0 0.549398 0.506094 0.109266 0.309729
0 0.691836 0.388719 0.066016 0.070438
0 0.937492 0.611896 0.125016 0.563583
0 0.606203 0.447135 0.050687 0.228104
0 0.666641 0.380979 0.040156 0.079208
0 0.920711 0.451875 0.097766 0.252750
72 0.889625 0.354646 0.066938 0.177667
24 0.958883 0.541885 0.082234 0.222229
26 0.960539 0.542323 0.078922 0.213604
0 0.904805 0.424781 0.042078 0.122021
39 0.899656 0.373719 0.010344 0.032479
39 0.889133 0.373844 0.007547 0.032563
39 0.883000 0.374260 0.004875 0.032604
39 0.890156 0.335458 0.011344 0.031958
39 0.902875 0.334229 0.005906 0.033708
39 0.868047 0.334615 0.009875 0.031104
69 0.389992 0.620896 0.111078 0.159417
60 0.084852 0.842760 0.169703 0.274771
