0 0.275219 0.413920 0.098719 0.235962
0 0.540609 0.428615 0.136156 0.483944
0 0.824539 0.265763 0.089953 0.353592
0 0.373961 0.298944 0.066609 0.158075
46 0.334445 0.748263 0.136547 0.347606
46 0.145953 0.597876 0.037906 0.061854
46 0.104180 0.703826 0.109109 0.252911
46 0.358187 0.457465 0.066344 0.127606
46 0.440453 0.570012 0.024438 0.016643
46 0.789562 0.559143 0.015250 0.053451
46 0.592664 0.645786 0.121422 0.131526
46 0.829195 0.680012 0.027953 0.019225
46 0.932469 0.548556 0.067312 0.134108
46 0.667000 0.709472 0.083750 0.107394
46 0.812680 0.388509 0.106078 0.102934
0 0.437438 0.362570 0.079000 0.224953
0 0.601977 0.231561 0.037797 0.105188
0 0.886484 0.247430 0.041844 0.222981
0 0.352133 0.314812 0.056203 0.176854
0 0.296172 0.308169 0.043531 0.125587
0 0.547680 0.207207 0.043953 0.043380
0 0.256625 0.292981 0.046656 0.112723
46 0.816906 0.614284 0.112375 0.148052
0 0.461852 0.296690 0.057703 0.158920
46 0.635414 0.799085 0.215891 0.236573
0 0.611977 0.297113 0.039141 0.070094
