16 0.876062 0.904123 0.159531 0.171374
58 0.289539 0.196943 0.177578 0.384076
56 0.091117 0.755972 0.181516 0.488057
56 0.858320 0.797417 0.136422 0.295261
56 0.743437 0.522227 0.048875 0.158531
60 0.481727 0.719609 0.612828 0.541161
0 0.407031 0.328069 0.152469 0.286137
0 0.163570 0.579242 0.303422 0.633128
0 0.628320 0.451931 0.226172 0.428791
0 0.830172 0.658815 0.306031 0.682370
74 0.585945 0.176291 0.030797 0.047322
41 0.546500 0.601114 0.035031 0.113223
41 0.337398 0.664005 0.042734 0.134123
41 0.514898 0.523578 0.032297 0.096398
41 0.349508 0.621836 0.038172 0.115806
42 0.326367 0.900403 0.025234 0.115687
42 0.638633 0.732690 0.084578 0.020782
43 0.468609 0.496742 0.010937 0.020213
45 0.324141 0.495652 0.043750 0.033389
55 0.414219 0.484467 0.089156 0.080687
39 0.715125 0.350616 0.019813 0.071280
58 0.477500 0.154716 0.176219 0.299479
40 0.487922 0.439739 0.025812 0.097867
42 0.279547 0.495225 0.037781 0.013673
43 0.270961 0.588685 0.043328 0.014621
56 0.403078 0.379408 0.159531 0.027773
39 0.748250 0.326611 0.020594 0.034265
39 0.760688 0.335450 0.018688 0.025213
39 0.765797 0.328898 0.015406 0.038223
39 0.782094 0.334680 0.015469 0.025427
39 0.734563 0.323460 0.011344 0.014929
42 0.282562 0.586209 0.065531 0.018009
42 0.583180 0.574230 0.037422 0.009313
