44 0.445466 0.743333 0.260768 0.196078
45 0.319510 0.810539 0.401340 0.343039
45 0.903382 0.437475 0.193235 0.190376
45 0.666103 0.480400 0.274363 0.195866
45 0.132475 0.637696 0.264951 0.277516
45 0.435016 0.599273 0.309379 0.206912
45 0.737917 0.205637 0.209232 0.084444
51 0.830588 0.652941 0.131765 0.143529
51 0.935539 0.625123 0.059837 0.102337
51 0.971054 0.650033 0.057892 0.133268
51 0.850801 0.705458 0.040915 0.033562
45 0.823815 0.720498 0.350408 0.372141
51 0.860212 0.581846 0.043366 0.034281
51 0.931152 0.725523 0.034003 0.019739
51 0.808538 0.581920 0.040441 0.040670
51 0.777663 0.625008 0.055980 0.045343
56 0.482516 0.150294 0.225980 0.154020
56 0.929175 0.123219 0.141650 0.246438
58 0.281176 0.213227 0.174542 0.115049
75 0.300694 0.273660 0.098905 0.113105
45 0.742092 0.238913 0.212418 0.049395
45 0.529036 0.299510 0.271111 0.145621
51 0.897418 0.634101 0.044739 0.032614
56 0.550719 0.120376 0.154118 0.192418
60 0.500000 0.582328 1.000000 0.835343
51 0.781511 0.565613 0.037435 0.037435
41 0.301806 0.416993 0.201944 0.248137
