19 0.550516 0.645437 0.308219 0.503333
8 0.423031 0.068542 0.182031 0.060667
8 0.120023 0.048948 0.105828 0.050438
8 0.209430 0.043052 0.109891 0.061521
24 0.876023 0.096354 0.018516 0.034500
0 0.136914 0.124760 0.067672 0.191062
0 0.196711 0.159990 0.068047 0.305812
0 0.060281 0.160250 0.066625 0.304792
0 0.023070 0.151823 0.046141 0.297521
0 0.309422 0.104396 0.035344 0.160625
0 0.839766 0.121021 0.038594 0.138708
0 0.270070 0.055135 0.031328 0.079021
0 0.870273 0.117813 0.031109 0.126417
0 0.430781 0.039198 0.016906 0.041854
0 0.128383 0.023646 0.020266 0.031542
0 0.290305 0.058417 0.016484 0.070667
0 0.106062 0.019885 0.010406 0.023938
