2 0.710150 0.294040 0.153380 0.061840
3 0.912790 0.480387 0.073140 0.204720
3 0.804490 0.398867 0.090180 0.120240
0 0.910310 0.396200 0.106020 0.227493
0 0.806240 0.353987 0.071320 0.168613
0 0.120000 0.319933 0.025160 0.074213
0 0.334150 0.324840 0.032420 0.088507
0 0.649680 0.256707 0.016760 0.043120
0 0.515040 0.260067 0.027480 0.034480
2 0.164330 0.276400 0.082580 0.053920
3 0.264590 0.445720 0.117660 0.180133
3 0.191750 0.440600 0.052460 0.055440
7 0.076390 0.307840 0.138060 0.089600
7 0.504480 0.284293 0.095960 0.069387
