59 0.457853 0.467040 0.915706 0.594160
56 0.734084 0.091590 0.285105 0.183180
41 0.730435 0.700950 0.124595 0.092060
45 0.477913 0.763460 0.143453 0.084480
45 0.614610 0.708840 0.146456 0.081960
41 0.741847 0.848680 0.133544 0.134920
41 0.722372 0.731940 0.085465 0.072440
43 0.567492 0.686790 0.133724 0.047740
56 0.962688 0.069130 0.074625 0.108740
24 0.330195 0.245560 0.198348 0.129240
45 0.509835 0.827230 0.113243 0.067460
45 0.689910 0.625700 0.124925 0.086320
60 0.506697 0.156720 0.194715 0.138960
41 0.775556 0.768020 0.107868 0.085120
56 0.365856 0.192980 0.243664 0.125880
