19 0.546320 0.632622 0.052297 0.242378
19 0.644344 0.659604 0.042812 0.163659
19 0.433859 0.622759 0.052844 0.201921
19 0.255922 0.664009 0.032937 0.178201
19 0.599367 0.642073 0.058578 0.250976
19 0.464430 0.671707 0.048047 0.235732
19 0.458320 0.533613 0.026734 0.051555
0 0.197875 0.676128 0.087531 0.292134
0 0.680641 0.673034 0.048375 0.267409
0 0.130422 0.637256 0.037781 0.228598
19 0.349398 0.561707 0.050609 0.078780
19 0.490500 0.633872 0.049156 0.252012
19 0.298164 0.605457 0.060609 0.139573
19 0.309508 0.733933 0.079391 0.189939
19 0.363453 0.687073 0.055875 0.202805
2 0.463375 0.939421 0.897531 0.069939
19 0.395359 0.634558 0.052625 0.230396
