1 0.396710 0.728387 0.443180 0.491813
2 0.429690 0.257000 0.080620 0.068293
2 0.519080 0.244707 0.116120 0.063813
2 0.810130 0.245480 0.085100 0.085307
0 0.676690 0.356173 0.092700 0.343813
0 0.819100 0.535960 0.151680 0.671920
0 0.758410 0.366520 0.110500 0.356080
0 0.607530 0.403480 0.144300 0.424133
0 0.289890 0.449427 0.151700 0.525840
0 0.238830 0.408467 0.114300 0.293040
0 0.102040 0.547627 0.204080 0.845813
0 0.521380 0.366853 0.073640 0.295787
0 0.371390 0.251507 0.071020 0.102480
0 0.256560 0.239427 0.056560 0.065360
0 0.883430 0.548320 0.233140 0.903360
0 0.171550 0.250080 0.028620 0.103573
13 0.468650 0.396440 0.051340 0.066267
26 0.551520 0.407533 0.063560 0.085200
41 0.776480 0.384307 0.039600 0.038213
41 0.757210 0.301880 0.014140 0.028560
7 0.793480 0.253693 0.128640 0.104987
24 0.683840 0.871373 0.124680 0.112453
24 0.583420 0.620880 0.150000 0.222027
0 0.640000 0.242560 0.022360 0.103680
41 0.055550 0.507093 0.037580 0.051467
