56 0.469938 0.610164 0.091406 0.257512
56 0.596031 0.616268 0.100312 0.275211
56 0.839578 0.774836 0.319156 0.427653
56 0.327813 0.586056 0.115688 0.203850
60 0.463734 0.557512 0.194969 0.034836
0 0.690367 0.461221 0.039672 0.088310
0 0.691930 0.513674 0.085734 0.140728
72 0.213430 0.446291 0.137109 0.343803
73 0.586211 0.761561 0.078641 0.063873
56 0.703273 0.576045 0.102703 0.223826
56 0.353758 0.824718 0.294672 0.323615
68 0.715062 0.376714 0.049375 0.041221
71 0.310242 0.414225 0.037672 0.005681
0 0.589609 0.419178 0.105187 0.140469
60 0.480711 0.525023 0.385672 0.082019
69 0.470461 0.409343 0.072953 0.024601
