3 0.605867 0.687635 0.746141 0.624729
3 0.848453 0.641918 0.301031 0.478753
3 0.877461 0.534271 0.238766 0.429200
3 0.914664 0.520412 0.170672 0.383412
3 0.962508 0.390965 0.074984 0.184047
67 0.102430 0.848400 0.099766 0.202400
0 0.282039 0.528082 0.558109 0.921341
0 0.422859 0.374659 0.297781 0.531388
0 0.516328 0.335953 0.202937 0.429224
0 0.616742 0.320694 0.213953 0.399224
0 0.720750 0.285106 0.157562 0.312612
0 0.829172 0.287082 0.037469 0.171153
0 0.881602 0.296106 0.058422 0.182612
0 0.976523 0.266718 0.045641 0.135929
0 0.932469 0.323188 0.048844 0.233059
0 0.035031 0.314553 0.070062 0.203459
67 0.014602 0.783976 0.029203 0.142212
58 0.088266 0.172976 0.099062 0.088776
