39 0.590469 0.381725 0.067281 0.307535
79 0.244211 0.578815 0.035859 0.231620
56 0.262945 0.402359 0.525891 0.652371
0 0.255781 0.514601 0.502594 0.952817
0 0.555438 0.684683 0.697094 0.603592
73 0.618727 0.334718 0.036797 0.178592
73 0.815266 0.329202 0.027563 0.173944
73 0.690961 0.324343 0.052547 0.161127
73 0.762180 0.327289 0.059359 0.156455
60 0.886242 0.781585 0.128109 0.436831
73 0.774000 0.331185 0.052281 0.155704
73 0.865773 0.324730 0.022797 0.180962
73 0.866797 0.508192 0.044688 0.091643
73 0.746945 0.332653 0.057109 0.148310
73 0.841461 0.323650 0.032984 0.187911
