39 0.336219 0.548021 0.018969 0.091875
39 0.346531 0.549573 0.015563 0.082646
39 0.635852 0.508531 0.039234 0.081187
39 0.494984 0.543406 0.016594 0.082354
56 0.044664 0.876406 0.085953 0.242688
40 0.267695 0.562729 0.018797 0.039292
39 0.421133 0.549219 0.028297 0.091354
39 0.446398 0.524646 0.016953 0.035708
39 0.392359 0.534615 0.015563 0.055104
39 0.518086 0.531854 0.035453 0.136417
39 0.303281 0.551937 0.013375 0.081583
39 0.926375 0.449115 0.012531 0.029354
72 0.851805 0.431521 0.181734 0.149958
43 0.370469 0.529844 0.017500 0.019854
69 0.505883 0.448969 0.072859 0.087229
