59 0.590461 0.627594 0.193641 0.267396
26 0.319008 0.496625 0.060703 0.173708
0 0.290258 0.556312 0.110078 0.443292
0 0.033711 0.795510 0.067422 0.408979
0 0.600078 0.480958 0.130750 0.177250
0 0.772805 0.566448 0.173984 0.608104
0 0.809281 0.354073 0.046312 0.116396
0 0.455898 0.519104 0.075828 0.377542
0 0.969383 0.584271 0.061234 0.611250
0 0.056680 0.560667 0.113359 0.642292
0 0.092648 0.429729 0.051859 0.146375
0 0.958219 0.353615 0.083562 0.215562
73 0.938008 0.567521 0.030016 0.023417
73 0.882563 0.570990 0.029156 0.031021
73 0.349023 0.404344 0.036734 0.046604
73 0.976414 0.549198 0.008922 0.056604
73 0.940641 0.582469 0.083344 0.013437
0 0.073719 0.411010 0.026406 0.086479
26 0.056523 0.474208 0.113047 0.292292
73 0.968484 0.553729 0.009719 0.047125
