2 0.837273 0.354529 0.236141 0.148691
2 0.947508 0.349280 0.104297 0.142016
2 0.031680 0.287723 0.063359 0.065288
0 0.681187 0.417474 0.254281 0.647984
0 0.575992 0.413599 0.050297 0.199293
0 0.205445 0.551636 0.260328 0.409869
0 0.060492 0.497749 0.120984 0.520262
34 0.877516 0.184686 0.164437 0.091257
35 0.333961 0.383586 0.058422 0.089948
2 0.762289 0.304961 0.074766 0.048613
34 0.536719 0.487408 0.026906 0.112723
34 0.573664 0.524084 0.018953 0.080576
34 0.557133 0.488835 0.050016 0.136152
34 0.563930 0.502579 0.042453 0.125681
34 0.577203 0.497408 0.042594 0.137801
24 0.926063 0.474385 0.048250 0.072644
0 0.525805 0.418560 0.100734 0.247592
0 0.457930 0.423403 0.093984 0.259372
