62 0.952539 0.506792 0.093766 0.156375
57 0.279836 0.833333 0.556453 0.311833
57 0.571594 0.716146 0.276781 0.331083
0 0.612336 0.551802 0.173984 0.713979
0 0.296805 0.507854 0.196734 0.513458
65 0.678711 0.371865 0.020016 0.029937
73 0.801023 0.774948 0.106266 0.062146
73 0.774453 0.826750 0.091312 0.046375
73 0.818406 0.742073 0.049469 0.035438
73 0.763516 0.739240 0.054406 0.030437
73 0.775352 0.856885 0.090891 0.036146
73 0.927719 0.616771 0.005562 0.061042
73 0.939813 0.619000 0.011750 0.061042
65 0.382625 0.390156 0.009969 0.025271
