42 0.797664 0.349114 0.404672 0.442779
51 0.540898 0.249912 0.099516 0.225339
51 0.776648 0.159551 0.089859 0.170788
51 0.912055 0.233129 0.174859 0.104595
51 0.644258 0.259551 0.094672 0.141554
51 0.877734 0.152812 0.134781 0.143829
51 0.570477 0.116805 0.162672 0.103895
51 0.594000 0.265088 0.152094 0.180460
51 0.471758 0.165175 0.131578 0.132582
51 0.909180 0.324726 0.181641 0.200000
51 0.598891 0.051652 0.083125 0.101597
51 0.767016 0.053928 0.134781 0.107856
51 0.946367 0.112046 0.107266 0.150744
51 0.724250 0.099278 0.061000 0.082538
