60 0.500000 0.500000 1.000000 1.000000
44 0.228859 0.780281 0.189531 0.302482
44 0.658602 0.807049 0.098641 0.176815
51 0.390258 0.659625 0.038328 0.085386
51 0.440398 0.666452 0.020391 0.024660
51 0.332875 0.618478 0.030781 0.113630
45 0.947047 0.286569 0.094031 0.505597
51 0.309016 0.625609 0.019187 0.027096
50 0.408094 0.795023 0.098969 0.144286
50 0.406656 0.240726 0.118656 0.126417
50 0.277273 0.809087 0.090109 0.127260
50 0.431508 0.358443 0.128234 0.145457
50 0.340398 0.794988 0.105453 0.148665
50 0.426008 0.724953 0.111047 0.169110
50 0.468445 0.690468 0.075453 0.148806
50 0.281297 0.479660 0.068031 0.119180
50 0.355250 0.636358 0.038125 0.098712
51 0.468430 0.273197 0.010953 0.030328
51 0.461680 0.229871 0.012172 0.025738
