0 0.841313 0.192812 0.035500 0.102875
0 0.851109 0.174271 0.020438 0.111375
0 0.649922 0.153958 0.024938 0.032667
62 0.442016 0.330813 0.168938 0.205625
62 0.655594 0.290740 0.071750 0.165813
0 0.983031 0.149688 0.008906 0.022417
0 0.690328 0.147323 0.020156 0.032438
0 0.972727 0.245458 0.031266 0.219125
0 0.562680 0.629948 0.166391 0.466188
0 0.847008 0.558604 0.305984 0.881417
0 0.128820 0.492938 0.257641 0.985875
0 0.938812 0.219042 0.057563 0.195833
0 0.894180 0.191365 0.051766 0.145812
0 0.554633 0.896458 0.224078 0.182708
65 0.489555 0.559781 0.013953 0.019188
0 0.975625 0.237219 0.048750 0.222854
