54 0.334562 0.444604 0.086656 0.136302
54 0.226680 0.349849 0.100672 0.158642
54 0.277648 0.248151 0.084016 0.135245
54 0.487211 0.339887 0.094766 0.189208
55 0.916492 0.398057 0.158797 0.180868
54 0.500453 0.194925 0.096406 0.150075
54 0.499422 0.469868 0.096188 0.158755
54 0.413125 0.468547 0.091188 0.164038
54 0.390437 0.340094 0.091063 0.153094
54 0.406484 0.277132 0.071000 0.070943
54 0.189992 0.166792 0.087078 0.127170
54 0.331992 0.303302 0.048078 0.062981
54 0.172141 0.449868 0.080031 0.128113
54 0.084102 0.447925 0.097047 0.153660
55 0.362687 0.880981 0.154219 0.184377
55 0.033789 0.754774 0.064703 0.122830
55 0.192633 0.733453 0.112422 0.133170
55 0.064875 0.886000 0.129750 0.128906
55 0.893109 0.922302 0.073094 0.128528
55 0.731773 0.915245 0.089828 0.110415
55 0.910156 0.305264 0.124594 0.077396
