14 0.760281 0.439021 0.034063 0.015917
56 0.411422 0.830479 0.071469 0.081292
56 0.189227 0.602990 0.037266 0.053062
25 0.459203 0.580271 0.205687 0.094667
25 0.257719 0.498052 0.096625 0.035146
25 0.336414 0.523583 0.077234 0.070875
25 0.452539 0.525823 0.117859 0.046312
25 0.491094 0.509729 0.069219 0.035750
25 0.734898 0.505812 0.134234 0.049208
32 0.414984 0.658406 0.033125 0.041771
37 0.509641 0.816937 0.091688 0.015042
37 0.061734 0.792979 0.115250 0.033417
0 0.106055 0.581687 0.011234 0.015708
0 0.508703 0.777000 0.160000 0.064750
0 0.748406 0.664969 0.076844 0.262104
0 0.878945 0.676052 0.060047 0.118396
0 0.855945 0.552188 0.013172 0.035125
0 0.913258 0.543083 0.017547 0.042167
0 0.892695 0.550885 0.038516 0.043021
0 0.971570 0.550792 0.023359 0.113875
0 0.684312 0.617781 0.059813 0.104813
0 0.268609 0.570333 0.024188 0.065500
56 0.491266 0.790750 0.046844 0.039333
56 0.958031 0.635010 0.059688 0.064062
56 0.859492 0.687437 0.058766 0.092458
56 0.669016 0.626823 0.045781 0.084771
0 0.968664 0.633667 0.062672 0.071292
0 0.330008 0.639188 0.044234 0.065042
24 0.843547 0.716146 0.045437 0.051750
26 0.046828 0.739125 0.028531 0.039417
26 0.357844 0.658833 0.049750 0.024792
37 0.223656 0.762781 0.045781 0.030187
56 0.563289 0.566260 0.048703 0.057854
56 0.268703 0.585969 0.022031 0.067104
56 0.479352 0.794885 0.076828 0.122146
56 0.814414 0.681990 0.034141 0.058146
56 0.649281 0.579854 0.030531 0.050125
0 0.376859 0.809708 0.119687 0.127500
25 0.599141 0.500083 0.080844 0.029875
25 0.185172 0.551958 0.079875 0.033250
56 0.698930 0.567917 0.025578 0.038625
