41 0.766750 0.451514 0.059656 0.071481
45 0.420805 0.862603 0.128078 0.133704
45 0.252953 0.667473 0.114094 0.115599
45 0.449641 0.296122 0.053219 0.036776
45 0.300313 0.307211 0.039031 0.047190
45 0.206641 0.425969 0.049281 0.055556
45 0.675672 0.277941 0.109125 0.102157
55 0.320133 0.428453 0.065234 0.084009
55 0.392609 0.354488 0.056813 0.062092
77 0.881719 0.360773 0.204375 0.374096
77 0.823555 0.179107 0.203078 0.310109
77 0.617063 0.222484 0.085531 0.129063
77 0.253367 0.191057 0.183328 0.276667
77 0.142148 0.390763 0.148609 0.247756
77 0.393992 0.192309 0.116578 0.207712
77 0.866406 0.250915 0.124094 0.200305
41 0.207711 0.428181 0.045703 0.057843
41 0.371383 0.310610 0.091234 0.110501
73 0.079180 0.233039 0.118016 0.360283
41 0.563461 0.268813 0.039734 0.044597
41 0.746898 0.323802 0.040234 0.045512
55 0.457320 0.414281 0.065203 0.090915
55 0.405312 0.469651 0.068687 0.086972
45 0.286578 0.868573 0.061906 0.066078
45 0.225258 0.886776 0.064203 0.064139
45 0.311984 0.817364 0.058000 0.071068
45 0.519836 0.362397 0.060641 0.058824
45 0.199797 0.844728 0.060406 0.064749
45 0.255164 0.828998 0.056766 0.062179
