27 0.603156 0.463958 0.016500 0.089040
0 0.606344 0.421944 0.200062 0.202295
0 0.423555 0.805621 0.295359 0.366276
0 0.301063 0.783244 0.160625 0.338712
0 0.149594 0.829602 0.254312 0.313911
0 0.176047 0.623138 0.088031 0.124543
0 0.059203 0.811417 0.118406 0.370328
0 0.545750 0.800000 0.140937 0.373021
0 0.233375 0.607869 0.091938 0.239063
0 0.341086 0.593595 0.096828 0.224567
0 0.673039 0.670351 0.097953 0.157752
0 0.617898 0.613876 0.060172 0.105878
0 0.115750 0.618091 0.079844 0.197260
0 0.073297 0.563454 0.084531 0.137166
