17 0.533609 0.502951 0.346125 0.425340
17 0.201594 0.527951 0.147781 0.333326
0 0.504508 0.359555 0.106453 0.319110
0 0.757297 0.542283 0.094406 0.347658
0 0.906844 0.520164 0.107094 0.333770
0 0.658086 0.538806 0.053266 0.230070
0 0.832547 0.502810 0.075250 0.302623
0 0.820086 0.437646 0.038141 0.165597
0 0.601938 0.535703 0.060875 0.197541
26 0.775344 0.523970 0.054250 0.056792
0 0.736672 0.539508 0.058437 0.293911
0 0.650539 0.492342 0.027609 0.187494
0 0.712617 0.480234 0.043047 0.203419
0 0.635406 0.509215 0.026969 0.102834
26 0.606609 0.515515 0.022437 0.040492
