57 0.104030 0.545880 0.208060 0.314000
73 0.903490 0.503253 0.013740 0.107307
73 0.918570 0.667600 0.047540 0.110133
73 0.928470 0.534227 0.023660 0.090480
73 0.883090 0.629613 0.049660 0.097147
73 0.901090 0.319427 0.010540 0.060133
73 0.696430 0.735413 0.132620 0.102613
73 0.948890 0.553907 0.014300 0.094320
73 0.894000 0.501947 0.011560 0.098880
73 0.874100 0.489467 0.019840 0.102933
56 0.567980 0.646067 0.333720 0.460667
73 0.837170 0.460053 0.014820 0.104373
73 0.897550 0.668840 0.021300 0.082587
73 0.881870 0.654053 0.023460 0.075893
73 0.886200 0.496653 0.017720 0.101893
