41 0.107461 0.800352 0.139328 0.134828
41 0.315727 0.608984 0.164047 0.130344
43 0.201945 0.273781 0.112672 0.196656
44 0.863531 0.582125 0.272937 0.060875
44 0.395500 0.189891 0.202250 0.105625
41 0.169875 0.657188 0.125438 0.112688
44 0.408594 0.832047 0.141688 0.072250
45 0.840805 0.338453 0.273547 0.260094
45 0.431594 0.211305 0.158469 0.154578
45 0.645445 0.154281 0.134922 0.136406
45 0.566914 0.306008 0.127703 0.129234
45 0.086961 0.464102 0.140797 0.198766
45 0.528672 0.789328 0.236844 0.239375
46 0.073281 0.403297 0.049719 0.044250
46 0.091727 0.470852 0.121328 0.151016
46 0.521570 0.783414 0.058359 0.072953
46 0.495875 0.823141 0.048125 0.047656
41 0.640133 0.543461 0.110328 0.110984
46 0.573148 0.813047 0.018234 0.028375
46 0.821305 0.368211 0.046484 0.052891
