25 0.741000 0.302395 0.196375 0.141569
25 0.880344 0.385167 0.225781 0.180544
25 0.516242 0.284414 0.274078 0.230167
25 0.202242 0.261234 0.394422 0.229205
0 0.325609 0.583149 0.137625 0.555042
0 0.388305 0.552573 0.100922 0.496276
0 0.501094 0.551140 0.119625 0.520900
0 0.614195 0.550000 0.121266 0.548243
0 0.123359 0.605617 0.149375 0.577510
0 0.761727 0.602866 0.128016 0.525188
0 0.858242 0.609603 0.157984 0.585690
0 0.231469 0.567343 0.138187 0.620586
24 0.980266 0.703316 0.039469 0.108138
29 0.904148 0.851370 0.038422 0.022741
29 0.910984 0.862866 0.050094 0.025565
0 0.700914 0.564916 0.111828 0.492218
29 0.965727 0.690000 0.008359 0.022385
