0 0.224242 0.577016 0.116609 0.499429
0 0.314688 0.558555 0.116500 0.505554
0 0.407828 0.674550 0.160688 0.292803
0 0.741781 0.541574 0.131906 0.489896
0 0.634352 0.561730 0.140328 0.481073
0 0.414016 0.449438 0.121781 0.323581
0 0.519547 0.553927 0.113656 0.487647
27 0.616000 0.470043 0.020719 0.137699
27 0.709008 0.453607 0.019641 0.137422
27 0.406750 0.447007 0.025875 0.152353
0 0.594008 0.673538 0.186859 0.311747
27 0.591227 0.682379 0.025609 0.145450
27 0.327266 0.466081 0.030375 0.144135
27 0.247437 0.476315 0.038219 0.130761
27 0.397891 0.680502 0.022094 0.124983
27 0.510508 0.407561 0.014672 0.030519
