2 0.970492 0.474566 0.059016 0.230784
7 0.672492 0.576261 0.617891 0.484979
0 0.500805 0.617119 0.167766 0.599110
0 0.321484 0.695742 0.228531 0.590000
0 0.222734 0.600879 0.148500 0.565996
0 0.074234 0.575911 0.122219 0.539576
0 0.026477 0.375307 0.026234 0.100572
0 0.898344 0.388104 0.018094 0.061335
0 0.869305 0.372299 0.022609 0.051547
26 0.352023 0.608951 0.081484 0.237479
47 0.380531 0.802786 0.035344 0.044386
49 0.336930 0.457733 0.021578 0.034364
49 0.443859 0.804206 0.025656 0.037267
0 0.915469 0.393867 0.018281 0.051758
47 0.401320 0.845456 0.028734 0.028581
49 0.321250 0.435350 0.026094 0.029725
