27 0.129891 0.357371 0.014938 0.115958
38 0.595398 0.597196 0.197672 0.199206
0 0.360070 0.287266 0.087297 0.181355
0 0.746891 0.201308 0.091969 0.171636
0 0.746453 0.128902 0.084750 0.155701
0 0.654953 0.118166 0.096156 0.171192
0 0.640133 0.510140 0.454859 0.945935
0 0.842359 0.135584 0.082469 0.158411
0 0.386687 0.136565 0.083594 0.215654
0 0.281875 0.289334 0.076875 0.180771
0 0.036023 0.219825 0.070266 0.357173
0 0.130008 0.405853 0.112203 0.403995
0 0.911422 0.329124 0.085687 0.152593
56 0.142008 0.501963 0.139328 0.183879
0 0.834547 0.290491 0.108094 0.219206
56 0.342445 0.385724 0.075328 0.036542
0 0.824375 0.333107 0.096281 0.140140
