25 0.196016 0.335219 0.187312 0.111979
25 0.274086 0.304292 0.096734 0.043000
0 0.497289 0.387396 0.051547 0.083667
0 0.523469 0.320635 0.045594 0.161604
0 0.482102 0.347750 0.022016 0.081375
0 0.410445 0.292833 0.027453 0.182500
0 0.392062 0.302198 0.015344 0.154979
0 0.829391 0.528146 0.145281 0.130625
0 0.736086 0.304573 0.023516 0.033896
0 0.814773 0.313333 0.018766 0.033792
0 0.342187 0.402625 0.150094 0.068292
0 0.580883 0.292229 0.011234 0.032583
32 0.218688 0.402917 0.016875 0.024625
0 0.898422 0.380198 0.047281 0.025687
