56 0.923145 0.599673 0.122990 0.098725
60 0.771985 0.392173 0.103546 0.061111
60 0.165547 0.725245 0.313186 0.514542
42 0.045212 0.626520 0.057320 0.107222
43 0.293987 0.813137 0.046765 0.247680
45 0.146176 0.547549 0.200556 0.129608
60 0.813423 0.441446 0.119951 0.055605
0 0.623873 0.413284 0.360359 0.477484
0 0.884567 0.428497 0.199951 0.435654
0 0.844575 0.329273 0.142353 0.212075
0 0.751928 0.304959 0.113203 0.157108
0 0.414387 0.373873 0.124363 0.285948
0 0.709853 0.280114 0.081895 0.102255
0 0.178170 0.292623 0.099444 0.063938
0 0.262116 0.469330 0.121552 0.250980
0 0.816936 0.228962 0.068023 0.154297
0 0.250008 0.274208 0.082042 0.098186
0 0.158587 0.245931 0.040474 0.048105
0 0.410833 0.250204 0.035490 0.048186
42 0.882549 0.689338 0.034869 0.046618
41 0.179191 0.647443 0.079395 0.092631
41 0.578023 0.627198 0.102941 0.043775
41 0.923480 0.639877 0.122288 0.024526
60 0.291144 0.473521 0.066078 0.079199
60 0.818121 0.830106 0.331895 0.325833
0 0.381618 0.286609 0.060686 0.044820
56 0.162124 0.442770 0.183660 0.131781
2 0.802557 0.158325 0.069886 0.033480
