60 0.612493 0.717260 0.767493 0.541760
0 0.833280 0.564550 0.333440 0.566220
0 0.627307 0.449680 0.088693 0.185840
0 0.373667 0.455650 0.062373 0.230660
0 0.513773 0.377550 0.048133 0.063580
0 0.176773 0.629210 0.335573 0.728100
0 0.695213 0.496690 0.102907 0.156180
40 0.680960 0.623630 0.057707 0.087260
40 0.793320 0.805390 0.087600 0.092700
40 0.920707 0.973460 0.126320 0.050840
41 0.380520 0.903370 0.191760 0.170780
41 0.444587 0.703340 0.087040 0.109080
0 0.033373 0.357720 0.066747 0.160600
39 0.916853 0.870530 0.158240 0.105620
39 0.730493 0.906170 0.086587 0.187660
39 0.515733 0.825080 0.065760 0.165560
39 0.614907 0.779460 0.060533 0.185920
39 0.705147 0.756090 0.069547 0.178820
39 0.478107 0.595000 0.038987 0.105520
39 0.525800 0.754240 0.060507 0.170680
39 0.486973 0.732050 0.046427 0.169740
39 0.524573 0.617300 0.051067 0.108520
39 0.647667 0.729220 0.039067 0.168000
39 0.596640 0.634790 0.036853 0.131460
39 0.556640 0.585990 0.016693 0.076500
0 0.239973 0.399430 0.113920 0.225620
0 0.415440 0.429350 0.056747 0.173020
40 0.287173 0.515080 0.119093 0.073480
40 0.339507 0.574810 0.047173 0.081500
40 0.270573 0.449970 0.027280 0.029340
58 0.886360 0.340280 0.189093 0.167240
39 0.578573 0.573450 0.030853 0.103340
0 0.317947 0.488970 0.118453 0.363740
0 0.650933 0.375690 0.022613 0.039580
0 0.569733 0.424210 0.071680 0.130020
