2 0.797195 0.650979 0.027578 0.052083
2 0.898039 0.660448 0.062297 0.083062
2 0.846641 0.657354 0.029625 0.064458
2 0.891437 0.670771 0.214469 0.106625
2 0.780813 0.647625 0.015000 0.039583
2 0.829828 0.651271 0.061125 0.057292
13 0.135000 0.849750 0.160125 0.163083
13 0.394469 0.730938 0.050656 0.074083
13 0.427273 0.716906 0.040234 0.058146
13 0.941047 0.915781 0.117906 0.168437
13 0.840172 0.822104 0.096062 0.170792
0 0.574727 0.653583 0.014547 0.046708
0 0.556742 0.655490 0.014734 0.049854
0 0.738891 0.660719 0.019969 0.080771
0 0.714055 0.656354 0.017234 0.064292
0 0.689906 0.650219 0.012125 0.061312
2 0.931617 0.664177 0.029109 0.084146
2 0.865055 0.659990 0.025672 0.071687
13 0.746844 0.727302 0.037594 0.061646
0 0.448203 0.670750 0.016063 0.065292
0 0.432883 0.666344 0.009109 0.063979
0 0.404914 0.666677 0.009516 0.049688
0 0.913094 0.706125 0.058437 0.173833
13 0.042469 0.859844 0.084937 0.150812
13 0.925414 0.812583 0.125109 0.127917
0 0.357070 0.673344 0.013047 0.077771
13 0.650930 0.680594 0.024047 0.034396
