60 0.502400 0.839578 0.984660 0.293719
60 0.147061 0.491781 0.294122 0.400625
0 0.231932 0.253336 0.143583 0.078766
41 0.804953 0.556945 0.181616 0.152422
54 0.564063 0.450000 0.190468 0.103969
54 0.621803 0.763453 0.113864 0.066312
0 0.763349 0.200336 0.036815 0.032578
0 0.911101 0.219734 0.044450 0.017094
0 0.084204 0.288766 0.154918 0.191000
0 0.671534 0.224516 0.049672 0.042625
0 0.644333 0.439508 0.711335 0.562953
41 0.985035 0.910570 0.029930 0.097328
56 0.089344 0.559414 0.178407 0.267703
56 0.853220 0.684234 0.066956 0.089344
56 0.056276 0.402461 0.112037 0.064953
0 0.317998 0.435234 0.130796 0.331937
0 0.700070 0.209281 0.035597 0.026000
0 0.748536 0.279438 0.148689 0.170063
