56 0.488430 0.498415 0.139141 0.153592
56 0.333531 0.563181 0.241531 0.215986
60 0.072211 0.812500 0.138141 0.283028
60 0.173969 0.416972 0.317312 0.294272
0 0.597703 0.495082 0.796938 0.975047
0 0.371008 0.313592 0.200547 0.283568
0 0.473250 0.312617 0.078094 0.218286
0 0.213148 0.299448 0.157047 0.175282
0 0.229852 0.197477 0.060297 0.140070
0 0.149289 0.206444 0.106953 0.321385
0 0.608031 0.311009 0.145094 0.278638
7 0.492477 0.219589 0.199391 0.189178
41 0.172031 0.654085 0.124125 0.204178
42 0.463883 0.568979 0.113484 0.151901
53 0.340641 0.789413 0.452625 0.374131
0 0.548398 0.240164 0.029828 0.080329
0 0.519539 0.261667 0.040641 0.121033
0 0.572516 0.247958 0.038344 0.091455
39 0.249242 0.368474 0.017859 0.092207
40 0.542023 0.317547 0.015922 0.018192
40 0.164969 0.341948 0.023438 0.070000
40 0.192914 0.346291 0.035078 0.091221
40 0.755766 0.448674 0.036906 0.057488
41 0.510391 0.347582 0.022156 0.053333
41 0.150844 0.386702 0.041844 0.035704
60 0.509227 0.403615 0.070016 0.078685
40 0.168164 0.658040 0.129672 0.210399
53 0.337047 0.633099 0.072594 0.033099
41 0.534750 0.352864 0.018094 0.056150
