60 0.500000 0.471904 1.000000 0.939331
0 0.521312 0.038243 0.571438 0.071590
40 0.279719 0.186287 0.149250 0.369937
42 0.211164 0.554111 0.093891 0.328849
43 0.877789 0.548316 0.117484 0.337092
53 0.523992 0.639644 0.576984 0.592343
41 0.540766 0.288075 0.110563 0.111381
41 0.318836 0.153713 0.089672 0.184582
41 0.804680 0.264236 0.129703 0.202615
53 0.529883 0.144142 0.349891 0.211715
60 0.071898 0.229006 0.143797 0.319100
0 0.380813 0.932103 0.754250 0.135795
41 0.682625 0.158400 0.112875 0.316799
43 0.372273 0.106935 0.022172 0.168013
