0 0.843695 0.770573 0.027547 0.088146
0 0.629852 0.791063 0.041141 0.112292
0 0.941383 0.771781 0.048391 0.080646
0 0.398453 0.776427 0.008781 0.037812
0 0.376742 0.792365 0.009047 0.032021
0 0.366484 0.780740 0.020500 0.043896
0 0.185164 0.779250 0.009297 0.036625
0 0.083117 0.786438 0.008703 0.036792
0 0.574023 0.781958 0.023953 0.068125
0 0.819094 0.779115 0.029531 0.047896
8 0.082867 0.730469 0.044234 0.041021
33 0.325469 0.207313 0.134438 0.342042
33 0.328867 0.464573 0.165203 0.176063
33 0.495883 0.681177 0.095297 0.082354
33 0.184117 0.435875 0.140109 0.396708
33 0.261180 0.526469 0.137641 0.331771
33 0.756609 0.675615 0.133937 0.611604
33 0.663117 0.530188 0.166047 0.349708
33 0.805258 0.312781 0.076797 0.160271
33 0.126031 0.282760 0.252062 0.159396
33 0.912680 0.614458 0.158328 0.178125
33 0.974477 0.734115 0.051047 0.108688
33 0.047711 0.163875 0.095266 0.131083
0 0.161320 0.778146 0.018578 0.047292
0 0.094281 0.785177 0.011875 0.037937
33 0.307844 0.804615 0.109875 0.094479
0 0.883563 0.778604 0.008844 0.046750
