0 0.619420 0.547973 0.103160 0.612053
0 0.067490 0.501493 0.097860 0.203093
0 0.278280 0.554213 0.129720 0.478400
65 0.231020 0.543893 0.029280 0.033867
56 0.196890 0.823947 0.265260 0.326347
56 0.450000 0.741573 0.171920 0.332587
56 0.690830 0.663560 0.078300 0.149413
56 0.786840 0.561573 0.101640 0.199413
56 0.530920 0.590707 0.122720 0.220720
56 0.824090 0.534880 0.108300 0.167413
56 0.077530 0.751680 0.131460 0.352800
56 0.407150 0.565573 0.106660 0.178133
56 0.358750 0.482307 0.047820 0.052187
56 0.330070 0.792173 0.220740 0.336133
56 0.727980 0.576893 0.122360 0.195760
56 0.456880 0.512827 0.064480 0.097760
65 0.677800 0.568707 0.025720 0.028187
65 0.359830 0.781280 0.044540 0.027520
0 0.706850 0.507733 0.084300 0.121760
56 0.411270 0.488093 0.057420 0.088347
65 0.339330 0.793693 0.046660 0.023387
