17 0.546094 0.555904 0.347844 0.561291
1 0.823992 0.613638 0.226359 0.169531
13 0.956047 0.603897 0.049469 0.067840
0 0.095461 0.587488 0.085297 0.290516
0 0.356750 0.383146 0.067312 0.150563
0 0.366078 0.467254 0.062094 0.191455
0 0.402539 0.418568 0.037109 0.096854
0 0.812922 0.547254 0.058344 0.266385
0 0.687789 0.544730 0.036266 0.145563
0 0.645641 0.537089 0.021813 0.143286
0 0.961766 0.554131 0.065156 0.143568
0 0.211438 0.485364 0.025188 0.047958
13 0.930844 0.552383 0.017688 0.009366
17 0.712688 0.408744 0.061562 0.200915
17 0.575203 0.587418 0.270375 0.352019
17 0.222367 0.535411 0.025359 0.079883
25 0.985648 0.397254 0.028703 0.039859
0 0.941359 0.503498 0.017250 0.045728
0 0.190398 0.496268 0.028047 0.070798
0 0.905250 0.493169 0.006594 0.021925
0 0.134594 0.582042 0.050938 0.287887
