58 0.407313 0.313621 0.157969 0.331086
39 0.252898 0.282563 0.073672 0.370418
0 0.449633 0.136769 0.199984 0.269081
0 0.569867 0.081755 0.080109 0.161393
0 0.087609 0.151685 0.137406 0.244930
0 0.898992 0.202660 0.198609 0.395181
0 0.173469 0.065097 0.029000 0.118050
41 0.146398 0.707841 0.100984 0.238524
41 0.362039 0.780056 0.197016 0.431755
42 0.117461 0.977786 0.048828 0.044429
42 0.643430 0.715557 0.107391 0.083649
44 0.573852 0.764694 0.164516 0.119471
45 0.879328 0.690585 0.144844 0.159443
0 0.402508 0.039331 0.019422 0.047744
27 0.449516 0.203788 0.035687 0.160613
40 0.582992 0.605515 0.116141 0.568022
40 0.700516 0.577702 0.113250 0.556351
40 0.832641 0.428175 0.096812 0.380864
40 0.342891 0.566616 0.133750 0.368496
40 0.361141 0.771546 0.202937 0.429220
40 0.056852 0.527033 0.113703 0.466212
40 0.531523 0.508092 0.095703 0.476072
40 0.259828 0.441476 0.118313 0.312256
40 0.752883 0.462827 0.052391 0.319582
40 0.646586 0.215947 0.065297 0.100752
40 0.780898 0.369666 0.079422 0.384290
40 0.929211 0.364875 0.087172 0.342340
43 0.806336 0.717939 0.155516 0.171922
0 0.239773 0.165627 0.173547 0.331253
0 0.659438 0.116755 0.162906 0.176741
0 0.317094 0.101476 0.057937 0.130306
42 0.924305 0.574652 0.048141 0.041894
0 0.148891 0.098802 0.043750 0.077994
40 0.637172 0.469164 0.095156 0.483231
41 0.021906 0.812507 0.040906 0.226574
75 0.423297 0.418162 0.043656 0.116713
42 0.838617 0.553496 0.066141 0.109109
60 0.499305 0.719749 0.995828 0.530864
