0 0.452117 0.227594 0.141922 0.233854
0 0.316742 0.300688 0.024859 0.080042
0 0.014258 0.392073 0.026266 0.171604
8 0.548070 0.340760 0.168047 0.064021
36 0.476383 0.395510 0.119797 0.093063
26 0.174156 0.450990 0.047031 0.077562
26 0.281094 0.442365 0.072625 0.072354
8 0.411086 0.391625 0.045328 0.063500
8 0.614094 0.377167 0.063938 0.081958
8 0.688758 0.383344 0.056922 0.086521
8 0.346875 0.400302 0.093094 0.043937
0 0.199523 0.395198 0.067703 0.306563
0 0.441633 0.423875 0.027203 0.058542
0 0.995555 0.332010 0.008891 0.056813
0 0.274320 0.391552 0.060203 0.313188
