0 0.680367 0.343773 0.028234 0.078435
0 0.770336 0.344498 0.026766 0.032266
0 0.439617 0.334836 0.027953 0.043458
0 0.384844 0.332325 0.024688 0.050257
0 0.343188 0.330829 0.019500 0.042734
21 0.513695 0.575467 0.219953 0.226121
0 0.651648 0.348575 0.027266 0.076449
0 0.863094 0.340432 0.037969 0.045164
0 0.810437 0.327488 0.021594 0.057967
0 0.704453 0.340000 0.026281 0.036402
0 0.755156 0.345140 0.013875 0.021682
0 0.978531 0.342745 0.015594 0.038481
0 0.046367 0.342897 0.031391 0.040935
0 0.793609 0.337173 0.021281 0.035374
