2 0.237990 0.926344 0.292479 0.126875
0 0.819875 0.856070 0.017083 0.050891
0 0.097125 0.866602 0.026917 0.041453
2 0.487417 0.871867 0.092083 0.041297
2 0.145313 0.898875 0.164792 0.080906
9 0.605635 0.696531 0.030187 0.041719
9 0.199438 0.710906 0.025458 0.034094
0 0.478844 0.844109 0.015437 0.012625
2 0.549094 0.859797 0.054062 0.032656
9 0.026875 0.617828 0.048583 0.061125
9 0.958021 0.700367 0.051667 0.061953
9 0.867010 0.776977 0.022104 0.019391
0 0.285000 0.886352 0.042375 0.027484
0 0.053083 0.877242 0.020083 0.039828
2 0.599115 0.857633 0.054646 0.030922
5 0.715698 0.841531 0.094646 0.069156
9 0.201312 0.298563 0.154042 0.097437
9 0.083115 0.793109 0.018354 0.014156
9 0.064219 0.800781 0.017729 0.010094
9 0.557490 0.519016 0.065604 0.077750
