14 0.642752 0.778670 0.071281 0.079300
14 0.501812 0.773670 0.085749 0.085060
14 0.275518 0.740230 0.048311 0.060140
14 0.439918 0.781520 0.037057 0.063080
14 0.574809 0.752760 0.062207 0.068040
0 0.397411 0.483140 0.029264 0.049520
0 0.547875 0.480550 0.033188 0.059780
0 0.456172 0.477530 0.042861 0.065180
14 0.676076 0.665320 0.032861 0.050360
14 0.380163 0.702410 0.049646 0.044660
14 0.287193 0.693370 0.027084 0.032740
14 0.272766 0.667150 0.030872 0.044580
14 0.302262 0.667940 0.024796 0.042920
14 0.266676 0.635190 0.023597 0.036180
14 0.786594 0.803430 0.050572 0.080740
14 0.790095 0.680750 0.045749 0.044260
14 0.253542 0.711800 0.026921 0.063080
14 0.317970 0.677280 0.028910 0.060720
14 0.127725 0.130170 0.056485 0.029540
14 0.125872 0.768850 0.043025 0.078740
14 0.126131 0.691430 0.038256 0.053380
14 0.105436 0.727610 0.042916 0.059380
14 0.399537 0.774160 0.039782 0.074160
0 0.669578 0.490010 0.027275 0.047820
