39 0.988148 0.605493 0.019672 0.080704
39 0.717320 0.601526 0.021141 0.090469
0 0.542969 0.373192 0.107688 0.566291
0 0.075477 0.572547 0.132547 0.485704
0 0.762320 0.615986 0.175391 0.427934
0 0.908258 0.606925 0.138297 0.405399
0 0.833773 0.535305 0.133359 0.540094
13 0.500000 0.726596 1.000000 0.186526
0 0.662391 0.456279 0.032781 0.229836
35 0.196062 0.617641 0.044156 0.029131
35 0.549531 0.619484 0.056531 0.058779
0 0.382922 0.591009 0.146594 0.471925
24 0.681578 0.608967 0.061562 0.078310
0 0.239352 0.461960 0.034953 0.084577
0 0.226648 0.662606 0.188453 0.335070
39 0.955250 0.598920 0.023219 0.096432
39 0.674117 0.764495 0.045609 0.029272
