56 0.846055 0.700573 0.179641 0.239146
1 0.317055 0.611177 0.090453 0.272188
0 0.583945 0.456135 0.024141 0.052813
0 0.526445 0.480833 0.036828 0.091167
0 0.788672 0.620990 0.143469 0.302229
25 0.721742 0.424042 0.541922 0.665542
25 0.572797 0.389312 0.221719 0.157208
25 0.549602 0.373719 0.150703 0.032146
25 0.625906 0.401958 0.311812 0.245125
56 0.512773 0.570229 0.062078 0.137292
56 0.669414 0.567562 0.056391 0.083167
56 0.575070 0.506021 0.033297 0.031500
41 0.726453 0.581396 0.018250 0.041333
41 0.572820 0.487021 0.008609 0.015667
60 0.583617 0.498167 0.069328 0.021833
0 0.547125 0.447365 0.012937 0.030896
0 0.472648 0.435760 0.015297 0.038354
0 0.748828 0.500177 0.085281 0.142146
1 0.388117 0.539156 0.040359 0.122104
56 0.553398 0.601094 0.093422 0.148438
56 0.485078 0.473896 0.012313 0.020125
56 0.637922 0.493292 0.062750 0.044292
56 0.666461 0.522135 0.061891 0.068979
60 0.694875 0.670000 0.172625 0.225208
60 0.622383 0.544865 0.110203 0.065812
0 0.563219 0.453021 0.019625 0.032875
