34 0.533086 0.476854 0.058453 0.020917
35 0.429516 0.634813 0.044406 0.046042
0 0.324398 0.624677 0.174141 0.243729
0 0.586172 0.554885 0.248656 0.337313
0 0.183078 0.590990 0.126656 0.308521
13 0.459406 0.529854 0.099125 0.035542
56 0.392570 0.355750 0.020734 0.015958
56 0.630969 0.316437 0.021125 0.015000
56 0.963539 0.329677 0.019203 0.014437
56 0.697688 0.343594 0.022250 0.031771
56 0.745156 0.318281 0.023344 0.015562
56 0.767117 0.316385 0.020141 0.012813
56 0.769242 0.351792 0.024641 0.020500
56 0.815227 0.351792 0.021641 0.015208
56 0.329703 0.357042 0.011750 0.015667
56 0.131711 0.255250 0.025172 0.017917
56 0.357492 0.359583 0.029891 0.030708
56 0.673156 0.320760 0.016344 0.011562
0 0.316039 0.501687 0.048641 0.110625
0 0.376781 0.503812 0.051094 0.101333
0 0.093398 0.511760 0.069516 0.126396
0 0.133859 0.359313 0.024469 0.038083
0 0.187688 0.350146 0.048656 0.056292
0 0.247461 0.314948 0.045328 0.061604
0 0.250453 0.354729 0.044906 0.041917
0 0.231820 0.533104 0.028141 0.062750
0 0.429867 0.196854 0.028641 0.116708
13 0.270633 0.543760 0.058984 0.040354
56 0.698305 0.320844 0.018016 0.012146
