16 0.234346 0.824240 0.456569 0.331324
59 0.500000 0.663096 1.000000 0.650114
73 0.649477 0.245711 0.011275 0.091225
73 0.615327 0.126201 0.022712 0.097565
73 0.571560 0.028889 0.018350 0.056699
73 0.637990 0.244730 0.013562 0.099592
73 0.575286 0.123595 0.013480 0.107876
73 0.591552 0.248962 0.013693 0.091944
73 0.684150 0.022786 0.018725 0.045572
73 0.652181 0.023701 0.011552 0.047402
73 0.627590 0.027345 0.100899 0.054690
73 0.547435 0.027516 0.010065 0.053431
73 0.529902 0.028807 0.020621 0.054314
73 0.496438 0.032312 0.065392 0.064624
56 0.403897 0.194804 0.298709 0.316895
73 0.563366 0.143366 0.011503 0.069020
