1 0.222047 0.979531 0.056000 0.040939
2 0.576758 0.951960 0.054422 0.021291
0 0.407461 0.968028 0.044953 0.062770
0 0.092453 0.953122 0.013406 0.054836
0 0.074156 0.943157 0.009375 0.047019
0 0.101516 0.956784 0.012906 0.055352
2 0.645953 0.953932 0.062719 0.027113
7 0.370250 0.925692 0.160031 0.146878
7 0.882289 0.871890 0.228922 0.256221
9 0.411586 0.791667 0.029203 0.019390
9 0.454734 0.808838 0.019750 0.052934
1 0.271406 0.981596 0.035469 0.036808
9 0.204516 0.809883 0.027625 0.017700
9 0.160102 0.801796 0.015453 0.012136
0 0.049984 0.950000 0.015406 0.064460
0 0.066109 0.948592 0.011219 0.055023
0 0.023070 0.950340 0.022141 0.080822
0 0.039445 0.944038 0.011828 0.054742
0 0.060094 0.944613 0.007156 0.048099
9 0.154852 0.860915 0.009891 0.036854
0 0.105453 0.926432 0.005500 0.009624
0 0.686484 0.947723 0.014469 0.031174
0 0.704438 0.952993 0.011625 0.041901
0 0.730844 0.967523 0.016375 0.064953
