72 0.587271 0.549438 0.371542 0.631469
56 0.642802 0.891820 0.170021 0.212734
56 0.433969 0.842437 0.230521 0.313500
39 0.567052 0.445297 0.027938 0.068469
39 0.594958 0.433758 0.026667 0.087797
39 0.636292 0.408469 0.020250 0.053781
40 0.956656 0.088992 0.065896 0.097141
39 0.653792 0.430789 0.035167 0.078734
39 0.669271 0.630734 0.028875 0.079719
39 0.646448 0.623844 0.028646 0.078781
39 0.595802 0.642719 0.026937 0.083375
40 0.874448 0.512813 0.019188 0.048844
40 0.924719 0.296617 0.059187 0.042797
40 0.942396 0.494344 0.042208 0.071219
40 0.933375 0.232555 0.028875 0.041672
40 0.954812 0.240461 0.025375 0.039391
40 0.909615 0.237453 0.023729 0.041281
40 0.889719 0.293687 0.037646 0.046625
40 0.958448 0.493695 0.016396 0.065453
40 0.858333 0.285031 0.037542 0.060375
40 0.795667 0.292406 0.035250 0.072719
41 0.872979 0.420328 0.084042 0.069375
41 0.854448 0.349836 0.027479 0.045922
41 0.967156 0.404492 0.030062 0.025297
41 0.972802 0.363828 0.017313 0.013312
41 0.861115 0.525766 0.033271 0.043188
41 0.899156 0.523586 0.037687 0.049141
41 0.907292 0.351687 0.024833 0.044094
41 0.878969 0.356750 0.021146 0.035313
56 0.319000 0.743563 0.201500 0.224844
60 0.144010 0.795594 0.288021 0.189625
73 0.244208 0.916969 0.249333 0.127469
39 0.667417 0.741500 0.034917 0.080844
39 0.582677 0.743352 0.029438 0.086391
39 0.634365 0.727719 0.024271 0.070375
39 0.621427 0.637859 0.024729 0.082250
39 0.651854 0.733344 0.025583 0.082187
39 0.672490 0.525320 0.021813 0.073578
