62 0.303094 0.415115 0.120625 0.150521
56 0.819273 0.534719 0.071516 0.147937
56 0.650898 0.525490 0.051172 0.131646
57 0.680500 0.813573 0.426719 0.353438
57 0.246320 0.829906 0.488703 0.340187
58 0.895648 0.501677 0.027453 0.173229
73 0.021219 0.716323 0.042406 0.042396
75 0.166977 0.343708 0.018953 0.029500
75 0.115766 0.234125 0.022719 0.067708
75 0.141758 0.247875 0.023953 0.045042
75 0.067180 0.246292 0.022297 0.036667
75 0.253734 0.683688 0.051313 0.083875
75 0.160984 0.261656 0.021281 0.021354
75 0.079023 0.234927 0.017172 0.055938
75 0.249688 0.250771 0.015313 0.049250
75 0.021250 0.243615 0.007781 0.034188
75 0.025000 0.317146 0.012969 0.077792
56 0.705922 0.631990 0.194062 0.175687
56 0.615008 0.492427 0.030266 0.082146
56 0.714945 0.507938 0.055297 0.088083
56 0.725562 0.488521 0.045562 0.074750
56 0.778453 0.491854 0.051000 0.078458
60 0.721062 0.508021 0.216062 0.052750
