45 0.303260 0.956347 0.086520 0.060533
75 0.072470 0.455053 0.144940 0.339333
75 0.253170 0.431933 0.107620 0.284880
75 0.326100 0.540920 0.055200 0.191333
75 0.385600 0.469187 0.113880 0.322320
75 0.206650 0.721293 0.037620 0.047067
75 0.263940 0.776320 0.071280 0.187147
75 0.529830 0.720853 0.055220 0.188267
75 0.632560 0.716267 0.060520 0.172267
75 0.703390 0.153240 0.049820 0.151920
75 0.755300 0.759907 0.050960 0.107707
75 0.315640 0.110413 0.130760 0.142427
75 0.809310 0.443480 0.133660 0.183440
45 0.212300 0.967520 0.098560 0.060053
45 0.668850 0.881293 0.099260 0.026960
45 0.763340 0.871720 0.100000 0.039013
45 0.244290 0.540413 0.070100 0.068080
75 0.171470 0.398587 0.034340 0.093653
