25 0.211188 0.775414 0.167542 0.055484
25 0.244229 0.741187 0.122000 0.020563
25 0.872823 0.760453 0.174229 0.066687
25 0.600542 0.778422 0.047667 0.012156
0 0.168417 0.898070 0.130583 0.203859
0 0.050427 0.845789 0.100854 0.224766
0 0.294927 0.880562 0.135021 0.238875
0 0.870094 0.861828 0.083437 0.197875
0 0.950344 0.852531 0.078563 0.152188
24 0.304406 0.836016 0.072104 0.089094
0 0.594708 0.820914 0.060000 0.073359
7 0.747729 0.780070 0.305167 0.270953
58 0.532583 0.902242 0.102542 0.155172
5 0.757073 0.780156 0.286604 0.271906
9 0.936948 0.603688 0.026937 0.040813
25 0.069135 0.729336 0.138271 0.035078
0 0.380365 0.803266 0.031979 0.065938
