50 0.822523 0.395042 0.130891 0.155667
50 0.668070 0.400146 0.084422 0.088583
45 0.585938 0.143167 0.503781 0.228167
45 0.851289 0.186385 0.182172 0.101229
45 0.750594 0.423958 0.498812 0.402708
45 0.152117 0.472552 0.304234 0.450729
50 0.360672 0.779771 0.225844 0.197750
50 0.760953 0.398500 0.096062 0.110125
50 0.612492 0.357344 0.136547 0.114396
50 0.468539 0.698500 0.094391 0.121333
51 0.434570 0.707042 0.083984 0.156250
51 0.863641 0.383031 0.062375 0.024604
51 0.961383 0.464594 0.045953 0.033521
51 0.705859 0.358177 0.030500 0.033271
48 0.635141 0.776031 0.335594 0.249479
48 0.131156 0.425281 0.254937 0.246313
48 0.645703 0.149406 0.137469 0.146187
48 0.555805 0.158812 0.119766 0.132750
