32 0.586000 0.816729 0.073687 0.114071
0 0.432109 0.535894 0.252406 0.618235
0 0.549703 0.239776 0.023656 0.100682
0 0.522617 0.527271 0.356078 0.574212
0 0.679836 0.410812 0.118328 0.458188
0 0.854383 0.435200 0.126766 0.496800
0 0.180859 0.323176 0.074531 0.327906
0 0.494180 0.260388 0.029391 0.116165
56 0.472266 0.331624 0.062437 0.085412
0 0.090766 0.267706 0.044844 0.193294
0 0.222328 0.263647 0.031563 0.120141
0 0.267953 0.537318 0.203844 0.643718
0 0.481766 0.238365 0.020906 0.083129
0 0.980531 0.356882 0.038937 0.084541
56 0.524406 0.311953 0.029094 0.042306
56 0.727492 0.348988 0.019547 0.080612
0 0.817008 0.311976 0.038734 0.179859
