32 0.326234 0.589262 0.006688 0.007986
0 0.742156 0.371710 0.033687 0.073068
0 0.124305 0.384918 0.028422 0.074848
0 0.246578 0.628091 0.052125 0.090703
0 0.215453 0.616206 0.051187 0.122529
0 0.344844 0.867412 0.059969 0.242693
0 0.682930 0.947190 0.253391 0.105621
0 0.882953 0.967049 0.070250 0.065902
0 0.279070 0.581066 0.045391 0.129438
34 0.295641 0.833326 0.037062 0.010585
34 0.306961 0.586581 0.015422 0.037939
35 0.746305 0.455340 0.007891 0.012974
35 0.277672 0.603173 0.023219 0.025035
0 0.543750 0.307412 0.015906 0.041007
35 0.747703 0.375972 0.005375 0.007541
0 0.726992 0.460129 0.046984 0.112061
0 0.974961 0.962834 0.050078 0.074333
0 0.299742 0.418712 0.034672 0.052272
