2 0.764844 0.487101 0.097188 0.113978
2 0.099437 0.496775 0.198875 0.210764
2 0.873258 0.461607 0.026734 0.058629
2 0.818711 0.466112 0.049828 0.072404
5 0.443844 0.415955 0.549094 0.455730
0 0.971617 0.466910 0.025859 0.113461
0 0.949859 0.453809 0.023406 0.089820
0 0.916430 0.429775 0.016641 0.041573
9 0.832750 0.258528 0.028437 0.118809
2 0.935883 0.445202 0.011984 0.026135
9 0.783742 0.401011 0.008078 0.025708
0 0.287695 0.362719 0.072953 0.092899
0 0.989187 0.502101 0.017313 0.070944
0 0.805250 0.444281 0.010969 0.010000
9 0.869688 0.276236 0.020219 0.091483
9 0.883898 0.400584 0.006891 0.020404
9 0.908797 0.401225 0.004687 0.018899
2 0.814266 0.426506 0.030531 0.012876
