19 0.129516 0.477545 0.114625 0.455090
19 0.567969 0.494012 0.073438 0.413174
19 0.698531 0.512665 0.091469 0.467725
19 0.806180 0.487305 0.069391 0.401677
19 0.469156 0.517036 0.097156 0.484251
19 0.224016 0.483653 0.072719 0.444072
19 0.038414 0.429731 0.046672 0.346287
19 0.294539 0.493653 0.072203 0.422036
19 0.340633 0.489162 0.049141 0.334970
19 0.399430 0.528323 0.053672 0.438563
19 0.755812 0.499880 0.068750 0.412575
19 0.890273 0.522216 0.110516 0.498683
19 0.503391 0.476946 0.050969 0.362754
