75 0.102890 0.675784 0.108220 0.193810
75 0.251580 0.693880 0.086800 0.244622
75 0.357610 0.680728 0.093540 0.171821
75 0.447860 0.632045 0.082920 0.129804
75 0.620700 0.634594 0.062960 0.161401
75 0.397190 0.778165 0.117340 0.228768
75 0.457280 0.705546 0.062680 0.186331
75 0.672520 0.840266 0.119560 0.177227
75 0.674720 0.610742 0.046240 0.142493
75 0.175320 0.609440 0.086160 0.208067
75 0.507290 0.605504 0.042620 0.161485
75 0.404570 0.509062 0.057140 0.100532
75 0.274280 0.609090 0.075520 0.202717
