39 0.919102 0.125817 0.161797 0.247313
60 0.498367 0.494114 0.994078 0.983518
40 0.696008 0.193837 0.167391 0.384848
41 0.919609 0.125499 0.158438 0.250997
42 0.565883 0.282368 0.091734 0.072936
43 0.751312 0.433712 0.367969 0.048920
44 0.436266 0.252147 0.301437 0.073213
45 0.189930 0.152022 0.273141 0.193684
45 0.967414 0.461704 0.064797 0.263518
45 0.063375 0.342701 0.121687 0.155042
51 0.524242 0.715457 0.193766 0.324709
43 0.119211 0.507825 0.237484 0.195540
51 0.426570 0.786482 0.084359 0.104709
