1 0.912039 0.599604 0.076609 0.123667
2 0.202227 0.626635 0.043016 0.081146
10 0.467375 0.808219 0.209969 0.383563
36 0.585258 0.524135 0.209609 0.120271
0 0.496625 0.252250 0.375000 0.502250
0 0.167492 0.606083 0.055828 0.250625
0 0.116070 0.599740 0.047828 0.226104
0 0.985055 0.579594 0.029891 0.123188
0 0.239047 0.594729 0.045000 0.183042
0 0.910008 0.549656 0.073297 0.151562
0 0.945391 0.538813 0.021281 0.066542
0 0.323781 0.596635 0.032406 0.154812
0 0.046406 0.590792 0.063687 0.251792
1 0.046133 0.652708 0.085484 0.097625
26 0.869219 0.547604 0.026375 0.057042
0 0.872383 0.560531 0.033328 0.123979
26 0.105102 0.610802 0.023266 0.028354
0 0.964539 0.565823 0.022453 0.124437
