44 0.845890 0.434496 0.308220 0.602308
45 0.501260 0.488899 0.995760 0.977798
50 0.496310 0.319788 0.262500 0.343395
50 0.212010 0.772944 0.193380 0.181167
50 0.391190 0.627069 0.243060 0.303528
50 0.341520 0.462347 0.136600 0.251751
50 0.496920 0.504085 0.038720 0.065305
50 0.615620 0.137653 0.106440 0.190584
50 0.718440 0.772414 0.206280 0.231141
50 0.651140 0.293528 0.067520 0.112149
50 0.562680 0.522653 0.048360 0.086154
50 0.193080 0.525265 0.202320 0.406870
50 0.672320 0.654390 0.118000 0.220663
50 0.347830 0.185782 0.067940 0.077454
50 0.443900 0.778342 0.274440 0.151273
