60 0.500000 0.497981 1.000000 0.982113
41 0.644016 0.189215 0.223563 0.293452
42 0.082719 0.528107 0.165437 0.077845
43 0.769523 0.673870 0.459547 0.242008
45 0.849484 0.424550 0.292687 0.229728
45 0.832086 0.229519 0.240609 0.176736
46 0.874766 0.415293 0.066687 0.093138
46 0.935383 0.420952 0.061141 0.113243
46 0.829547 0.409990 0.062687 0.078975
41 0.189242 0.210586 0.220359 0.400921
41 0.799742 0.080900 0.162797 0.161799
46 0.792172 0.429749 0.069125 0.116527
46 0.921797 0.357364 0.071688 0.045063
46 0.879047 0.350565 0.049188 0.073305
