2 0.880789 0.496065 0.052672 0.032053
2 0.201211 0.472291 0.049859 0.035494
2 0.287211 0.488954 0.044547 0.054221
5 0.720297 0.470779 0.121906 0.087643
0 0.025805 0.482158 0.022984 0.068574
2 0.105563 0.468213 0.061406 0.035703
14 0.114055 0.574221 0.004797 0.010076
13 0.515281 0.668536 0.421094 0.226958
0 0.777039 0.486673 0.009234 0.043536
0 0.951383 0.503565 0.006984 0.008498
0 0.968641 0.503241 0.008781 0.009867
0 0.992148 0.499981 0.005703 0.015779
1 0.779438 0.495779 0.013500 0.025703
1 0.798203 0.498726 0.016375 0.016502
2 0.011813 0.465637 0.021750 0.031388
58 0.688664 0.525247 0.031203 0.054601
