2 0.013281 0.467283 0.026562 0.098923
56 0.545391 0.531323 0.028187 0.086159
56 0.450438 0.527026 0.021031 0.081077
0 0.199594 0.658056 0.114750 0.548571
0 0.329656 0.626920 0.058031 0.316557
0 0.396906 0.575468 0.044438 0.233138
0 0.455156 0.844274 0.131187 0.280913
0 0.691320 0.595422 0.084172 0.279742
0 0.688852 0.651546 0.058234 0.210773
0 0.579688 0.631628 0.035094 0.251499
0 0.300578 0.465749 0.015063 0.063724
0 0.075828 0.627693 0.051281 0.299977
0 0.080227 0.505176 0.031703 0.114005
0 0.045422 0.629239 0.082031 0.380492
0 0.927727 0.641710 0.084391 0.324824
32 0.087961 0.694239 0.029359 0.044684
0 0.881133 0.539297 0.032953 0.079391
29 0.408227 0.990667 0.018391 0.018665
