41 0.222977 0.759171 0.104922 0.212827
63 0.544570 0.555023 0.400953 0.577196
45 0.273688 0.687932 0.119281 0.141986
66 0.585344 0.936110 0.482406 0.083154
66 0.541875 0.709860 0.320250 0.097850
73 0.091820 0.766577 0.183641 0.107126
77 0.907016 0.608890 0.084906 0.131238
62 0.175852 0.340549 0.348234 0.432640
73 0.087750 0.823131 0.171844 0.077804
73 0.082508 0.869696 0.161547 0.036355
73 0.081172 0.921577 0.145156 0.024696
73 0.085984 0.960607 0.154594 0.051963
73 0.232375 0.933925 0.142656 0.025514
67 0.833828 0.691963 0.109531 0.069673
