58 0.851930 0.629219 0.146578 0.260651
57 0.644406 0.796302 0.371781 0.387093
39 0.485977 0.370293 0.011641 0.032126
39 0.501500 0.362158 0.011375 0.047918
39 0.517430 0.355618 0.013266 0.060564
39 0.533328 0.361074 0.012875 0.055857
39 0.548898 0.360824 0.010391 0.045813
39 0.565031 0.357993 0.010687 0.053948
39 0.580852 0.365315 0.013266 0.037354
39 0.596383 0.356193 0.013797 0.057505
39 0.615117 0.365152 0.012172 0.033427
39 0.639484 0.362972 0.012500 0.037137
49 0.455398 0.638384 0.015891 0.020456
58 0.899000 0.635954 0.051156 0.161193
58 0.907258 0.728004 0.017047 0.076226
73 0.620797 0.157581 0.007906 0.040586
73 0.633898 0.152082 0.006484 0.045466
73 0.650977 0.149273 0.003734 0.042755
73 0.659102 0.152354 0.007141 0.051302
73 0.630445 0.153709 0.004578 0.044989
75 0.665891 0.352646 0.017438 0.052408
75 0.692836 0.134718 0.031391 0.060846
45 0.453086 0.629577 0.077609 0.072082
62 0.586039 0.444490 0.050828 0.057527
49 0.441586 0.647299 0.013234 0.018200
49 0.453289 0.653894 0.016734 0.018633
49 0.468836 0.648156 0.014516 0.016443
60 0.405047 0.762831 0.224094 0.277722
73 0.645953 0.150542 0.007000 0.047072
73 0.666977 0.152527 0.016359 0.043362
