8 0.714820 0.875015 0.253720 0.097589
8 0.323170 0.820223 0.193300 0.170804
8 0.647840 0.831622 0.292960 0.067411
0 0.581530 0.790238 0.038140 0.085119
8 0.760340 0.700000 0.478720 0.240476
0 0.227030 0.708095 0.014020 0.059940
0 0.480920 0.708408 0.019520 0.061339
0 0.617940 0.783973 0.036760 0.084137
0 0.551130 0.701131 0.014500 0.048452
0 0.518670 0.704360 0.015100 0.034554
8 0.944460 0.921563 0.111080 0.124137
25 0.574740 0.583958 0.077480 0.056369
25 0.835850 0.350565 0.052860 0.071905
25 0.810600 0.461101 0.060160 0.070893
25 0.707360 0.533631 0.087600 0.092262
25 0.461560 0.512753 0.069840 0.059375
0 0.556860 0.788497 0.023640 0.074018
0 0.588970 0.735461 0.042060 0.093244
0 0.904310 0.871637 0.048540 0.129048
0 0.341580 0.690089 0.015800 0.089345
8 0.459820 0.832440 0.095720 0.092738
8 0.095900 0.821354 0.188760 0.159554
0 0.735770 0.766042 0.053300 0.087619
0 0.527450 0.665774 0.016460 0.036905
8 0.475280 0.758408 0.148880 0.040327
0 0.412650 0.703690 0.017860 0.052619
25 0.535790 0.621771 0.059060 0.067589
25 0.702980 0.468720 0.079440 0.057500
25 0.469970 0.603869 0.064420 0.065000
25 0.524820 0.576339 0.046000 0.052083
25 0.618070 0.620655 0.090420 0.081845
25 0.447060 0.473884 0.039360 0.052649
25 0.427050 0.625551 0.051940 0.093006
25 0.485570 0.626265 0.073820 0.075565
25 0.180440 0.462976 0.044320 0.046012
