39 0.452094 0.609500 0.023656 0.120042
39 0.614500 0.546104 0.013781 0.071250
39 0.636813 0.543208 0.009750 0.058208
60 0.543422 0.747479 0.366187 0.398250
0 0.429063 0.539010 0.067156 0.155521
0 0.544312 0.536906 0.094000 0.157479
0 0.583422 0.500969 0.037094 0.072646
0 0.666586 0.510760 0.052734 0.072104
0 0.232555 0.733594 0.409641 0.435021
0 0.838688 0.541667 0.278719 0.639625
56 0.074156 0.813479 0.148313 0.076417
56 0.179000 0.738010 0.121344 0.193271
56 0.190852 0.659917 0.067359 0.119750
56 0.662359 0.608635 0.072594 0.040396
56 0.439055 0.857729 0.041266 0.161917
56 0.606703 0.943500 0.196844 0.113000
56 0.560180 0.854917 0.173016 0.265542
40 0.255750 0.926719 0.052438 0.123312
40 0.546734 0.661490 0.025812 0.068312
40 0.621563 0.627937 0.020344 0.056792
40 0.578000 0.617792 0.021844 0.052750
40 0.075031 0.886990 0.048094 0.139313
40 0.375875 0.613115 0.019094 0.055229
40 0.646648 0.556417 0.015547 0.029333
40 0.697602 0.546688 0.009391 0.022333
26 0.246906 0.888073 0.203938 0.141563
26 0.723258 0.589500 0.101234 0.389292
0 0.498906 0.498417 0.026750 0.051417
0 0.515953 0.504385 0.038000 0.065979
0 0.477219 0.522667 0.065781 0.116500
39 0.623352 0.541250 0.009922 0.055083
39 0.484000 0.612135 0.023500 0.117854
60 0.243508 0.900000 0.483109 0.168833
60 0.642977 0.574646 0.115047 0.061667
0 0.743633 0.492438 0.095359 0.267000
40 0.687945 0.565021 0.012328 0.030458
56 0.685727 0.858302 0.086484 0.156979
56 0.693102 0.639490 0.046109 0.046229
56 0.393102 0.592562 0.031672 0.051750
56 0.577023 0.615750 0.072734 0.023667
56 0.426781 0.607260 0.028281 0.019062
