0 0.773120 0.460520 0.168720 0.426480
0 0.911310 0.456800 0.127860 0.360267
0 0.628820 0.458773 0.076320 0.252907
0 0.471650 0.512747 0.043260 0.162080
0 0.441860 0.513507 0.043320 0.157573
0 0.548500 0.484307 0.038760 0.119973
0 0.570200 0.542827 0.065240 0.106560
0 0.309220 0.602533 0.090240 0.268000
30 0.797580 0.627560 0.159760 0.022907
0 0.708220 0.521053 0.038880 0.127600
0 0.508530 0.509040 0.051540 0.176480
30 0.328420 0.728093 0.151680 0.040347
30 0.775450 0.672373 0.324700 0.052800
30 0.377650 0.583093 0.105780 0.024213
