77 0.472104 0.446914 0.190875 0.164984
77 0.733552 0.248977 0.065146 0.067922
77 0.556917 0.632172 0.172833 0.159094
77 0.656906 0.598078 0.145104 0.097062
77 0.131750 0.598719 0.195833 0.167281
77 0.264219 0.814750 0.155063 0.171719
77 0.153427 0.865867 0.205312 0.185047
77 0.118271 0.703578 0.195917 0.159375
77 0.517250 0.241648 0.097083 0.097922
77 0.621229 0.245984 0.076417 0.095531
77 0.328656 0.607062 0.202979 0.190812
77 0.448500 0.647367 0.123792 0.150953
77 0.699698 0.597125 0.058146 0.091312
