0 0.428117 0.606585 0.376734 0.783216
0 0.069305 0.511784 0.136172 0.437371
0 0.269992 0.596631 0.261766 0.770775
0 0.947437 0.556831 0.103688 0.276573
26 0.604297 0.701127 0.137625 0.480892
26 0.193984 0.875540 0.119781 0.181221
26 0.941719 0.562277 0.040656 0.023146
13 0.944484 0.553685 0.109969 0.258779
0 0.741617 0.790681 0.063203 0.181033
0 0.677570 0.786221 0.082672 0.177606
24 0.264695 0.600516 0.067547 0.297512
28 0.092945 0.712758 0.110234 0.205188
28 0.092844 0.575599 0.048156 0.126972
28 0.662000 0.969413 0.199094 0.061174
