54 0.648273 0.332797 0.077984 0.090897
54 0.768383 0.355292 0.083109 0.093899
54 0.604680 0.395351 0.077922 0.089103
54 0.643727 0.623967 0.091766 0.092495
54 0.598039 0.686101 0.091047 0.089708
54 0.714063 0.420887 0.085469 0.101813
54 0.815188 0.294357 0.078312 0.085088
54 0.773516 0.282281 0.057656 0.058869
54 0.858930 0.231725 0.072234 0.084620
54 0.719969 0.341491 0.048625 0.058733
54 0.824414 0.443470 0.088609 0.104172
54 0.667320 0.419162 0.044141 0.090019
54 0.696898 0.273421 0.077891 0.098577
