16 0.752560 0.762057 0.048760 0.064835
0 0.667490 0.678273 0.062860 0.220210
0 0.159960 0.729610 0.067960 0.264685
37 0.677980 0.777402 0.201320 0.040571
37 0.165750 0.846832 0.116900 0.061952
8 0.794660 0.232252 0.020160 0.011592
8 0.856410 0.255751 0.008980 0.010060
8 0.101860 0.275015 0.027120 0.009850
8 0.820170 0.232838 0.020540 0.008078
8 0.902240 0.235435 0.019080 0.011171
8 0.965040 0.214459 0.032280 0.059790
8 0.995980 0.231502 0.008040 0.013934
24 0.160240 0.674159 0.048880 0.081471
8 0.938810 0.214880 0.018900 0.060811
8 0.353690 0.235691 0.008220 0.007718
24 0.686940 0.666201 0.017560 0.014565
8 0.846850 0.219910 0.024540 0.048889
