56 0.166670 0.543003 0.143180 0.235736
56 0.092980 0.551306 0.038360 0.033363
0 0.440670 0.498544 0.160260 0.487117
0 0.167330 0.541952 0.123100 0.242583
0 0.120110 0.415105 0.062380 0.203243
0 0.933030 0.552973 0.090460 0.134174
0 0.843070 0.462838 0.067300 0.197628
0 0.893560 0.445841 0.028680 0.154865
0 0.700830 0.523724 0.164620 0.583844
0 0.035170 0.403378 0.061380 0.164054
0 0.221760 0.513033 0.120960 0.192853
0 0.259860 0.409489 0.070360 0.154535
0 0.201710 0.379264 0.059980 0.118168
0 0.159560 0.378393 0.042720 0.105375
0 0.073200 0.418994 0.045600 0.207357
3 0.390500 0.569565 0.325840 0.530781
3 0.678720 0.691772 0.429520 0.507868
56 0.083370 0.552523 0.019740 0.012372
56 0.225220 0.576096 0.066040 0.106126
56 0.272230 0.499670 0.036260 0.041021
24 0.042520 0.631096 0.068960 0.097267
