58 0.364519 0.276641 0.347488 0.544219
0 0.685340 0.375844 0.243075 0.471906
0 0.910962 0.238063 0.176056 0.323875
0 0.970317 0.223820 0.059366 0.221297
25 0.667148 0.217219 0.339460 0.205813
10 0.096843 0.386266 0.155094 0.168250
2 0.257512 0.245812 0.515023 0.176063
2 0.199049 0.133594 0.154296 0.053844
2 0.294941 0.123367 0.099648 0.059484
2 0.402383 0.116937 0.063216 0.051906
26 0.595892 0.311828 0.101408 0.201625
26 0.784906 0.482281 0.080469 0.131000
2 0.456432 0.117859 0.061502 0.038156
2 0.657171 0.100633 0.195986 0.031516
2 0.805469 0.090625 0.028310 0.017125
0 0.880833 0.112008 0.040070 0.025641
2 0.509296 0.113039 0.072347 0.038578
