27 0.552773 0.244249 0.022203 0.041518
0 0.609266 0.352637 0.310063 0.458044
0 0.572328 0.501620 0.201656 0.231690
0 0.751516 0.649656 0.175187 0.391080
0 0.282641 0.768310 0.279875 0.395618
0 0.485758 0.814609 0.289422 0.348310
0 0.602898 0.624092 0.183391 0.189781
0 0.180938 0.326901 0.105062 0.117997
0 0.849055 0.817926 0.272484 0.339421
0 0.110852 0.615462 0.196234 0.407136
0 0.339914 0.478271 0.293922 0.516854
27 0.497992 0.848529 0.019984 0.027668
0 0.866445 0.538372 0.133734 0.283818
27 0.601063 0.645994 0.026969 0.031142
0 0.243773 0.919476 0.212641 0.135070
0 0.236477 0.546565 0.294172 0.440078
