0 0.547414 0.924495 0.066141 0.085376
0 0.813844 0.832171 0.022375 0.100493
0 0.982016 0.811725 0.021906 0.091150
0 0.867547 0.819847 0.015125 0.068192
0 0.897930 0.829953 0.015016 0.063521
0 0.371992 0.813580 0.028953 0.081667
0 0.883055 0.811843 0.017922 0.079319
0 0.540914 0.796854 0.026641 0.097465
33 0.758414 0.343897 0.015328 0.039953
33 0.693352 0.406444 0.019047 0.025657
33 0.462391 0.409401 0.020781 0.041009
33 0.433477 0.474249 0.019234 0.030845
33 0.626234 0.458756 0.019688 0.032535
33 0.142203 0.429718 0.008750 0.015775
33 0.473000 0.554225 0.017688 0.016948
0 0.347297 0.821948 0.014719 0.038263
0 0.258336 0.798415 0.006578 0.031385
33 0.176094 0.550786 0.013750 0.008850
33 0.149195 0.582136 0.007828 0.011455
33 0.145422 0.437547 0.008469 0.020023
33 0.331430 0.085340 0.013516 0.019977
33 0.853711 0.580200 0.018391 0.016080
33 0.925188 0.506620 0.011187 0.024601
0 0.278617 0.784542 0.007047 0.039507
0 0.925219 0.850340 0.047094 0.120023
0 0.461711 0.925035 0.047984 0.072089
