31 0.584038 0.717039 0.454085 0.089984
31 0.792077 0.282258 0.045376 0.141984
0 0.657582 0.478969 0.684836 0.532875
0 0.740857 0.272289 0.074531 0.164109
0 0.672805 0.169898 0.049883 0.049391
0 0.088603 0.252664 0.062089 0.049297
0 0.143110 0.234531 0.066408 0.060969
0 0.680540 0.219328 0.059014 0.073938
0 0.262359 0.210602 0.046831 0.076266
0 0.378873 0.175328 0.035587 0.068594
30 0.511843 0.255625 0.052230 0.004469
30 0.658439 0.121984 0.015657 0.005469
0 0.540469 0.206703 0.063005 0.100906
0 0.968662 0.012391 0.014554 0.021937
0 0.108967 0.244172 0.054272 0.045937
0 0.652277 0.098320 0.023897 0.052391
0 0.765998 0.199383 0.029460 0.067016
30 0.990646 0.374680 0.016972 0.014703
