27 0.484383 0.772485 0.023641 0.239318
0 0.405305 0.772573 0.159234 0.454854
0 0.548141 0.749805 0.172687 0.475400
0 0.782398 0.813109 0.210797 0.353509
0 0.649359 0.625156 0.095469 0.132573
0 0.862430 0.805322 0.136891 0.368538
0 0.854453 0.610429 0.057344 0.106706
26 0.339891 0.873012 0.109062 0.226764
26 0.559758 0.799649 0.144109 0.247251
40 0.865281 0.555370 0.015125 0.036277
40 0.810055 0.562710 0.022641 0.049630
40 0.784211 0.565166 0.019359 0.048265
40 0.730297 0.569951 0.022031 0.052105
40 0.702453 0.568168 0.023594 0.054971
40 0.835703 0.558752 0.018406 0.040975
41 0.950164 0.783509 0.020234 0.058402
41 0.872141 0.780536 0.038562 0.068129
60 0.918219 0.902144 0.163562 0.193606
40 0.756219 0.567554 0.022281 0.054561
24 0.562484 0.808304 0.139562 0.228382
