19 0.373594 0.622991 0.040875 0.065981
19 0.509859 0.641974 0.076938 0.085584
19 0.474672 0.574404 0.034344 0.068014
19 0.702172 0.627313 0.047438 0.067290
19 0.753578 0.621215 0.059969 0.071262
19 0.431258 0.540864 0.024172 0.053551
19 0.182359 0.598388 0.077875 0.072710
19 0.347977 0.565584 0.029766 0.062523
19 0.412078 0.572535 0.517156 0.218014
19 0.370703 0.475152 0.028125 0.037687
19 0.327594 0.477909 0.023281 0.025491
19 0.335812 0.524766 0.020250 0.031449
19 0.575078 0.489439 0.044562 0.046075
