67 0.767031 0.570129 0.147500 0.122840
60 0.504484 0.668545 0.991031 0.613474
60 0.817789 0.292793 0.235359 0.130610
0 0.715234 0.188638 0.148844 0.348732
0 0.211125 0.185986 0.044438 0.241549
0 0.942180 0.141831 0.113641 0.211033
41 0.253711 0.440798 0.119391 0.278028
45 0.914648 0.453709 0.091391 0.074648
45 0.769984 0.462606 0.106438 0.090469
63 0.495859 0.517969 0.554938 0.622465
24 0.134617 0.132512 0.049328 0.094601
58 0.367844 0.123779 0.163125 0.247559
73 0.481789 0.088369 0.007547 0.055423
73 0.503094 0.090798 0.016938 0.055775
73 0.490437 0.090211 0.011062 0.056573
0 0.134000 0.171362 0.069000 0.247465
39 0.852344 0.419484 0.065687 0.184413
39 0.826719 0.394284 0.052469 0.142230
73 0.535305 0.087148 0.006328 0.056596
