0 0.659312 0.525554 0.084844 0.482909
0 0.864227 0.495332 0.110391 0.530776
0 0.184867 0.551676 0.235984 0.749446
0 0.200930 0.495305 0.076047 0.594986
38 0.590078 0.580762 0.110656 0.100360
38 0.810242 0.695623 0.039203 0.145762
38 0.187062 0.259169 0.041375 0.116399
38 0.381359 0.463006 0.102625 0.068449
0 0.308719 0.520512 0.090375 0.535540
38 0.305688 0.543199 0.039344 0.075485
38 0.288922 0.377271 0.032406 0.110222
0 0.363281 0.491773 0.097531 0.565152
2 0.490859 0.337964 0.224406 0.192050
