27 0.444093 0.368150 0.091067 0.042620
56 0.608160 0.172390 0.428640 0.344660
77 0.220507 0.731050 0.231680 0.509380
77 0.093693 0.424280 0.181680 0.302920
77 0.463640 0.432360 0.227333 0.343960
77 0.700000 0.478210 0.300960 0.363500
77 0.895227 0.556090 0.209547 0.396220
77 0.153747 0.412470 0.116720 0.142700
77 0.690973 0.549830 0.098747 0.099540
77 0.110307 0.225320 0.179707 0.184320
77 0.031373 0.353780 0.062747 0.350360
77 0.286013 0.402440 0.201680 0.346200
56 0.133813 0.115000 0.267627 0.230000
