0 0.864086 0.780831 0.085172 0.315855
0 0.721648 0.839965 0.052328 0.090000
0 0.760203 0.804496 0.024813 0.058689
0 0.877250 0.831768 0.147469 0.149251
0 0.706430 0.783115 0.026953 0.050492
0 0.126961 0.739368 0.017797 0.107447
0 0.396305 0.781838 0.021547 0.047939
25 0.740383 0.625960 0.242016 0.122412
25 0.647602 0.743162 0.089359 0.104169
33 0.486648 0.248583 0.049578 0.058337
33 0.637922 0.506183 0.045094 0.093208
33 0.558414 0.369590 0.025672 0.025410
33 0.250695 0.617049 0.035297 0.019063
33 0.230008 0.382424 0.055891 0.053466
33 0.088398 0.534532 0.015547 0.015340
33 0.145391 0.567436 0.025500 0.033700
33 0.558469 0.551674 0.014875 0.016885
33 0.555352 0.598934 0.010797 0.012436
33 0.557078 0.853770 0.101000 0.042295
33 0.494016 0.295457 0.013000 0.029227
0 0.161156 0.755703 0.019406 0.058197
0 0.177125 0.769801 0.035594 0.064614
25 0.518789 0.750457 0.049391 0.028782
25 0.692187 0.758150 0.053125 0.026089
25 0.560398 0.777881 0.011484 0.029063
25 0.473180 0.761569 0.042078 0.059016
25 0.776836 0.711230 0.192078 0.121897
33 0.575141 0.722998 0.013469 0.023841
56 0.813633 0.783911 0.048641 0.077424
0 0.654695 0.788665 0.013359 0.020937
0 0.632805 0.792459 0.017922 0.029180
0 0.615156 0.794719 0.010906 0.017541
0 0.684711 0.787881 0.017016 0.039836
33 0.058148 0.387319 0.027703 0.028689
