4 0.464438 0.479401 0.833156 0.343826
0 0.553867 0.624941 0.032547 0.100305
0 0.579133 0.616526 0.016109 0.082676
0 0.635078 0.624284 0.011375 0.071901
0 0.612320 0.616244 0.020234 0.090986
0 0.664187 0.628380 0.011875 0.070094
0 0.685195 0.622042 0.025266 0.099718
0 0.722352 0.617477 0.021172 0.115563
0 0.964969 0.624859 0.014344 0.078451
0 0.901336 0.601655 0.013391 0.045376
0 0.735547 0.662019 0.021031 0.095540
0 0.797953 0.631819 0.018563 0.049977
0 0.593078 0.613732 0.019688 0.093333
0 0.761398 0.635939 0.038828 0.140845
