0 0.376719 0.465094 0.084937 0.148595
56 0.047141 0.666593 0.093281 0.077681
75 0.189664 0.870785 0.112453 0.258431
75 0.355336 0.843817 0.110953 0.285386
75 0.458031 0.788759 0.061469 0.220234
75 0.506766 0.846066 0.086969 0.235972
75 0.631242 0.729742 0.063547 0.226932
75 0.693937 0.706101 0.041875 0.150890
75 0.712531 0.617951 0.055719 0.269297
75 0.742437 0.597881 0.033063 0.234496
75 0.784148 0.619297 0.035891 0.116159
75 0.567320 0.690141 0.081859 0.417611
75 0.666656 0.642342 0.049750 0.330445
75 0.736461 0.665644 0.028172 0.134754
58 0.068180 0.546288 0.055453 0.105316
