2 0.160680 0.303760 0.215360 0.154507
2 0.951480 0.333573 0.083560 0.073973
5 0.980900 0.237827 0.037080 0.134853
0 0.366530 0.409453 0.060900 0.237680
0 0.521710 0.410840 0.063980 0.235280
9 0.054570 0.123147 0.035220 0.169227
0 0.342580 0.295547 0.024840 0.092800
0 0.369720 0.308493 0.069760 0.126320
0 0.506020 0.388240 0.026200 0.097653
0 0.831240 0.276347 0.041200 0.048373
2 0.924910 0.269693 0.050460 0.059173
0 0.293200 0.346133 0.060560 0.269813
0 0.452510 0.426373 0.069500 0.200960
7 0.115100 0.327960 0.222760 0.178213
2 0.913520 0.362387 0.014720 0.061040
2 0.789730 0.279627 0.040780 0.024427
2 0.846130 0.266453 0.037260 0.048213
5 0.605060 0.241827 0.310720 0.279813
