34 0.108875 0.480792 0.057969 0.184875
35 0.615203 0.803854 0.054250 0.071208
0 0.262672 0.703833 0.258437 0.551792
0 0.686695 0.801615 0.200109 0.329521
0 0.881406 0.727823 0.175125 0.544354
0 0.767813 0.214667 0.072469 0.138583
0 0.605859 0.186750 0.065156 0.131833
0 0.531477 0.159875 0.067766 0.119375
0 0.458516 0.145510 0.034875 0.095271
0 0.968539 0.029208 0.062922 0.058417
0 0.346352 0.128094 0.082578 0.107854
0 0.283055 0.119396 0.071172 0.112667
0 0.873031 0.021344 0.057313 0.042687
0 0.919570 0.026948 0.060047 0.050396
0 0.681766 0.186875 0.112469 0.199875
