8 0.503891 0.577700 0.047438 0.024977
8 0.578156 0.582066 0.054594 0.025915
8 0.681555 0.583028 0.131453 0.041549
8 0.930461 0.631444 0.139078 0.065563
0 0.208937 0.613228 0.417875 0.746643
0 0.835703 0.475728 0.030406 0.122770
0 0.878016 0.473838 0.027062 0.126502
0 0.752172 0.492371 0.020188 0.098732
25 0.711281 0.505141 0.075875 0.073427
25 0.911211 0.348192 0.115109 0.046479
58 0.831570 0.574331 0.123859 0.099601
8 0.487086 0.898862 0.187922 0.202277
8 0.824164 0.614319 0.158578 0.073897
25 0.870844 0.443157 0.115219 0.176784
25 0.555039 0.532934 0.044766 0.030845
0 0.897055 0.487101 0.018203 0.104812
0 0.965219 0.406362 0.027594 0.041831
0 0.634758 0.551291 0.042328 0.044085
0 0.538273 0.530082 0.006297 0.011854
0 0.449148 0.550692 0.006266 0.032512
0 0.711445 0.540070 0.022484 0.035915
8 0.444281 0.572770 0.035250 0.027136
25 0.573586 0.518322 0.028141 0.016737
0 0.926141 0.458345 0.036187 0.154437
0 0.861258 0.493615 0.013266 0.082911
25 0.534422 0.509096 0.019031 0.018615
