39 0.894945 0.557292 0.028297 0.111125
56 0.069258 0.528156 0.138516 0.067562
56 0.192789 0.509740 0.025859 0.061312
56 0.948914 0.551167 0.071766 0.083958
56 0.673367 0.529677 0.025203 0.070729
0 0.441547 0.456323 0.112156 0.190896
0 0.261516 0.463198 0.161750 0.176938
0 0.629383 0.473719 0.090984 0.172104
41 0.402891 0.652469 0.054562 0.078437
63 0.771727 0.539135 0.129922 0.096729
63 0.253984 0.524948 0.092031 0.070021
63 0.579852 0.524271 0.123578 0.092542
63 0.392328 0.525292 0.114250 0.077125
56 0.508055 0.520250 0.037297 0.072375
0 0.853195 0.473208 0.143734 0.248167
0 0.112516 0.466083 0.089469 0.173042
39 0.494148 0.534302 0.018953 0.040063
