74 0.549812 0.341578 0.224708 0.170781
0 0.643948 0.816352 0.039146 0.106766
0 0.945156 0.808117 0.069104 0.162328
0 0.560583 0.816773 0.057333 0.103047
0 0.621333 0.813930 0.029958 0.115172
0 0.745792 0.812156 0.064542 0.115875
24 0.606906 0.811875 0.043146 0.047563
24 0.771021 0.836094 0.017583 0.018531
0 0.413542 0.846641 0.035542 0.043875
0 0.018802 0.869125 0.037604 0.088406
0 0.805000 0.833953 0.077292 0.067625
0 0.631125 0.772312 0.010833 0.016406
0 0.592938 0.823641 0.041542 0.093437
0 0.408281 0.815586 0.027396 0.067484
0 0.837167 0.814086 0.019875 0.034391
