1 0.688758 0.714668 0.065703 0.135781
2 0.632141 0.631894 0.182062 0.189236
2 0.060891 0.697674 0.121781 0.277209
3 0.495898 0.628306 0.051078 0.124784
5 0.041219 0.486528 0.082437 0.267409
3 0.367977 0.665698 0.080109 0.125017
3 0.442219 0.627143 0.055344 0.095748
7 0.100750 0.559419 0.045750 0.144153
0 0.367727 0.603372 0.049422 0.194186
0 0.445711 0.593256 0.041766 0.139070
0 0.684063 0.611595 0.053344 0.271827
0 0.823641 0.594219 0.038969 0.142924
0 0.268797 0.585714 0.022437 0.077940
0 0.206953 0.575615 0.018781 0.067907
0 0.152336 0.585349 0.019359 0.088638
0 0.180633 0.580831 0.027422 0.105050
0 0.136953 0.579801 0.016156 0.111495
1 0.821172 0.647691 0.041563 0.102492
0 0.187242 0.573189 0.008672 0.072226
0 0.496891 0.599103 0.039969 0.144186
2 0.831461 0.595847 0.080516 0.087841
2 0.149070 0.588920 0.037734 0.064286
3 0.820133 0.660880 0.043078 0.081694
3 0.495148 0.651711 0.045797 0.093123
3 0.753695 0.607326 0.033266 0.065216
0 0.752828 0.568405 0.016844 0.055947
0 0.475297 0.573488 0.013750 0.068837
3 0.206141 0.598920 0.018250 0.052990
