19 0.193711 0.537106 0.086984 0.130567
19 0.443008 0.551933 0.126953 0.164458
19 0.550156 0.558177 0.073344 0.205567
19 0.710625 0.518781 0.081094 0.109581
19 0.628750 0.543411 0.104750 0.160222
19 0.495414 0.549446 0.083359 0.159778
19 0.030734 0.555431 0.060562 0.162882
2 0.768078 0.633337 0.463844 0.466675
5 0.571867 0.407315 0.356734 0.159409
0 0.381508 0.527796 0.087484 0.245690
0 0.925102 0.516576 0.149797 0.154089
0 0.118969 0.493781 0.020000 0.091552
0 0.135141 0.499963 0.013187 0.068547
0 0.143891 0.494877 0.012969 0.079015
19 0.053414 0.541810 0.075172 0.165739
0 0.255547 0.463239 0.018563 0.047365
0 0.226367 0.467106 0.012578 0.031158
19 0.269391 0.544803 0.103625 0.133498
