3 0.372490 0.732102 0.053979 0.070672
0 0.324177 0.837562 0.152354 0.185688
0 0.209906 0.743188 0.049979 0.127062
0 0.352031 0.697781 0.033229 0.078594
0 0.679813 0.714773 0.077083 0.118609
0 0.487271 0.698609 0.047333 0.088250
0 0.449781 0.706594 0.065187 0.098062
0 0.438594 0.656984 0.017021 0.026500
0 0.475135 0.651602 0.018396 0.024266
0 0.538021 0.897469 0.404167 0.205063
0 0.052656 0.797336 0.105312 0.225953
0 0.142219 0.758594 0.127354 0.193594
24 0.218958 0.781195 0.029958 0.046109
26 0.105563 0.944219 0.047542 0.090500
26 0.052156 0.832664 0.065854 0.115359
0 0.702500 0.786250 0.093917 0.155531
26 0.952333 0.750820 0.051917 0.095891
0 0.841000 0.758977 0.070000 0.118141
3 0.234937 0.713914 0.048750 0.073953
