3 0.725422 0.582740 0.026438 0.039813
0 0.715266 0.553573 0.052406 0.096771
2 0.628852 0.669042 0.254547 0.260917
2 0.360742 0.552344 0.109984 0.114396
2 0.202273 0.467229 0.056203 0.054917
2 0.250766 0.456052 0.029469 0.032271
2 0.406273 0.443167 0.029047 0.034917
2 0.695164 0.440906 0.018891 0.023146
2 0.156688 0.552052 0.122281 0.113896
2 0.319539 0.458490 0.038109 0.041021
2 0.594555 0.527854 0.092703 0.049458
2 0.466227 0.440344 0.033641 0.010813
2 0.430336 0.444531 0.020766 0.018937
2 0.679953 0.437250 0.016938 0.029833
