25 0.290078 0.456390 0.064625 0.046612
56 0.160164 0.506893 0.037141 0.033738
0 0.495289 0.631227 0.102453 0.410023
0 0.177258 0.505222 0.030672 0.047967
0 0.256055 0.487874 0.012734 0.052757
0 0.213953 0.456262 0.005938 0.027056
0 0.202094 0.508516 0.020938 0.027687
0 0.217570 0.501589 0.017797 0.042523
0 0.282680 0.505164 0.013391 0.030047
0 0.795273 0.434381 0.004297 0.014603
0 0.281508 0.490491 0.011266 0.021636
0 0.200211 0.450607 0.005266 0.010748
0 0.788000 0.436799 0.006531 0.016495
25 0.354766 0.445210 0.019312 0.009720
25 0.403023 0.451437 0.014391 0.018341
25 0.388375 0.451121 0.015250 0.022804
33 0.318555 0.408423 0.625266 0.540678
25 0.324078 0.451016 0.026375 0.015257
