72 0.307941 0.546945 0.207647 0.477391
56 0.771200 0.497039 0.046682 0.063109
0 0.199659 0.634461 0.365482 0.707859
0 0.618788 0.467812 0.107506 0.205031
26 0.727294 0.440305 0.075529 0.087391
26 0.036235 0.589625 0.072471 0.066969
45 0.438741 0.304570 0.043506 0.023422
56 0.976988 0.474734 0.046024 0.020844
71 0.930494 0.568023 0.139012 0.039016
0 0.985376 0.422352 0.029247 0.062891
0 0.861824 0.440906 0.122800 0.194344
45 0.480129 0.310922 0.031647 0.007031
45 0.479918 0.317859 0.029388 0.009656
45 0.457741 0.307086 0.013882 0.010047
69 0.553318 0.548172 0.100800 0.123781
67 0.185718 0.415094 0.021647 0.022312
0 0.699812 0.474641 0.149365 0.241812
