39 0.819805 0.537225 0.015203 0.067799
39 0.766484 0.568513 0.038375 0.097307
69 0.254367 0.646475 0.163391 0.314215
71 0.601336 0.518044 0.186141 0.040258
41 0.729867 0.588817 0.025109 0.044098
43 0.073031 0.445831 0.016906 0.030960
44 0.142234 0.431499 0.013406 0.038126
39 0.083781 0.482529 0.009938 0.038454
43 0.080297 0.417400 0.008438 0.027073
43 0.070516 0.431745 0.010656 0.030234
43 0.083664 0.446967 0.009953 0.040211
43 0.064680 0.432400 0.018016 0.061054
43 0.070695 0.421054 0.009203 0.025433
43 0.089383 0.416370 0.005891 0.021405
76 0.648797 0.606042 0.076000 0.021077
