17 0.374359 0.542319 0.157594 0.609180
17 0.509016 0.543103 0.080531 0.480585
17 0.679383 0.578489 0.136297 0.606440
2 0.813391 0.519239 0.150812 0.335340
5 0.154375 0.409133 0.308750 0.580141
0 0.408383 0.371909 0.129078 0.429438
0 0.521953 0.391920 0.121031 0.351475
0 0.733734 0.388899 0.075938 0.362670
0 0.968219 0.370831 0.032719 0.093653
2 0.955914 0.547459 0.086891 0.321522
9 0.515805 0.201698 0.026422 0.086393
9 0.538234 0.164625 0.043719 0.141335
9 0.344203 0.193349 0.033156 0.099391
9 0.277078 0.146874 0.040844 0.105129
27 0.673297 0.233419 0.008812 0.023841
0 0.873219 0.339169 0.030062 0.034965
0 0.256836 0.359333 0.028516 0.059977
0 0.155781 0.348466 0.056781 0.084379
0 0.967141 0.632646 0.065719 0.486651
2 0.799984 0.329941 0.084750 0.050234
2 0.831102 0.290117 0.113672 0.061733
2 0.957867 0.399110 0.084266 0.204778
67 0.954187 0.776815 0.022312 0.034988
0 0.926273 0.286885 0.017422 0.049227
27 0.381055 0.247904 0.008234 0.017541
0 0.672375 0.373478 0.183312 0.488220
