32 0.413469 0.518091 0.015344 0.016183
35 0.066438 0.359403 0.031031 0.046487
35 0.584047 0.645597 0.039000 0.052084
0 0.457680 0.399075 0.072453 0.289953
0 0.101406 0.464368 0.106969 0.375761
0 0.976094 0.495211 0.047813 0.278009
0 0.504516 0.683150 0.289375 0.417963
0 0.740617 0.288431 0.075141 0.151569
0 0.309109 0.230749 0.057125 0.160562
0 0.085969 0.238630 0.071469 0.148080
0 0.157148 0.251557 0.038641 0.065035
0 0.200148 0.215129 0.062703 0.147119
0 0.271813 0.289813 0.036125 0.074567
0 0.131188 0.156604 0.045500 0.073958
0 0.881500 0.231417 0.064031 0.104614
0 0.661727 0.244368 0.048266 0.086534
