38 0.571234 0.830340 0.143937 0.276417
38 0.544828 0.820632 0.158469 0.308197
0 0.604047 0.645843 0.158125 0.605691
0 0.771383 0.632588 0.229391 0.617963
0 0.467031 0.643443 0.196406 0.595504
0 0.911578 0.504496 0.140937 0.725855
0 0.670336 0.360375 0.120734 0.409649
0 0.106445 0.505621 0.161922 0.786511
0 0.501422 0.377763 0.119156 0.391358
0 0.414672 0.260960 0.108594 0.238876
0 0.345477 0.534941 0.120109 0.693302
0 0.237859 0.400445 0.129875 0.493864
0 0.281117 0.685398 0.154422 0.624707
0 0.571016 0.259731 0.095312 0.202600
0 0.804086 0.427272 0.131703 0.537681
