0 0.430875 0.944195 0.072750 0.111609
0 0.369208 0.939086 0.074750 0.100891
0 0.513344 0.951539 0.059271 0.096922
0 0.477094 0.929953 0.033563 0.067750
9 0.608344 0.616367 0.064021 0.126516
9 0.768552 0.867297 0.010771 0.017281
2 0.781437 0.963141 0.156542 0.072250
2 0.845323 0.968406 0.220896 0.063187
2 0.963583 0.949844 0.072833 0.100312
0 0.911021 0.930219 0.035500 0.044719
0 0.881031 0.908633 0.015146 0.017234
0 0.856677 0.906070 0.013729 0.018734
2 0.853656 0.931914 0.118438 0.038234
2 0.766250 0.915516 0.064875 0.029719
2 0.940250 0.915914 0.038667 0.023859
2 0.712562 0.930820 0.018083 0.021984
2 0.633208 0.910492 0.040792 0.022016
0 0.491812 0.910305 0.020750 0.028172
0 0.864885 0.908359 0.010146 0.015125
0 0.458615 0.902180 0.017646 0.011547
0 0.464271 0.934914 0.039917 0.058953
2 0.622979 0.933711 0.058875 0.029547
