39 0.140227 0.683042 0.070922 0.201250
39 0.841727 0.034073 0.019516 0.061104
57 0.533062 0.580646 0.933875 0.821500
56 0.101734 0.297094 0.203469 0.387896
65 0.222883 0.515260 0.034078 0.044271
65 0.296813 0.447333 0.070813 0.066500
65 0.271844 0.507271 0.020719 0.040958
66 0.198687 0.464510 0.185406 0.058104
15 0.077961 0.371281 0.090734 0.065396
73 0.015094 0.059417 0.030187 0.103125
73 0.053953 0.063021 0.027406 0.087917
73 0.028016 0.195771 0.022531 0.090875
73 0.073289 0.060802 0.032391 0.084146
73 0.019938 0.198583 0.026500 0.087417
73 0.064039 0.062062 0.022797 0.087958
73 0.090562 0.059729 0.022937 0.082000
73 0.044883 0.062708 0.027297 0.088625
0 0.436094 0.421063 0.341281 0.525292
0 0.422312 0.421177 0.124719 0.122104
56 0.375836 0.150604 0.059453 0.044875
73 0.013016 0.199542 0.025781 0.085083
73 0.033359 0.192344 0.016719 0.079937
73 0.030555 0.066563 0.024797 0.088750
73 0.038937 0.178271 0.014656 0.054208
39 0.796758 0.043573 0.011891 0.064062
