39 0.199266 0.272119 0.064000 0.163302
39 0.247398 0.286323 0.049984 0.153349
39 0.290672 0.302916 0.032906 0.120632
0 0.097234 0.681511 0.188500 0.614356
0 0.513344 0.684766 0.280469 0.475714
0 0.569422 0.575913 0.223594 0.309344
0 0.886344 0.539122 0.148094 0.320632
43 0.328859 0.660222 0.030781 0.139883
43 0.281438 0.658700 0.018812 0.128033
43 0.265328 0.684754 0.027906 0.173536
43 0.307508 0.665117 0.020703 0.140351
43 0.197625 0.675667 0.013719 0.134801
43 0.293945 0.677518 0.020234 0.156159
43 0.237461 0.675691 0.021516 0.147869
43 0.206234 0.698993 0.019781 0.170211
41 0.348695 0.338958 0.038734 0.071311
41 0.374742 0.534333 0.042297 0.075410
45 0.248031 0.820960 0.105781 0.039016
72 0.724086 0.561991 0.080391 0.253864
0 0.795820 0.600316 0.164797 0.295948
43 0.188398 0.686628 0.009859 0.076815
43 0.222992 0.682892 0.015891 0.149906
45 0.765086 0.794532 0.230734 0.153560
45 0.289500 0.911557 0.132625 0.066815
45 0.145672 0.571066 0.038531 0.030796
45 0.338797 0.841276 0.098219 0.055433
45 0.243938 0.867225 0.120875 0.060398
45 0.380906 0.871019 0.094281 0.068970
45 0.332703 0.796710 0.086594 0.033560
39 0.369102 0.331569 0.021453 0.094473
39 0.317492 0.325246 0.023609 0.088571
0 0.690727 0.639087 0.112266 0.177939
39 0.164531 0.270527 0.037719 0.140211
