20 0.360898 0.622750 0.721797 0.707208
0 0.605977 0.320042 0.038203 0.106958
0 0.696883 0.382010 0.091203 0.131312
0 0.426992 0.172865 0.091266 0.132229
0 0.932305 0.844948 0.135391 0.287646
0 0.255070 0.923010 0.095953 0.153979
0 0.639437 0.958562 0.066312 0.081958
0 0.736523 0.986927 0.039672 0.026146
0 0.552727 0.283750 0.043016 0.104833
0 0.179820 0.969500 0.061734 0.059458
25 0.620773 0.255635 0.454391 0.355854
0 0.729547 0.971417 0.074344 0.057167
0 0.029203 0.970240 0.058406 0.059521
0 0.103070 0.961187 0.053422 0.068083
0 0.394203 0.953896 0.167031 0.092208
