15 0.548477 0.453829 0.565016 0.774778
0 0.310289 0.432834 0.067453 0.242482
0 0.227406 0.429239 0.101688 0.360867
0 0.367141 0.370105 0.073625 0.169719
73 0.890422 0.671230 0.219156 0.084614
73 0.897086 0.611593 0.205828 0.060468
73 0.824500 0.482084 0.120406 0.149836
73 0.744117 0.618501 0.063359 0.062061
73 0.757570 0.732717 0.104141 0.038735
26 0.196188 0.367681 0.070906 0.130539
73 0.876633 0.363970 0.107828 0.113326
73 0.902219 0.296932 0.122344 0.025246
73 0.836547 0.164368 0.086719 0.055621
73 0.410242 0.466534 0.071453 0.014379
26 0.366938 0.399977 0.041438 0.048478
73 0.605562 0.887459 0.403438 0.095199
73 0.758039 0.597553 0.073172 0.058431
73 0.835367 0.058384 0.078109 0.073068
73 0.884672 0.485714 0.105719 0.187026
