25 0.653039 0.304823 0.063516 0.026229
25 0.750633 0.298896 0.047391 0.028083
67 0.830500 0.799948 0.126875 0.061521
41 0.609266 0.784771 0.109563 0.133542
0 0.851406 0.544948 0.297187 0.887646
0 0.182867 0.637083 0.358984 0.698875
0 0.600844 0.530344 0.106187 0.355063
41 0.385953 0.934979 0.192125 0.094375
0 0.715547 0.540698 0.088188 0.335521
0 0.467695 0.579771 0.483703 0.840458
0 0.667984 0.516292 0.034687 0.198292
0 0.733359 0.475708 0.105594 0.231917
0 0.281344 0.509615 0.069219 0.118479
0 0.257758 0.502417 0.027141 0.081750
0 0.638781 0.489490 0.058094 0.171646
0 0.614313 0.417500 0.023031 0.040000
0 0.648055 0.423927 0.009328 0.035104
0 0.813820 0.439708 0.083891 0.178333
