39 0.709328 0.255958 0.045687 0.250542
39 0.782664 0.245198 0.056672 0.246854
39 0.848133 0.243406 0.054766 0.244312
39 0.906906 0.257031 0.052531 0.243354
39 0.602547 0.258042 0.049562 0.201958
39 0.647914 0.274333 0.054391 0.293750
0 0.391078 0.489563 0.260719 0.979125
0 0.506805 0.375510 0.166672 0.736979
0 0.125281 0.528729 0.247969 0.942417
0 0.250281 0.524719 0.089312 0.757312
40 0.516617 0.344437 0.046203 0.145750
0 0.114430 0.110417 0.056516 0.101042
39 0.951656 0.261792 0.049531 0.233500
60 0.819383 0.778656 0.361234 0.420229
40 0.486750 0.219417 0.034875 0.069125
0 0.061125 0.453437 0.122250 0.906875
0 0.404188 0.241208 0.051875 0.131875
39 0.630273 0.220052 0.016234 0.116521
60 0.717859 0.494812 0.555187 0.984417
