0 0.446836 0.582956 0.215922 0.659182
0 0.145070 0.591565 0.124984 0.562056
0 0.076641 0.517605 0.153281 0.447173
0 0.551531 0.587640 0.156281 0.600000
30 0.856508 0.846694 0.237359 0.024509
30 0.598750 0.890619 0.300219 0.037266
30 0.171477 0.865023 0.342953 0.070421
0 0.771500 0.523960 0.118625 0.582266
0 0.526586 0.038855 0.025891 0.077710
0 0.306594 0.578855 0.091688 0.519439
0 0.507523 0.368738 0.084547 0.185654
0 0.734484 0.497804 0.147156 0.501869
0 0.327945 0.300701 0.045359 0.073925
0 0.254602 0.360502 0.048078 0.141659
30 0.622195 0.781414 0.184734 0.039883
30 0.112852 0.920164 0.211141 0.058692
0 0.647953 0.328131 0.038969 0.153972
30 0.439805 0.808972 0.076672 0.016729
0 0.903633 0.520280 0.177234 0.631168
30 0.602180 0.850689 0.367453 0.054276
30 0.525695 0.081928 0.023172 0.014556
30 0.403703 0.921484 0.462719 0.048621
30 0.311570 0.880537 0.060797 0.015514
30 0.779906 0.813189 0.221906 0.029883
30 0.841523 0.760210 0.129797 0.016495
30 0.311102 0.842290 0.292078 0.034579
