39 0.747781 0.684417 0.022656 0.093292
56 0.520266 0.580042 0.093000 0.161500
41 0.616688 0.749229 0.016219 0.028625
13 0.611211 0.755625 0.507672 0.063583
41 0.600469 0.750594 0.017313 0.028479
41 0.650961 0.748250 0.013234 0.027417
41 0.446234 0.746885 0.015625 0.027979
41 0.478570 0.743385 0.024609 0.020896
41 0.558148 0.749292 0.014391 0.032667
41 0.595969 0.747000 0.013562 0.028542
45 0.564539 0.793510 0.033797 0.037146
41 0.635023 0.743854 0.012047 0.034917
41 0.577227 0.747583 0.016984 0.025458
41 0.553391 0.729135 0.016563 0.038979
41 0.601836 0.723115 0.009359 0.017729
41 0.626602 0.730542 0.007797 0.010583
41 0.611047 0.725427 0.007844 0.013021
45 0.357305 0.581323 0.034547 0.031688
