0 0.459141 0.294801 0.229625 0.366885
0 0.131781 0.594251 0.076812 0.329578
0 0.208891 0.565293 0.019156 0.068384
0 0.228406 0.565457 0.010844 0.069227
0 0.672977 0.791405 0.269266 0.251101
0 0.062133 0.607389 0.030484 0.116042
0 0.024656 0.591932 0.044812 0.158852
36 0.732617 0.883220 0.201016 0.095059
0 0.359602 0.557904 0.017703 0.085644
0 0.186164 0.561827 0.017234 0.077518
0 0.098898 0.575527 0.017109 0.069461
0 0.076438 0.589707 0.025438 0.130234
0 0.045414 0.556920 0.008234 0.025316
0 0.169164 0.575644 0.006797 0.052037
