56 0.298300 0.564093 0.033920 0.057040
0 0.093800 0.770253 0.071800 0.203813
0 0.897470 0.543827 0.035380 0.112347
0 0.154530 0.534373 0.024620 0.036160
0 0.265820 0.463907 0.017800 0.045467
0 0.680460 0.445467 0.033400 0.036160
0 0.661090 0.228387 0.025500 0.044080
0 0.737740 0.258680 0.020920 0.054587
0 0.514880 0.503813 0.025280 0.083147
0 0.714230 0.496947 0.028620 0.078053
0 0.317460 0.548933 0.055560 0.092587
0 0.802800 0.200427 0.014120 0.028587
0 0.804090 0.292693 0.024540 0.036160
0 0.724050 0.422080 0.022700 0.036267
38 0.120570 0.744747 0.018140 0.038560
