0 0.351194 0.327500 0.102108 0.110219
0 0.231124 0.361328 0.080937 0.221156
0 0.184192 0.359711 0.075363 0.250078
0 0.142705 0.346508 0.054450 0.146641
0 0.064145 0.404859 0.125293 0.336531
52 0.206874 0.542773 0.069485 0.036109
0 0.122775 0.269992 0.040492 0.041547
24 0.344766 0.320063 0.017494 0.038094
0 0.473220 0.578656 0.616370 0.820219
0 0.820867 0.627078 0.315691 0.610656
0 0.833478 0.289555 0.236464 0.230172
0 0.676054 0.300953 0.204286 0.169875
0 0.959824 0.333820 0.073747 0.091453
41 0.033244 0.328625 0.033700 0.035219
