56 0.044812 0.118806 0.089625 0.237611
56 0.096141 0.129556 0.059937 0.204556
60 0.589039 0.798500 0.561234 0.379778
60 0.853930 0.528833 0.292141 0.370778
0 0.411492 0.462083 0.296984 0.924167
0 0.634820 0.214792 0.107359 0.429417
40 0.798992 0.512986 0.023953 0.092861
43 0.466352 0.650431 0.046641 0.163694
55 0.515242 0.782222 0.186547 0.248056
13 0.724273 0.203569 0.119266 0.173917
40 0.930539 0.388333 0.021516 0.087167
40 0.819430 0.580125 0.024297 0.087972
40 0.987086 0.400681 0.021672 0.064917
40 0.833898 0.557694 0.021203 0.069833
40 0.810648 0.498458 0.023047 0.089806
40 0.843328 0.494639 0.017844 0.059000
40 0.861969 0.503097 0.015125 0.052917
40 0.857727 0.560000 0.019609 0.077556
40 0.954844 0.409500 0.016406 0.058833
0 0.951227 0.103931 0.070203 0.207861
40 0.820102 0.518847 0.020141 0.034306
40 0.901891 0.506722 0.018656 0.080111
60 0.887414 0.291042 0.203484 0.214083
40 0.868125 0.585403 0.021906 0.076528
