34 0.385281 0.672891 0.049672 0.045781
0 0.481862 0.438250 0.016464 0.007938
0 0.410550 0.795922 0.119087 0.110281
0 0.310574 0.768555 0.114731 0.186016
0 0.690539 0.342469 0.020094 0.016656
0 0.306194 0.469141 0.061991 0.056063
0 0.808126 0.557594 0.042998 0.076344
0 0.217810 0.489969 0.032014 0.050719
0 0.395761 0.728250 0.075831 0.108656
35 0.820925 0.542969 0.015059 0.007094
39 0.410375 0.201289 0.611756 0.247234
0 0.615831 0.391391 0.024403 0.015000
0 0.674145 0.395148 0.022295 0.016234
0 0.784836 0.399000 0.022506 0.016406
35 0.847096 0.199844 0.271850 0.128688
0 0.422319 0.427703 0.022482 0.027500
0 0.022681 0.599609 0.045269 0.100687
