67 0.553320 0.191000 0.010703 0.023553
67 0.107219 0.851506 0.016688 0.054824
24 0.041055 0.783271 0.082109 0.155012
24 0.834070 0.879435 0.118859 0.216988
24 0.614797 0.291471 0.052500 0.133718
0 0.569352 0.397706 0.123078 0.523365
0 0.505523 0.493976 0.077953 0.509600
0 0.451211 0.486094 0.152422 0.709271
0 0.393352 0.796165 0.143578 0.387388
0 0.246891 0.408482 0.071563 0.476118
0 0.622055 0.711412 0.143547 0.577176
0 0.702797 0.756176 0.117562 0.386376
0 0.083906 0.796188 0.099812 0.407624
24 0.675641 0.926141 0.063656 0.147718
24 0.888422 0.898918 0.111719 0.196612
67 0.232539 0.395824 0.020859 0.025529
0 0.731641 0.491941 0.086563 0.340353
0 0.740164 0.865165 0.092516 0.269671
0 0.081930 0.364929 0.108672 0.459741
0 0.668680 0.416271 0.085234 0.290329
0 0.191148 0.513353 0.093984 0.479224
