30 0.543281 0.731167 0.303125 0.191000
0 0.519328 0.423431 0.132594 0.582639
0 0.345484 0.533375 0.105000 0.353194
0 0.402797 0.268097 0.044875 0.244806
0 0.335570 0.285736 0.047047 0.179694
0 0.292766 0.271917 0.050562 0.232833
0 0.652664 0.248542 0.041359 0.231361
0 0.149938 0.199931 0.030781 0.145528
0 0.862008 0.296125 0.034484 0.155694
0 0.760328 0.251681 0.016438 0.076417
30 0.345141 0.675264 0.086281 0.092972
31 0.133789 0.334347 0.049484 0.029694
0 0.892266 0.308139 0.033094 0.150333
0 0.148281 0.290500 0.056406 0.105889
0 0.618227 0.252653 0.014734 0.070583
0 0.381859 0.210958 0.010750 0.063917
