9 0.597430 0.429781 0.083859 0.352896
0 0.214016 0.713750 0.029375 0.065125
0 0.713539 0.755521 0.039141 0.061292
0 0.757523 0.777823 0.036516 0.046729
0 0.804078 0.364781 0.091188 0.106062
0 0.142125 0.842229 0.169813 0.310375
0 0.332016 0.908615 0.276406 0.159562
0 0.438852 0.833854 0.089172 0.133375
0 0.767102 0.718875 0.048578 0.074958
0 0.562422 0.774469 0.027625 0.045062
0 0.771961 0.667385 0.016609 0.028854
9 0.674156 0.366625 0.064031 0.220958
0 0.500563 0.914604 0.111250 0.143833
0 0.887039 0.816052 0.225922 0.367896
0 0.513133 0.792656 0.080266 0.097771
