2 0.828880 0.388064 0.123640 0.089443
2 0.918470 0.281830 0.086380 0.090292
2 0.774480 0.151300 0.062800 0.047798
2 0.686530 0.090358 0.059220 0.039973
2 0.957110 0.171154 0.052540 0.053554
0 0.190120 0.080822 0.015120 0.030080
41 0.409510 0.640782 0.172180 0.409098
41 0.176730 0.404257 0.138020 0.261724
52 0.660520 0.674390 0.341080 0.291485
52 0.251880 0.537016 0.187600 0.136631
2 0.930050 0.507666 0.129340 0.089655
2 0.743080 0.072016 0.048640 0.037878
2 0.462270 0.063780 0.052380 0.031432
2 0.984850 0.183952 0.029780 0.061751
2 0.647430 0.015133 0.045380 0.026233
2 0.263010 0.024337 0.050780 0.038223
2 0.325960 0.030729 0.038840 0.023156
2 0.337810 0.201525 0.041780 0.032706
7 0.660590 0.350027 0.105180 0.073103
7 0.986410 0.183647 0.027180 0.052016
