56 0.740734 0.702812 0.123031 0.258417
56 0.952922 0.489917 0.094156 0.236542
56 0.136539 0.450917 0.148422 0.280583
56 0.273625 0.431948 0.101969 0.237063
60 0.500000 0.779062 1.000000 0.441875
0 0.531883 0.434219 0.681203 0.796438
0 0.723031 0.313927 0.158438 0.220229
0 0.757609 0.306312 0.044844 0.124875
0 0.272820 0.284896 0.073266 0.126417
60 0.879320 0.401906 0.182422 0.029062
41 0.882625 0.872125 0.157750 0.255750
41 0.015695 0.803365 0.031391 0.314937
53 0.533430 0.884271 0.510672 0.209000
41 0.953859 0.897302 0.092281 0.178979
41 0.856945 0.381396 0.023234 0.055500
41 0.825906 0.379469 0.018375 0.043979
43 0.199875 0.822240 0.044969 0.087188
43 0.119031 0.890469 0.131031 0.219063
60 0.880383 0.482406 0.179516 0.181396
0 0.163195 0.338948 0.120922 0.241812
0 0.118406 0.249979 0.065656 0.114708
41 0.246008 0.311073 0.014422 0.011813
41 0.804953 0.369000 0.014125 0.043500
42 0.217297 0.814135 0.056813 0.020146
60 0.237555 0.463687 0.150984 0.229333
43 0.199266 0.801125 0.046750 0.061375
53 0.655617 0.416563 0.168672 0.165417
