0 0.385617 0.559172 0.105453 0.462914
0 0.174578 0.657669 0.220312 0.347692
0 0.817180 0.610105 0.353984 0.361795
0 0.597281 0.473462 0.028156 0.126970
0 0.627047 0.474720 0.032469 0.118858
0 0.648781 0.472657 0.017031 0.129744
0 0.681945 0.460455 0.019516 0.136434
0 0.096406 0.507867 0.060250 0.130326
0 0.143141 0.583392 0.155562 0.268462
0 0.530469 0.499569 0.023625 0.076014
13 0.270195 0.603124 0.125297 0.168811
13 0.888609 0.676329 0.200406 0.254988
13 0.694469 0.547296 0.063406 0.114872
13 0.837375 0.573124 0.108344 0.111981
13 0.776125 0.587401 0.115500 0.162634
36 0.261672 0.819254 0.149781 0.065268
36 0.640953 0.715385 0.063313 0.109231
36 0.453984 0.748904 0.050594 0.042517
2 0.261227 0.468193 0.091672 0.046270
2 0.523648 0.464301 0.093016 0.050280
13 0.085180 0.711142 0.158234 0.273333
13 0.014398 0.550466 0.027391 0.051515
0 0.462875 0.457424 0.007156 0.030839
13 0.680352 0.514580 0.043141 0.053543
13 0.661969 0.533007 0.050062 0.092867
36 0.417187 0.763730 0.097375 0.037249
13 0.926062 0.485466 0.127438 0.060023
13 0.322453 0.545233 0.051187 0.081655
67 0.355781 0.478531 0.017625 0.006480
