63 0.842383 0.756725 0.295234 0.181616
0 0.847516 0.533057 0.143844 0.306638
0 0.360477 0.568854 0.159828 0.320109
0 0.615109 0.445153 0.121094 0.181834
0 0.400906 0.380841 0.073031 0.190284
0 0.264414 0.433373 0.111266 0.187489
0 0.442102 0.451463 0.069984 0.150961
0 0.553625 0.403231 0.068187 0.167424
0 0.653563 0.393854 0.069656 0.184956
0 0.773750 0.439640 0.080500 0.170197
0 0.333578 0.406048 0.048688 0.086245
0 0.493148 0.407303 0.057953 0.106004
39 0.917688 0.498002 0.013250 0.063646
0 0.090664 0.477402 0.151328 0.426856
0 0.515117 0.578646 0.157797 0.315677
