0 0.477805 0.633854 0.109547 0.557292
0 0.177383 0.447146 0.035078 0.180708
0 0.850711 0.296427 0.028453 0.030521
0 0.095406 0.315875 0.029937 0.042292
38 0.536773 0.337583 0.111266 0.132042
0 0.207836 0.396458 0.036734 0.039958
0 0.253562 0.436500 0.048094 0.110917
0 0.277570 0.427063 0.040359 0.096083
0 0.713430 0.338646 0.020484 0.023500
0 0.788563 0.336281 0.028656 0.025854
0 0.647180 0.328104 0.024297 0.045000
0 0.181969 0.188750 0.020813 0.048958
56 0.264852 0.446427 0.011609 0.041312
56 0.110445 0.509094 0.071016 0.073646
0 0.197180 0.212104 0.026859 0.040667
0 0.682930 0.283938 0.030734 0.052750
