8 0.500000 0.665540 1.000000 0.648640
25 0.746637 0.782600 0.052525 0.280160
25 0.311475 0.899040 0.077500 0.201920
56 0.727300 0.886660 0.249450 0.199560
0 0.287925 0.651680 0.362350 0.674160
0 0.706463 0.643820 0.396075 0.685400
56 0.076850 0.890510 0.146100 0.218980
56 0.949625 0.726310 0.097500 0.160540
56 0.068938 0.624100 0.096125 0.152680
56 0.519937 0.538690 0.042625 0.017540
56 0.517288 0.531840 0.060575 0.030440
56 0.503312 0.512610 0.071775 0.052220
56 0.838212 0.954710 0.298775 0.090580
56 0.885175 0.814830 0.100250 0.228060
56 0.945025 0.632680 0.109950 0.075800
56 0.076188 0.750060 0.152375 0.113680
56 0.095925 0.676370 0.102100 0.050980
56 0.964763 0.897970 0.070475 0.203620
