18 0.349344 0.724251 0.206156 0.478525
18 0.629719 0.670094 0.170031 0.559391
18 0.485820 0.778899 0.231922 0.398689
0 0.711953 0.314005 0.106062 0.514192
0 0.852352 0.316850 0.091453 0.579789
0 0.662703 0.270585 0.080781 0.530585
0 0.800547 0.139075 0.066750 0.172295
25 0.876258 0.081874 0.133328 0.163747
7 0.533000 0.167412 0.505250 0.334824
0 0.907781 0.349696 0.085562 0.568009
0 0.966141 0.307377 0.067719 0.481171
26 0.719992 0.320785 0.072359 0.110141
26 0.844133 0.325082 0.058266 0.081030
