0 0.239680 0.192240 0.093047 0.376354
63 0.507555 0.678417 0.729859 0.621208
0 0.780922 0.329656 0.050250 0.086646
0 0.552664 0.328458 0.034641 0.048042
0 0.587914 0.320625 0.018359 0.033042
0 0.105453 0.274073 0.028563 0.081312
0 0.070258 0.287062 0.046047 0.070167
0 0.838359 0.334396 0.047250 0.088208
0 0.460609 0.329125 0.021250 0.038542
0 0.692953 0.327958 0.053687 0.073833
26 0.362094 0.265219 0.049000 0.048104
0 0.520937 0.325104 0.034844 0.050333
13 0.097766 0.449156 0.195531 0.300646
26 0.746914 0.359760 0.022859 0.016146
26 0.691172 0.291292 0.005031 0.012208
26 0.983695 0.323833 0.010766 0.019875
26 0.360172 0.234917 0.064938 0.091250
0 0.945766 0.343187 0.018844 0.033708
0 0.135445 0.272177 0.040453 0.078604
0 0.370016 0.233406 0.117750 0.290104
