19 0.850039 0.709376 0.088891 0.247129
19 0.864680 0.565835 0.040234 0.038871
0 0.960391 0.658918 0.057688 0.228376
0 0.804492 0.572447 0.023703 0.091012
0 0.942039 0.552012 0.038297 0.053671
0 0.902875 0.574129 0.015625 0.065671
0 0.892750 0.546753 0.008781 0.020188
0 0.980992 0.541506 0.023953 0.052471
0 0.848648 0.549318 0.018203 0.037506
0 0.830266 0.551082 0.009594 0.038824
0 0.924297 0.564188 0.020938 0.085600
1 0.631289 0.825729 0.237984 0.348541
1 0.715336 0.805988 0.090766 0.249341
1 0.753852 0.789565 0.086391 0.217153
1 0.340242 0.644941 0.292484 0.516847
1 0.775297 0.716906 0.106187 0.213200
1 0.770008 0.665729 0.050734 0.071929
1 0.514219 0.543976 0.068625 0.139388
1 0.753313 0.744129 0.103750 0.212635
1 0.733203 0.789235 0.081969 0.235176
1 0.628742 0.614400 0.143609 0.175718
19 0.981148 0.627882 0.031734 0.103718
1 0.608219 0.841753 0.253531 0.316494
1 0.362164 0.867376 0.055078 0.041247
1 0.477766 0.589082 0.057063 0.087059
0 0.886297 0.574388 0.017750 0.084494
0 0.255594 0.585471 0.064469 0.233294
0 0.992438 0.558247 0.015125 0.087365
