58 0.311570 0.366083 0.119922 0.329167
58 0.140422 0.171531 0.062219 0.114354
15 0.760188 0.889125 0.091000 0.169458
45 0.319102 0.773979 0.098297 0.069458
75 0.310922 0.501990 0.049406 0.056313
58 0.234430 0.198760 0.048266 0.078604
73 0.150211 0.308781 0.008703 0.070396
73 0.198398 0.409990 0.005672 0.057396
73 0.170227 0.609031 0.028172 0.085187
73 0.054133 0.175563 0.018453 0.120208
73 0.240898 0.307396 0.013359 0.067708
73 0.036484 0.383135 0.019656 0.082646
73 0.023258 0.519500 0.013203 0.068500
73 0.050891 0.638896 0.100437 0.105458
73 0.154672 0.410135 0.007562 0.064521
73 0.214273 0.411313 0.008703 0.052167
73 0.237289 0.409771 0.007672 0.058333
75 0.150523 0.203135 0.045484 0.047104
45 0.210602 0.740042 0.115953 0.112167
73 0.175625 0.509510 0.016813 0.071938
73 0.206594 0.501271 0.119438 0.100208
