17 0.603797 0.523539 0.054187 0.082633
19 0.665195 0.565592 0.065672 0.062488
19 0.725453 0.580652 0.060188 0.066570
19 0.776164 0.600809 0.049609 0.042874
19 0.843547 0.605616 0.081187 0.068527
19 0.850398 0.573973 0.072703 0.034227
19 0.415102 0.523430 0.048953 0.049082
19 0.454070 0.524746 0.048859 0.050217
19 0.931742 0.621135 0.091078 0.071932
19 0.932313 0.582126 0.069781 0.035652
19 0.799117 0.537258 0.070297 0.019396
19 0.779062 0.567814 0.055875 0.026981
19 0.421906 0.492428 0.031531 0.023744
19 0.452094 0.490809 0.033656 0.021860
19 0.340438 0.504928 0.042750 0.052415
19 0.295953 0.452524 0.029563 0.021184
19 0.255391 0.477065 0.018188 0.030217
0 0.605453 0.491220 0.019813 0.067464
0 0.259641 0.343043 0.010719 0.027778
0 0.138859 0.405507 0.013906 0.022415
0 0.152367 0.331220 0.013859 0.019444
17 0.261109 0.354179 0.009187 0.035749
17 0.139406 0.437560 0.019281 0.044058
17 0.153656 0.342548 0.019563 0.022585
19 0.785828 0.557621 0.053250 0.026691
16 0.152008 0.458309 0.010672 0.032995
