50 0.627050 0.874827 0.238860 0.250347
50 0.396170 0.817653 0.188820 0.237653
50 0.255600 0.505680 0.174360 0.177547
50 0.520590 0.518240 0.193180 0.147573
50 0.886470 0.532947 0.227060 0.887067
50 0.197230 0.916280 0.192820 0.134427
51 0.675930 0.121507 0.047020 0.054160
51 0.719160 0.029373 0.011960 0.058747
51 0.793490 0.100387 0.030940 0.021307
51 0.793670 0.053560 0.090420 0.030533
51 0.730240 0.109173 0.025080 0.060853
51 0.754770 0.108600 0.031540 0.020293
51 0.772870 0.078187 0.071900 0.025707
50 0.601900 0.694347 0.077200 0.133067
51 0.787340 0.071653 0.041920 0.010667
51 0.717300 0.123693 0.028200 0.044453
51 0.664840 0.150373 0.017160 0.016160
51 0.739360 0.023800 0.025680 0.047600
51 0.731110 0.080027 0.210220 0.158987
50 0.464380 0.646640 0.392480 0.126933
50 0.941580 0.893933 0.116840 0.212133
