39 0.445969 0.506667 0.031594 0.113099
39 0.462008 0.501831 0.022484 0.105775
39 0.508531 0.458099 0.021188 0.043052
39 0.492844 0.463263 0.014500 0.025164
72 0.096477 0.494941 0.192953 0.979789
74 0.960758 0.048803 0.078422 0.092488
56 0.938516 0.440399 0.008625 0.039624
49 0.608844 0.552347 0.022750 0.035305
49 0.583414 0.550023 0.022234 0.038498
69 0.690367 0.445939 0.079453 0.418920
47 0.568898 0.558146 0.020266 0.024789
47 0.554375 0.551197 0.022125 0.030516
45 0.499359 0.525563 0.076531 0.100000
39 0.467297 0.454977 0.003031 0.008122
56 0.968367 0.442441 0.036734 0.042864
