41 0.817094 0.046706 0.067594 0.083812
44 0.385492 0.306871 0.028766 0.046306
45 0.710070 0.301341 0.143109 0.070682
53 0.370500 0.514188 0.337625 0.125553
53 0.185938 0.642353 0.371875 0.207059
53 0.624219 0.821176 0.510938 0.296471
53 0.823438 0.604706 0.340625 0.122353
69 0.227570 0.851682 0.455141 0.292118
45 0.704234 0.372576 0.184812 0.055929
45 0.489016 0.323800 0.076125 0.049765
45 0.557484 0.374882 0.108406 0.054282
45 0.703602 0.435953 0.183547 0.094400
45 0.884922 0.443259 0.194000 0.089906
45 0.894820 0.381106 0.210359 0.090353
45 0.713141 0.337518 0.156688 0.041765
45 0.712578 0.360118 0.140656 0.035953
41 0.757859 0.045635 0.038969 0.089624
41 0.683680 0.045588 0.060203 0.088965
41 0.626719 0.047612 0.054531 0.087835
69 0.868250 0.806494 0.263500 0.361035
45 0.714688 0.366776 0.153688 0.037082
41 0.951523 0.050518 0.093484 0.101035
41 0.521844 0.050859 0.049906 0.075694
