2 0.718297 0.702813 0.205000 0.107708
2 0.833750 0.674312 0.042938 0.041708
7 0.485641 0.661031 0.278719 0.360354
9 0.609906 0.364240 0.033313 0.107521
9 0.826039 0.501323 0.020141 0.059438
0 0.652984 0.695448 0.035500 0.139354
0 0.681211 0.694917 0.029797 0.139333
0 0.733422 0.684333 0.035906 0.140500
2 0.969859 0.677219 0.060281 0.227313
0 0.780266 0.688667 0.036062 0.128875
2 0.278516 0.765406 0.557031 0.467979
0 0.692734 0.692562 0.022687 0.114625
9 0.895063 0.480073 0.022969 0.054562
9 0.485297 0.379063 0.029063 0.086667
9 0.302172 0.423281 0.026250 0.077562
