0 0.608977 0.423033 0.534359 0.599555
0 0.883117 0.255129 0.049922 0.090492
0 0.774641 0.242002 0.031219 0.055995
0 0.742008 0.231593 0.036172 0.060094
0 0.535742 0.208115 0.039391 0.056089
0 0.480719 0.204883 0.021563 0.065738
0 0.310992 0.222084 0.046422 0.149087
0 0.355727 0.222810 0.034641 0.154895
36 0.694906 0.774157 0.610187 0.182037
0 0.808875 0.242693 0.016500 0.067400
0 0.699328 0.226604 0.036594 0.054192
0 0.448086 0.201230 0.029641 0.056792
0 0.950375 0.249040 0.045875 0.087400
0 0.981719 0.253244 0.032937 0.111686
