7 0.184172 0.209369 0.359281 0.214439
0 0.187398 0.068435 0.046547 0.136869
0 0.778203 0.474100 0.170938 0.656939
0 0.700648 0.319393 0.079609 0.283832
0 0.975617 0.253026 0.048766 0.117360
46 0.635750 0.534136 0.012656 0.014439
46 0.852930 0.596729 0.095828 0.239065
46 0.462328 0.837114 0.093063 0.206005
46 0.402266 0.761238 0.022469 0.048972
46 0.391336 0.780339 0.092359 0.235537
46 0.310492 0.726519 0.022359 0.021636
46 0.241188 0.642909 0.067531 0.250864
46 0.200789 0.588341 0.088484 0.195421
46 0.094727 0.611051 0.084734 0.213692
46 0.705562 0.592138 0.082656 0.217967
46 0.594859 0.438096 0.033031 0.073668
46 0.148711 0.584042 0.080516 0.215187
7 0.517969 0.208353 0.309969 0.134042
46 0.425836 0.325467 0.009234 0.028458
