56 0.777039 0.916311 0.445922 0.145925
40 0.318625 0.504344 0.059594 0.176042
41 0.719812 0.509356 0.037469 0.056136
64 0.657672 0.582002 0.053969 0.068126
65 0.088969 0.497822 0.050344 0.083981
66 0.477203 0.559415 0.146594 0.114333
73 0.138242 0.710585 0.276484 0.351335
73 0.358336 0.740457 0.284859 0.348314
67 0.545016 0.517026 0.052344 0.050351
73 0.551727 0.659906 0.141047 0.148103
73 0.590820 0.540562 0.074297 0.108571
73 0.614234 0.377447 0.044750 0.057752
62 0.461945 0.260585 0.335703 0.417049
