62 0.517578 0.414700 0.107344 0.139450
62 0.429406 0.421050 0.066469 0.099300
56 0.349461 0.713988 0.354828 0.473125
0 0.407703 0.433162 0.245156 0.339425
0 0.384984 0.256037 0.038094 0.062075
58 0.155766 0.425425 0.103781 0.200150
58 0.681867 0.445850 0.048047 0.310950
58 0.651266 0.186125 0.048438 0.064250
64 0.522391 0.567813 0.010781 0.007625
66 0.460836 0.521075 0.098391 0.049800
73 0.056367 0.701588 0.091109 0.052175
73 0.035016 0.525913 0.066344 0.016575
73 0.898172 0.774588 0.091281 0.103375
73 0.029516 0.605237 0.037500 0.127125
73 0.035117 0.501675 0.070234 0.019650
73 0.057352 0.611575 0.052047 0.122450
41 0.976727 0.770988 0.046547 0.107725
41 0.633094 0.519725 0.010750 0.051600
66 0.979195 0.895900 0.041609 0.097050
73 0.034570 0.610525 0.023266 0.124700
73 0.010664 0.607900 0.019453 0.121300
0 0.014242 0.262212 0.028203 0.059625
56 0.405977 0.616700 0.139547 0.241300
73 0.049891 0.770913 0.074281 0.025275
73 0.050820 0.733675 0.072016 0.047400
62 0.742188 0.291837 0.053250 0.040225
73 0.035539 0.469938 0.071078 0.047725
56 0.765797 0.815488 0.293250 0.277325
