48 0.093273 0.787719 0.053234 0.037437
72 0.952180 0.569573 0.095641 0.548104
74 0.825187 0.230115 0.054062 0.069021
0 0.204391 0.586708 0.118250 0.319833
0 0.097453 0.670677 0.095375 0.224937
0 0.551125 0.574302 0.175281 0.352812
0 0.833539 0.680833 0.150922 0.638167
0 0.901687 0.616854 0.124719 0.541583
0 0.428414 0.516531 0.117797 0.217229
45 0.526258 0.780896 0.090109 0.047375
47 0.370719 0.471365 0.018375 0.016479
47 0.394773 0.476917 0.026016 0.024042
49 0.358617 0.479781 0.016734 0.015729
55 0.297461 0.673333 0.013734 0.014000
69 0.760133 0.800677 0.057422 0.371604
49 0.394531 0.476281 0.024906 0.020854
0 0.606836 0.421229 0.026141 0.080667
47 0.302187 0.477021 0.012094 0.014042
47 0.322813 0.473302 0.029156 0.030021
47 0.506188 0.472979 0.018125 0.017250
47 0.433961 0.473052 0.024266 0.027896
