56 0.908539 0.063536 0.022453 0.041546
56 0.457266 0.864941 0.245063 0.270117
56 0.657172 0.862728 0.169656 0.272482
56 0.285672 0.487576 0.031938 0.065597
56 0.424883 0.162892 0.028703 0.041194
56 0.253039 0.076780 0.024047 0.049532
38 0.746016 0.574391 0.057469 0.091920
38 0.089273 0.536019 0.063734 0.066698
0 0.191156 0.617717 0.187406 0.485410
0 0.786070 0.549567 0.072797 0.297166
0 0.639852 0.423244 0.029484 0.062412
0 0.863891 0.513033 0.036156 0.065176
0 0.544383 0.489895 0.042328 0.049251
0 0.586586 0.491218 0.044766 0.045714
56 0.694055 0.443501 0.024703 0.032389
0 0.168672 0.265902 0.048750 0.096768
0 0.559969 0.165176 0.031938 0.094239
0 0.408883 0.221967 0.038703 0.067681
0 0.575141 0.420831 0.031031 0.076417
0 0.476508 0.448653 0.025453 0.046956
56 0.279727 0.075398 0.029453 0.038946
56 0.305758 0.038033 0.022328 0.036909
56 0.022398 0.232319 0.034797 0.049461
56 0.031109 0.172916 0.026937 0.022974
56 0.349734 0.188454 0.023531 0.019110
0 0.704617 0.366838 0.016953 0.052787
56 0.376445 0.190644 0.024953 0.016604
0 0.457945 0.492951 0.039891 0.056393
