39 0.306422 0.511083 0.035531 0.150917
56 0.195508 0.885396 0.256172 0.197750
60 0.512641 0.752812 0.974719 0.426958
0 0.213703 0.813937 0.190531 0.372125
0 0.485469 0.443208 0.167250 0.260000
0 0.684414 0.470854 0.144609 0.287000
0 0.848875 0.532740 0.302250 0.642687
44 0.713313 0.614104 0.009312 0.073125
44 0.569109 0.750812 0.027531 0.034458
45 0.670555 0.661073 0.147828 0.130562
45 0.498586 0.636073 0.127703 0.132729
45 0.360742 0.756365 0.090609 0.089479
41 0.462313 0.690833 0.041438 0.096458
41 0.376883 0.556615 0.032922 0.049354
41 0.254219 0.639427 0.039031 0.064938
41 0.818828 0.641698 0.043656 0.070229
41 0.813523 0.539750 0.035641 0.065792
41 0.405227 0.489531 0.024953 0.055938
42 0.274844 0.609615 0.029344 0.013688
44 0.307586 0.756677 0.023484 0.028729
44 0.817773 0.770760 0.112922 0.026396
45 0.305367 0.669479 0.112984 0.076292
0 0.090570 0.510573 0.180047 0.396354
42 0.584836 0.695990 0.647391 0.184354
42 0.568719 0.788719 0.047563 0.079063
44 0.266625 0.595281 0.042125 0.014771
45 0.384391 0.633073 0.099469 0.091979
45 0.573406 0.582281 0.061469 0.028979
56 0.655672 0.879271 0.267625 0.235125
56 0.596562 0.566688 0.055406 0.041542
16 0.044914 0.713385 0.089828 0.206896
56 0.804094 0.593604 0.112469 0.052708
