56 0.304260 0.509294 0.023440 0.046757
56 0.129340 0.380601 0.015600 0.040000
0 0.428460 0.762042 0.101720 0.280000
13 0.207690 0.681937 0.343260 0.145736
13 0.087750 0.653063 0.170620 0.150571
33 0.472700 0.445736 0.151920 0.190631
56 0.128480 0.516186 0.021520 0.043363
56 0.355020 0.368303 0.028560 0.059489
56 0.191490 0.377327 0.014460 0.046246
56 0.183520 0.516471 0.019840 0.041291
56 0.350470 0.510841 0.021300 0.035495
56 0.482640 0.374955 0.018680 0.037117
56 0.298890 0.373904 0.027100 0.044805
