7 0.501062 0.656527 0.995750 0.662168
24 0.925141 0.940863 0.117406 0.118274
2 0.954898 0.533960 0.090203 0.095973
0 0.650703 0.825841 0.149188 0.325841
0 0.203141 0.704491 0.171406 0.586504
0 0.438867 0.696958 0.108453 0.528916
0 0.544875 0.608883 0.147844 0.402854
0 0.676031 0.614867 0.127250 0.394159
0 0.393422 0.782732 0.176437 0.434535
0 0.390516 0.381770 0.166187 0.357655
0 0.604320 0.441560 0.078328 0.170420
0 0.524531 0.831460 0.134906 0.310133
0 0.479922 0.124812 0.210938 0.249624
8 0.317039 0.225442 0.634078 0.172522
0 0.659836 0.206327 0.185359 0.299115
2 0.881406 0.505686 0.074750 0.047788
0 0.347625 0.596051 0.086188 0.245066
0 0.487391 0.455730 0.077250 0.179690
