15 0.060899 0.518995 0.111405 0.074886
39 0.760768 0.114248 0.042288 0.106046
0 0.634665 0.176005 0.255997 0.309330
45 0.444935 0.321127 0.057712 0.056732
45 0.136266 0.387386 0.123873 0.081078
45 0.852132 0.695531 0.094886 0.094886
45 0.678129 0.337435 0.071258 0.052255
60 0.376405 0.356324 0.752810 0.370784
60 0.500000 0.780270 1.000000 0.417042
41 0.825580 0.721773 0.092761 0.092761
41 0.843938 0.118219 0.024542 0.029085
41 0.825654 0.088015 0.016013 0.017990
75 0.230850 0.847974 0.137386 0.274771
75 0.654918 0.759077 0.091373 0.185114
75 0.264796 0.322092 0.031618 0.074216
75 0.734306 0.418235 0.065703 0.092712
75 0.186626 0.207067 0.055931 0.066029
75 0.334109 0.788113 0.116781 0.277990
75 0.245809 0.356446 0.066422 0.112827
75 0.384632 0.352990 0.089853 0.172876
41 0.852067 0.697279 0.101748 0.088186
41 0.617435 0.347230 0.063366 0.086291
75 0.538219 0.333938 0.096176 0.173464
75 0.304967 0.897525 0.141667 0.204951
60 0.859616 0.112149 0.280768 0.090866
75 0.261446 0.660645 0.081650 0.100735
41 0.795556 0.087786 0.023954 0.021944
41 0.823464 0.765106 0.116176 0.118480
41 0.445858 0.310507 0.061324 0.080654
75 0.930449 0.542206 0.139101 0.173954
