62 0.551970 0.285947 0.230900 0.301120
62 0.148450 0.681440 0.293820 0.612373
56 0.860110 0.935307 0.279780 0.129120
41 0.416290 0.475720 0.043820 0.134853
63 0.309810 0.570413 0.373140 0.451173
73 0.556180 0.068533 0.013480 0.132587
73 0.786620 0.550320 0.298200 0.159040
73 0.721650 0.089093 0.030740 0.149173
73 0.597470 0.071920 0.042140 0.134827
73 0.476790 0.064373 0.011780 0.128640
73 0.439580 0.064547 0.037040 0.129093
73 0.796550 0.104613 0.108780 0.139147
73 0.722190 0.438493 0.143140 0.075280
39 0.976250 0.143320 0.035860 0.106800
64 0.426250 0.581267 0.072940 0.046053
73 0.571180 0.543987 0.220480 0.153147
73 0.653680 0.077307 0.020360 0.129067
73 0.736980 0.097907 0.029040 0.136720
73 0.690430 0.083747 0.057420 0.142053
56 0.833530 0.827480 0.332940 0.301253
73 0.623930 0.069987 0.017820 0.139973
