4 0.633922 0.500000 0.532156 0.411222
4 0.239836 0.523833 0.475953 0.330833
0 0.473547 0.757444 0.041313 0.163778
26 0.452398 0.760972 0.014422 0.039222
0 0.612375 0.773750 0.035937 0.178111
0 0.684266 0.768222 0.024188 0.097500
0 0.907969 0.679319 0.022469 0.070139
0 0.871977 0.675611 0.013672 0.062111
0 0.636844 0.755667 0.024688 0.119167
0 0.813125 0.758486 0.032406 0.117028
0 0.550719 0.764458 0.047719 0.200472
0 0.506578 0.759653 0.034937 0.212861
0 0.708016 0.763236 0.034656 0.101417
0 0.596555 0.757319 0.030609 0.164917
0 0.605125 0.702431 0.005594 0.024028
0 0.789922 0.771903 0.022656 0.096972
