62 0.937906 0.478156 0.123344 0.464688
57 0.112094 0.680646 0.224187 0.617208
56 0.677414 0.629031 0.122578 0.260229
0 0.336148 0.533792 0.347984 0.912167
0 0.485641 0.509531 0.271969 0.789479
0 0.183453 0.190979 0.082156 0.331833
0 0.663203 0.472354 0.244375 0.438208
0 0.564531 0.421594 0.169594 0.427063
0 0.506156 0.243562 0.081125 0.064542
65 0.628430 0.309198 0.025859 0.024687
0 0.349453 0.230094 0.033875 0.129062
0 0.728086 0.876406 0.232578 0.220229
41 0.136328 0.311104 0.023312 0.048375
58 0.841695 0.446156 0.097203 0.252021
65 0.356563 0.302677 0.015563 0.029729
65 0.484133 0.360615 0.028047 0.043813
0 0.087148 0.218031 0.128047 0.322937
56 0.656164 0.420479 0.347047 0.383958
