39 0.060542 0.857969 0.121083 0.284062
0 0.582396 0.452813 0.835208 0.905625
0 0.034333 0.126156 0.065292 0.057906
42 0.143510 0.647594 0.053271 0.076406
43 0.184500 0.629039 0.037458 0.115266
53 0.412333 0.786461 0.584917 0.206047
53 0.554500 0.709117 0.277792 0.134016
0 0.012406 0.116281 0.024687 0.038344
0 0.087271 0.121500 0.041208 0.048313
39 0.101573 0.822742 0.110562 0.164391
53 0.424677 0.408758 0.136687 0.134484
56 0.054542 0.297375 0.109083 0.095812
56 0.140031 0.211070 0.078437 0.106547
60 0.501500 0.799312 0.997000 0.373031
56 0.373521 0.167805 0.058875 0.038641
0 0.118771 0.123859 0.032000 0.045281
