56 0.050187 0.441865 0.097312 0.252646
56 0.116734 0.472854 0.056969 0.097375
55 0.319258 0.887396 0.222984 0.204958
77 0.700281 0.387635 0.379219 0.420229
24 0.361578 0.512521 0.360750 0.241625
26 0.083938 0.178406 0.048844 0.117854
0 0.362359 0.364042 0.724719 0.728083
0 0.607586 0.193260 0.402797 0.377521
0 0.083383 0.174740 0.084516 0.191229
0 0.836719 0.168792 0.078969 0.187333
0 0.928094 0.282958 0.143813 0.565917
0 0.845187 0.106729 0.079781 0.213458
0 0.035242 0.208406 0.058234 0.132438
0 0.180188 0.172396 0.043281 0.064792
0 0.157180 0.175135 0.033672 0.038896
0 0.021555 0.249833 0.041078 0.090958
24 0.014203 0.191198 0.027937 0.036312
41 0.952867 0.775906 0.092422 0.175896
45 0.909398 0.894687 0.170391 0.210625
0 0.128398 0.177354 0.005828 0.017917
56 0.105188 0.276813 0.124063 0.028833
60 0.500000 0.758625 1.000000 0.482750
