14 0.470000 0.285215 0.041880 0.029015
14 0.599330 0.383598 0.048420 0.019773
14 0.563830 0.122689 0.033140 0.033359
14 0.851150 0.250101 0.032220 0.042828
14 0.074700 0.086616 0.047440 0.046313
14 0.115150 0.096124 0.045780 0.049268
0 0.448170 0.676629 0.120940 0.290581
0 0.370260 0.694078 0.121120 0.262753
0 0.491870 0.663018 0.045260 0.145783
14 0.126000 0.057576 0.039200 0.035354
14 0.246440 0.191591 0.023760 0.037020
14 0.279150 0.206086 0.028300 0.035101
14 0.409690 0.285354 0.030820 0.038081
24 0.374960 0.641490 0.054960 0.071111
14 0.426980 0.238308 0.034840 0.031414
14 0.462750 0.184306 0.034620 0.038914
14 0.710020 0.328788 0.018040 0.023586
