34 0.300422 0.631117 0.010656 0.079492
0 0.334906 0.753934 0.093719 0.222183
0 0.217359 0.794987 0.064844 0.157741
0 0.146883 0.744201 0.054766 0.255000
0 0.155664 0.546345 0.033234 0.045584
0 0.530125 0.434556 0.030719 0.063579
0 0.408687 0.537018 0.014000 0.035102
0 0.481953 0.508376 0.038469 0.091726
0 0.605125 0.516307 0.016438 0.036472
0 0.698633 0.499201 0.026203 0.042563
0 0.186422 0.542234 0.040375 0.042640
35 0.244133 0.809670 0.012422 0.026904
56 0.876852 0.443109 0.014078 0.030482
56 0.401883 0.325317 0.020766 0.014188
56 0.384484 0.325508 0.022656 0.014213
0 0.333758 0.542069 0.032547 0.047081
0 0.779984 0.522805 0.025719 0.044645
56 0.301070 0.322843 0.018266 0.014365
56 0.424281 0.311269 0.014594 0.014873
56 0.382414 0.308376 0.016578 0.017716
56 0.374461 0.293109 0.016297 0.014594
0 0.186000 0.651053 0.033750 0.136066
