58 0.110984 0.204031 0.154719 0.318396
58 0.963859 0.222823 0.072281 0.101437
58 0.925820 0.240281 0.074484 0.079937
62 0.045516 0.343604 0.091031 0.185875
0 0.833242 0.560802 0.324547 0.807187
75 0.145789 0.302240 0.069109 0.114604
24 0.832586 0.708990 0.141578 0.240437
28 0.284047 0.508552 0.154062 0.243562
28 0.445789 0.444125 0.139891 0.386542
28 0.560562 0.504677 0.097250 0.331646
28 0.144156 0.693510 0.183125 0.296104
28 0.457734 0.717427 0.170469 0.229771
56 0.977242 0.471854 0.045516 0.235167
