57 0.505539 0.625000 0.985222 0.415937
0 0.589426 0.413109 0.801616 0.809000
0 0.418337 0.471438 0.149977 0.313125
42 0.695913 0.950781 0.170141 0.069750
43 0.298911 0.711883 0.079040 0.142797
55 0.341967 0.814602 0.505855 0.149078
41 0.084731 0.940102 0.169461 0.119797
42 0.487190 0.726086 0.082201 0.028203
60 0.471405 0.848773 0.773255 0.302453
0 0.044239 0.514641 0.084543 0.160812
42 0.729871 0.862266 0.048642 0.071344
42 0.134649 0.710070 0.107237 0.020234
42 0.401616 0.703695 0.145340 0.014922
42 0.688103 0.796859 0.066511 0.057063
42 0.508618 0.757719 0.103841 0.036281
44 0.689543 0.795008 0.063770 0.053109
42 0.238302 0.749633 0.074590 0.011828
42 0.963794 0.986906 0.072412 0.026188
