32 0.506094 0.566098 0.044250 0.062944
32 0.541773 0.972301 0.129047 0.055397
0 0.554180 0.364159 0.057953 0.188224
0 0.348320 0.358528 0.236766 0.490607
0 0.838656 0.347336 0.038125 0.111028
0 0.889672 0.344638 0.037406 0.130023
0 0.070813 0.410000 0.037469 0.104953
0 0.500914 0.373306 0.037672 0.087173
0 0.137586 0.404486 0.032297 0.087523
0 0.304047 0.380456 0.016469 0.066846
0 0.024313 0.396063 0.023813 0.133341
0 0.116281 0.406928 0.035875 0.094930
0 0.044727 0.418773 0.027391 0.085537
2 0.632797 0.095841 0.024781 0.016682
13 0.605664 0.379965 0.047234 0.021425
0 0.092250 0.415432 0.036406 0.079369
