5 0.460180 0.516853 0.610047 0.764056
5 0.114484 0.561235 0.111469 0.087646
0 0.076305 0.652681 0.032266 0.121259
0 0.122273 0.591923 0.008047 0.018811
0 0.014664 0.628205 0.022953 0.096410
0 0.804023 0.733263 0.041734 0.197576
0 0.028172 0.617354 0.015969 0.073590
25 0.062766 0.589953 0.036719 0.041305
0 0.151992 0.662541 0.022953 0.138089
26 0.876305 0.748671 0.008766 0.035198
0 0.533281 0.588520 0.076719 0.132611
0 0.139273 0.645828 0.014703 0.113613
0 0.115344 0.645000 0.023969 0.117925
26 0.068359 0.658671 0.015563 0.025874
26 0.145664 0.642529 0.018547 0.059184
0 0.890188 0.690385 0.020969 0.060443
0 0.780125 0.757751 0.036187 0.239091
9 0.159273 0.514720 0.011234 0.045198
0 0.096891 0.652774 0.019031 0.110816
0 0.901773 0.779336 0.051609 0.258578
