33 0.951352 0.329698 0.080141 0.107604
33 0.840125 0.095958 0.063187 0.048833
33 0.632141 0.176531 0.031781 0.018688
33 0.510594 0.269177 0.027250 0.029146
0 0.339602 0.752812 0.234266 0.471917
0 0.136516 0.742698 0.195500 0.487646
0 0.241117 0.594135 0.052203 0.225687
0 0.588547 0.589302 0.044750 0.178021
0 0.993156 0.491708 0.013688 0.075375
0 0.766203 0.563667 0.057906 0.211417
0 0.837211 0.555531 0.032734 0.191187
0 0.405586 0.606667 0.033891 0.156167
0 0.017422 0.604344 0.034844 0.224396
0 0.529898 0.570271 0.062359 0.236708
26 0.548266 0.545375 0.030594 0.119667
26 0.755984 0.526542 0.023156 0.070125
26 0.243805 0.553510 0.025422 0.044354
26 0.027312 0.561365 0.037031 0.102354
0 0.653984 0.501583 0.016938 0.090333
33 0.195164 0.205042 0.010484 0.010833
33 0.395547 0.338094 0.026125 0.016646
33 0.322078 0.335740 0.017906 0.013562
33 0.340000 0.279604 0.027844 0.062125
0 0.366016 0.614521 0.040969 0.145167
0 0.969836 0.512448 0.023141 0.109687
