30 0.406375 0.626576 0.225844 0.053576
30 0.631648 0.663518 0.180641 0.043788
0 0.426805 0.447576 0.139797 0.343953
0 0.741648 0.446824 0.075234 0.329224
0 0.605586 0.411494 0.079578 0.296071
0 0.543930 0.431459 0.111922 0.337082
0 0.811914 0.426518 0.074047 0.265082
0 0.847305 0.401647 0.052359 0.192847
0 0.930508 0.371200 0.092047 0.181835
0 0.684406 0.377176 0.073219 0.258541
30 0.726016 0.612565 0.135969 0.047294
0 0.896227 0.285671 0.029234 0.057647
30 0.550383 0.601812 0.108047 0.035718
30 0.692078 0.500529 0.046844 0.034988
30 0.948336 0.465753 0.092141 0.024635
0 0.647242 0.485388 0.130484 0.347059
0 0.857852 0.313929 0.039672 0.077694
0 0.820477 0.277812 0.021734 0.089271
30 0.843797 0.497000 0.055063 0.027882
30 0.959734 0.428365 0.080531 0.012353
