32 0.196258 0.635925 0.013891 0.018970
34 0.238352 0.303033 0.093203 0.103724
0 0.347086 0.523220 0.211391 0.422459
0 0.852164 0.482319 0.072516 0.243747
0 0.638281 0.469157 0.081563 0.205667
35 0.487758 0.594742 0.048109 0.062646
56 0.937812 0.317974 0.052469 0.033700
56 0.885172 0.317576 0.051938 0.030094
56 0.881398 0.290995 0.049984 0.025644
56 0.833305 0.290960 0.048828 0.028993
56 0.194086 0.234368 0.031641 0.022553
56 0.235195 0.236382 0.024516 0.026581
56 0.127555 0.280375 0.032297 0.025808
56 0.172633 0.282611 0.021922 0.028361
0 0.624703 0.274016 0.087125 0.124005
0 0.538977 0.274789 0.031859 0.065878
0 0.465453 0.301792 0.061813 0.068407
0 0.470359 0.273958 0.037375 0.047400
0 0.511820 0.517939 0.072953 0.111803
0 0.866594 0.240445 0.059969 0.080890
0 0.592930 0.624625 0.257984 0.243536
0 0.746250 0.573923 0.145125 0.354450
0 0.472656 0.509485 0.066594 0.108806
56 0.834562 0.318571 0.050969 0.034239
56 0.935125 0.292986 0.050844 0.027564
56 0.790727 0.287600 0.031391 0.029110
56 0.980438 0.320187 0.039125 0.033162
0 0.571555 0.285597 0.041578 0.097096
56 0.980023 0.286347 0.039953 0.037283
