36 0.452422 0.900202 0.261219 0.183444
0 0.390180 0.475202 0.445797 0.950404
0 0.261094 0.288480 0.098188 0.338717
0 0.170258 0.286651 0.083391 0.346318
0 0.645984 0.284264 0.073906 0.276413
0 0.042211 0.294347 0.066672 0.362755
0 0.821461 0.638314 0.083953 0.310689
0 0.106273 0.326580 0.070234 0.274869
36 0.265719 0.398112 0.034875 0.108290
36 0.835453 0.778302 0.048094 0.035368
36 0.088578 0.451164 0.046687 0.026651
36 0.019187 0.391508 0.038375 0.162304
36 0.639234 0.427684 0.088375 0.024679
36 0.169086 0.454834 0.040703 0.025487
0 0.012922 0.238717 0.025844 0.214584
