39 0.815492 0.914969 0.021734 0.032521
39 0.662141 0.950427 0.014563 0.042354
0 0.531023 0.875937 0.154234 0.246667
0 0.194656 0.882583 0.075844 0.213500
0 0.908422 0.910115 0.175281 0.170771
0 0.409547 0.960677 0.144937 0.047188
41 0.492516 0.975990 0.018781 0.030021
45 0.501789 0.567990 0.099578 0.055187
39 0.642047 0.932604 0.020781 0.072833
44 0.450711 0.460271 0.026359 0.055625
44 0.361703 0.448021 0.050531 0.064667
45 0.674711 0.982781 0.026609 0.018062
45 0.648188 0.981813 0.045250 0.024125
39 0.712844 0.927646 0.014938 0.062917
39 0.782805 0.941302 0.018078 0.081021
39 0.682797 0.935573 0.017531 0.059729
41 0.227750 0.817667 0.028813 0.033083
39 0.769883 0.932583 0.014609 0.073375
39 0.745609 0.944437 0.013437 0.057083
39 0.824563 0.948365 0.018344 0.062479
39 0.760289 0.935635 0.016547 0.070146
39 0.808500 0.938146 0.017000 0.076125
39 0.730117 0.940802 0.020203 0.076313
39 0.696922 0.934490 0.015875 0.046229
45 0.392633 0.428708 0.038609 0.050792
45 0.366750 0.581698 0.052875 0.028938
