19 0.487578 0.881115 0.087063 0.133771
19 0.703664 0.880948 0.131984 0.057813
19 0.407461 0.814479 0.104203 0.051250
19 0.244000 0.799469 0.080969 0.083146
19 0.717805 0.780719 0.075609 0.073813
19 0.355703 0.854812 0.054062 0.047042
19 0.314758 0.829812 0.065297 0.028458
19 0.139797 0.767833 0.038687 0.070542
19 0.063797 0.864115 0.119469 0.064146
19 0.560398 0.851083 0.069922 0.044542
19 0.605531 0.836510 0.075906 0.037771
19 0.681805 0.816760 0.047922 0.031938
19 0.778148 0.806792 0.059859 0.074583
