49 0.536992 0.679390 0.128641 0.200000
49 0.454031 0.531432 0.117813 0.165915
49 0.339539 0.812359 0.140609 0.195516
49 0.716484 0.749437 0.125656 0.217981
49 0.649891 0.560153 0.110031 0.181948
49 0.456211 0.661796 0.071797 0.137066
49 0.617141 0.682746 0.051250 0.084601
49 0.264555 0.520141 0.117453 0.156244
49 0.266625 0.702617 0.105469 0.149648
49 0.804453 0.495270 0.129562 0.207066
49 0.755164 0.629718 0.114141 0.130329
49 0.556820 0.564519 0.133016 0.163685
49 0.843656 0.749589 0.143406 0.206643
