15 0.809438 0.739948 0.088500 0.257896
57 0.112906 0.347312 0.045156 0.144083
56 0.309859 0.529677 0.164031 0.311188
0 0.492133 0.446823 0.289891 0.822479
0 0.037922 0.498875 0.072469 0.764042
0 0.196508 0.398458 0.147797 0.332333
0 0.318539 0.379083 0.158422 0.305625
65 0.623781 0.505854 0.028219 0.027042
73 0.717773 0.205885 0.006703 0.065146
73 0.699477 0.288865 0.140516 0.091438
73 0.704070 0.348833 0.030828 0.048542
73 0.712508 0.417792 0.010328 0.042333
73 0.673227 0.509750 0.015453 0.036708
73 0.657047 0.553104 0.024594 0.039167
0 0.177414 0.476677 0.247203 0.432729
73 0.753773 0.209771 0.005547 0.063000
73 0.634734 0.363594 0.044750 0.010646
73 0.729977 0.208531 0.004484 0.063396
73 0.758234 0.211698 0.007125 0.068646
73 0.642297 0.297823 0.049875 0.014063
73 0.239109 0.147896 0.030031 0.009208
73 0.333266 0.174177 0.003781 0.039438
