44 0.788156 0.145625 0.188469 0.291250
51 0.852117 0.511969 0.059859 0.164313
51 0.490641 0.300427 0.068687 0.069854
51 0.693430 0.595698 0.130328 0.114729
51 0.127602 0.499500 0.084984 0.069417
51 0.145539 0.670135 0.125578 0.042646
51 0.212203 0.379042 0.067906 0.152625
51 0.770250 0.543667 0.079219 0.112667
51 0.760070 0.316917 0.056766 0.099333
51 0.621844 0.678635 0.170344 0.038646
51 0.847727 0.638802 0.092516 0.115271
51 0.414984 0.682677 0.168219 0.024187
51 0.785633 0.674354 0.149016 0.045750
51 0.629695 0.752917 0.166141 0.038792
69 0.464375 0.133729 0.349750 0.251292
69 0.488961 0.865802 0.580516 0.163646
48 0.559727 0.462115 0.221672 0.332521
48 0.682734 0.475667 0.182438 0.326792
48 0.350789 0.431510 0.230859 0.363604
