0 0.702937 0.722723 0.061469 0.095681
0 0.675234 0.735986 0.024094 0.081737
0 0.502828 0.758474 0.022156 0.100094
0 0.180516 0.800634 0.013844 0.051080
0 0.799484 0.750293 0.040781 0.043169
0 0.902781 0.665528 0.019844 0.040023
0 0.864180 0.679014 0.019359 0.037183
0 0.937328 0.670610 0.020125 0.074930
0 0.845195 0.685246 0.022672 0.025141
0 0.712867 0.678545 0.011953 0.046667
30 0.487961 0.810153 0.025547 0.008991
30 0.703148 0.764742 0.060047 0.010563
31 0.788547 0.767746 0.040375 0.017559
31 0.674977 0.776092 0.050703 0.015986
0 0.965664 0.690681 0.056828 0.097277
31 0.904195 0.683333 0.025016 0.009061
31 0.935094 0.707265 0.033000 0.006080
31 0.172266 0.826444 0.016531 0.004531
