1 0.799550 0.657214 0.046180 0.136476
25 0.684090 0.256732 0.281380 0.177139
25 0.539230 0.443358 0.078060 0.053584
25 0.771960 0.371099 0.081880 0.066958
0 0.709850 0.567816 0.084300 0.467380
0 0.391930 0.514714 0.181860 0.613283
0 0.479840 0.569322 0.062120 0.324608
0 0.541550 0.580934 0.065980 0.269759
0 0.263360 0.589895 0.117880 0.397741
0 0.092080 0.598298 0.043480 0.190994
7 0.166660 0.503298 0.135880 0.165090
9 0.491440 0.337620 0.020360 0.076205
9 0.512610 0.319367 0.019220 0.080482
26 0.466540 0.529202 0.034040 0.087500
26 0.213300 0.523148 0.036520 0.096355
0 0.125670 0.600994 0.029980 0.169699
0 0.814490 0.576867 0.058420 0.294940
0 0.605890 0.569458 0.173020 0.486084
0 0.286470 0.575527 0.020020 0.041898
0 0.160670 0.594744 0.069820 0.250633
0 0.854970 0.573690 0.038820 0.295512
25 0.122640 0.513494 0.052160 0.045301
25 0.089190 0.493690 0.062940 0.023886
25 0.928960 0.451551 0.105080 0.097982
0 0.882420 0.569729 0.086320 0.323373
25 0.930560 0.312500 0.138880 0.122410
