58 0.638813 0.479222 0.037625 0.078726
39 0.508742 0.202736 0.011047 0.048774
39 0.553687 0.214906 0.010562 0.033962
39 0.542047 0.210366 0.012656 0.041627
39 0.529516 0.213267 0.010687 0.035212
39 0.410148 0.195531 0.009953 0.051486
72 0.581422 0.424469 0.115750 0.234363
39 0.487969 0.203467 0.013594 0.041226
40 0.479984 0.200566 0.020313 0.045755
40 0.465695 0.199410 0.008484 0.044670
40 0.345727 0.179045 0.014953 0.037995
69 0.472258 0.476356 0.096984 0.110354
39 0.467656 0.198656 0.011375 0.049057
39 0.518086 0.205106 0.009641 0.044741
47 0.061078 0.520189 0.040250 0.033491
68 0.302516 0.431050 0.068687 0.068467
71 0.303242 0.474033 0.106453 0.024528
39 0.418906 0.199929 0.008438 0.037689
39 0.379750 0.407783 0.010937 0.025142
39 0.372609 0.185354 0.014344 0.047736
40 0.451039 0.208514 0.005984 0.024434
74 0.994062 0.187370 0.011875 0.072052
39 0.357391 0.182311 0.009094 0.034670
39 0.419820 0.428420 0.015891 0.046934
