57 0.426740 0.736993 0.471360 0.504377
57 0.092480 0.749181 0.182000 0.412740
0 0.623600 0.574039 0.236360 0.825516
0 0.421330 0.686495 0.209700 0.620890
0 0.291760 0.570943 0.173400 0.477473
41 0.172550 0.581192 0.026900 0.059822
0 0.728830 0.402616 0.240100 0.268505
65 0.603250 0.503310 0.033460 0.037865
65 0.343700 0.662491 0.039000 0.047544
65 0.179240 0.614840 0.053520 0.028185
75 0.974600 0.469448 0.039440 0.075480
58 0.955750 0.374840 0.088500 0.248897
65 0.219580 0.612705 0.033080 0.037082
