57 0.317055 0.570813 0.370172 0.188833
75 0.774625 0.799115 0.044094 0.070396
75 0.757898 0.763104 0.039578 0.077667
75 0.724398 0.787177 0.044672 0.059021
2 0.828172 0.529198 0.084531 0.065146
73 0.654297 0.670604 0.063531 0.046458
73 0.611492 0.608615 0.066141 0.024646
73 0.603578 0.594917 0.038875 0.027333
73 0.605633 0.584812 0.034891 0.024458
73 0.826148 0.881177 0.143516 0.124354
73 0.826172 0.904302 0.134563 0.075521
73 0.776453 0.906156 0.042938 0.075063
73 0.365383 0.659708 0.071109 0.027083
73 0.602719 0.600240 0.048812 0.027938
73 0.572984 0.638437 0.005219 0.048417
73 0.586672 0.656104 0.008812 0.039083
73 0.578563 0.647219 0.004063 0.045104
63 0.360133 0.617531 0.087047 0.059896
75 0.593867 0.551719 0.031172 0.040271
75 0.582437 0.565427 0.029094 0.032813
73 0.596266 0.676521 0.005469 0.038250
