46 0.328625 0.401523 0.160250 0.165203
46 0.645188 0.377805 0.134750 0.153359
46 0.820198 0.326547 0.109146 0.138187
46 0.286500 0.518531 0.180000 0.086969
46 0.263667 0.112359 0.233708 0.175281
46 0.504698 0.122313 0.208396 0.215906
46 0.625542 0.081312 0.075583 0.144406
46 0.722510 0.355375 0.113604 0.142500
46 0.614760 0.488547 0.073021 0.050844
47 0.294698 0.588266 0.097646 0.061250
47 0.475073 0.600094 0.113562 0.056781
47 0.561427 0.754680 0.877146 0.458422
47 0.101052 0.705148 0.112854 0.074297
49 0.062167 0.783367 0.124333 0.098891
49 0.106083 0.899562 0.159708 0.096656
49 0.242188 0.880508 0.135083 0.100672
49 0.128844 0.952813 0.149812 0.094375
49 0.206365 0.810742 0.144396 0.088766
49 0.296635 0.928094 0.149812 0.080906
49 0.023083 0.932312 0.046167 0.098094
49 0.012365 0.843383 0.024729 0.079266
49 0.082156 0.825508 0.125396 0.068109
49 0.322917 0.876289 0.071042 0.061516
0 0.962562 0.866586 0.074875 0.196266
46 0.759594 0.358195 0.063313 0.124359
46 0.081771 0.123070 0.155583 0.176609
47 0.604333 0.822078 0.647625 0.324688
49 0.109104 0.853094 0.132500 0.062187
49 0.256188 0.982102 0.126833 0.035797
49 0.343833 0.981937 0.074583 0.036125
