2 0.209383 0.737391 0.116016 0.136125
2 0.079680 0.554852 0.157609 0.794734
2 0.964320 0.773734 0.071359 0.054469
2 0.526180 0.765758 0.030047 0.020016
2 0.480555 0.754188 0.046328 0.037406
2 0.430516 0.756250 0.019375 0.019375
2 0.382125 0.749359 0.061500 0.044875
2 0.324141 0.753828 0.039688 0.023969
9 0.449961 0.633172 0.007359 0.017625
9 0.459562 0.633680 0.006250 0.016984
0 0.402719 0.721484 0.066469 0.154875
0 0.315281 0.745305 0.035844 0.074578
36 0.655648 0.913961 0.124734 0.063984
36 0.397031 0.803008 0.030531 0.018047
2 0.254055 0.732039 0.042984 0.106953
2 0.884359 0.757758 0.054094 0.057016
7 0.840141 0.761844 0.110406 0.082187
9 0.383992 0.627383 0.009859 0.024516
9 0.320352 0.713477 0.004891 0.011297
9 0.540898 0.688984 0.006672 0.015188
9 0.347000 0.713937 0.004437 0.010219
7 0.754914 0.756328 0.122672 0.076344
7 0.568094 0.759289 0.026469 0.033266
7 0.334500 0.748555 0.024375 0.033328
2 0.601727 0.758625 0.069328 0.050125
0 0.675328 0.651945 0.264937 0.503891
9 0.492523 0.687828 0.004922 0.019187
