72 0.180164 0.518103 0.299109 0.932889
56 0.598859 0.732726 0.208031 0.531131
56 0.515047 0.628807 0.062437 0.450678
56 0.756062 0.483216 0.115844 0.150000
56 0.809266 0.733417 0.181625 0.533166
60 0.711805 0.607136 0.264641 0.170503
73 0.751914 0.329146 0.030453 0.018191
73 0.796687 0.373731 0.016656 0.044799
73 0.853742 0.284410 0.040828 0.071382
73 0.806547 0.367475 0.014031 0.059975
73 0.756062 0.366997 0.010469 0.042085
40 0.485258 0.279824 0.015172 0.038593
40 0.501656 0.269108 0.007312 0.017814
45 0.561281 0.366633 0.030906 0.036131
73 0.749883 0.368618 0.009266 0.038794
73 0.721328 0.359271 0.011844 0.046884
73 0.817992 0.371445 0.013234 0.060176
73 0.740281 0.364611 0.011375 0.042990
73 0.833437 0.372601 0.020813 0.062990
73 0.714461 0.357663 0.008734 0.050251
73 0.709063 0.357513 0.006281 0.043317
