18 0.768820 0.595292 0.115266 0.142958
18 0.655703 0.550594 0.050000 0.092479
18 0.841539 0.541552 0.081266 0.112771
18 0.962180 0.523917 0.075641 0.077208
18 0.715609 0.521917 0.059750 0.076583
18 0.563680 0.503677 0.042453 0.075354
1 0.324500 0.470083 0.017906 0.076417
2 0.124461 0.426719 0.248922 0.528021
2 0.256734 0.459094 0.085656 0.152604
2 0.285008 0.441083 0.040547 0.097500
2 0.337148 0.431583 0.018266 0.038208
2 0.374031 0.431052 0.020563 0.028771
2 0.395914 0.412125 0.026141 0.018083
0 0.485445 0.430229 0.022141 0.073083
0 0.469398 0.431896 0.018266 0.062875
0 0.316992 0.431625 0.033391 0.141333
18 0.787539 0.492917 0.046141 0.036542
18 0.677727 0.486771 0.045516 0.045875
18 0.628695 0.501521 0.032109 0.047333
18 0.503250 0.496375 0.025906 0.061583
18 0.606125 0.519729 0.037687 0.085167
2 0.371211 0.409927 0.021141 0.013938
2 0.362367 0.430760 0.013859 0.029062
2 0.449008 0.426646 0.028703 0.033292
2 0.354148 0.432406 0.015609 0.035354
18 0.776609 0.512542 0.083094 0.049000
2 0.204305 0.767687 0.408609 0.438667
18 0.734414 0.571427 0.089609 0.103896
0 0.143180 0.386219 0.142203 0.763646
