39 0.216234 0.412799 0.009875 0.043911
39 0.251930 0.417237 0.014141 0.030539
39 0.239773 0.416838 0.007891 0.027963
39 0.228133 0.413384 0.011422 0.037073
39 0.184656 0.415082 0.005250 0.032412
39 0.707781 0.645492 0.014281 0.072529
56 0.497758 0.831265 0.182234 0.304731
60 0.542078 0.711710 0.915844 0.227494
0 0.534328 0.468244 0.063250 0.130351
0 0.438320 0.547260 0.092766 0.188525
0 0.353367 0.462190 0.072172 0.073185
0 0.617289 0.557728 0.120172 0.227447
0 0.775938 0.544262 0.104438 0.204731
0 0.558867 0.754555 0.217609 0.475902
0 0.278125 0.699602 0.215219 0.400094
0 0.824273 0.750843 0.321234 0.449742
39 0.267859 0.397178 0.015906 0.069063
39 0.296164 0.332752 0.005766 0.026206
40 0.658195 0.716780 0.037516 0.090843
40 0.360398 0.626171 0.030203 0.083115
40 0.913156 0.668103 0.024625 0.088197
40 0.628391 0.685855 0.029563 0.128993
40 0.953102 0.676628 0.030203 0.110023
40 0.196617 0.612963 0.028516 0.073419
40 0.170125 0.610328 0.025969 0.070398
40 0.095062 0.620117 0.019344 0.072881
40 0.119180 0.618911 0.026828 0.075293
40 0.401727 0.650703 0.032547 0.089133
40 0.431203 0.637131 0.028750 0.062693
40 0.609570 0.657998 0.019797 0.075012
62 0.136492 0.362529 0.111047 0.143232
62 0.866219 0.316616 0.107031 0.112529
62 0.380539 0.317775 0.026109 0.047916
67 0.109664 0.498513 0.013078 0.027658
0 0.952305 0.588923 0.093859 0.162342
0 0.890234 0.513232 0.063344 0.170820
0 0.823914 0.478759 0.048109 0.115925
0 0.396695 0.504766 0.071797 0.147939
42 0.655125 0.775574 0.007531 0.038595
43 0.365531 0.660550 0.018656 0.020820
43 0.400555 0.752518 0.021609 0.032248
0 0.126187 0.524871 0.095312 0.133162
56 0.277125 0.823571 0.213719 0.352857
56 0.882180 0.861335 0.235641 0.277330
56 0.358984 0.575293 0.071281 0.147869
56 0.215820 0.548290 0.088141 0.102436
56 0.741844 0.555855 0.056875 0.102295
40 0.739148 0.647693 0.023016 0.083770
