0 0.500109 0.567327 0.189875 0.489913
0 0.806250 0.483006 0.236875 0.583006
0 0.263844 0.553555 0.390250 0.483295
0 0.857508 0.161850 0.029953 0.086936
0 0.779352 0.176720 0.034016 0.065173
0 0.196687 0.236561 0.032875 0.086879
0 0.100453 0.212298 0.034000 0.075173
0 0.933664 0.215260 0.041703 0.084162
35 0.432937 0.544335 0.025219 0.103873
35 0.861336 0.518150 0.043172 0.099653
0 0.198992 0.185853 0.044297 0.079451
0 0.939195 0.112355 0.053359 0.107948
0 0.813773 0.146749 0.028328 0.099393
0 0.244062 0.196691 0.046031 0.100896
0 0.157203 0.310679 0.048281 0.089335
