39 0.122055 0.607687 0.018047 0.095540
39 0.827477 0.690651 0.013172 0.075596
39 0.591164 0.580277 0.008047 0.026925
60 0.658102 0.656607 0.144672 0.044737
60 0.792344 0.823518 0.217656 0.320000
60 0.144023 0.760097 0.143359 0.209003
25 0.681578 0.370485 0.611062 0.711717
41 0.858422 0.723338 0.019969 0.061247
0 0.348539 0.533130 0.090328 0.297175
0 0.220305 0.527424 0.085297 0.180886
0 0.275687 0.525845 0.069719 0.215734
0 0.051336 0.598864 0.100141 0.528089
0 0.652680 0.492133 0.037141 0.077396
0 0.926531 0.786510 0.146937 0.404488
0 0.797477 0.623213 0.087141 0.164155
0 0.553250 0.610028 0.063844 0.178504
0 0.664477 0.570900 0.045391 0.114155
0 0.118797 0.617521 0.135000 0.482798
0 0.147367 0.516898 0.083859 0.283767
0 0.921258 0.549127 0.150859 0.299695
25 0.519047 0.420886 0.380906 0.304654
25 0.391977 0.364778 0.157578 0.043352
56 0.681828 0.861662 0.141594 0.276676
56 0.106477 0.908989 0.210422 0.182022
56 0.624070 0.776773 0.094734 0.206233
56 0.566328 0.736967 0.037437 0.195097
56 0.528906 0.711468 0.059062 0.172964
56 0.476727 0.684972 0.064266 0.157202
56 0.395102 0.609834 0.032703 0.090803
56 0.298602 0.838061 0.146891 0.323878
56 0.199398 0.822382 0.076078 0.350416
56 0.831516 0.907853 0.088719 0.161801
56 0.228203 0.661122 0.091250 0.106510
56 0.428445 0.654072 0.042641 0.142327
26 0.303539 0.743587 0.073891 0.135208
41 0.702109 0.639418 0.012219 0.031967
0 0.642961 0.563934 0.036672 0.100443
25 0.864812 0.062341 0.270375 0.124681
26 0.958789 0.949127 0.082422 0.101745
60 0.237047 0.577798 0.097125 0.070055
60 0.508586 0.597784 0.035359 0.028975
