14 0.361352 0.375280 0.044828 0.051028
14 0.818383 0.120771 0.037328 0.056308
14 0.309836 0.404136 0.044484 0.057710
14 0.496258 0.442477 0.020891 0.032243
14 0.565422 0.330491 0.043438 0.041355
14 0.604859 0.333832 0.053438 0.069720
14 0.669398 0.252710 0.048578 0.058364
14 0.254156 0.420421 0.042781 0.063271
14 0.413852 0.348154 0.026953 0.055421
14 0.378695 0.457850 0.027891 0.050607
14 0.113555 0.492699 0.025266 0.040537
14 0.152500 0.480771 0.046031 0.035748
14 0.164180 0.465935 0.033891 0.045748
9 0.935688 0.381764 0.082656 0.285491
9 0.825953 0.394813 0.112906 0.306495
