2 0.651400 0.834840 0.109560 0.159547
2 0.699950 0.780253 0.037100 0.057147
2 0.902180 0.793853 0.053240 0.069040
3 0.949660 0.904307 0.063760 0.158853
0 0.836230 0.843653 0.075780 0.309760
3 0.672650 0.928507 0.147980 0.116587
0 0.948020 0.853013 0.078800 0.210080
0 0.782940 0.853600 0.072640 0.268000
0 0.147800 0.859560 0.111040 0.280880
0 0.332210 0.739747 0.055180 0.081893
7 0.701520 0.780920 0.040280 0.061200
2 0.880360 0.790067 0.021480 0.063227
2 0.762190 0.768347 0.024420 0.039413
3 0.675620 0.990587 0.156840 0.018827
24 0.804870 0.822427 0.022500 0.092320
56 0.172590 0.913760 0.093940 0.084907
24 0.943100 0.814253 0.041800 0.039387
