67 0.334562 0.198333 0.041938 0.056948
67 0.567398 0.257782 0.028578 0.152981
0 0.476086 0.289131 0.241766 0.573991
0 0.712742 0.340880 0.354516 0.678662
0 0.545211 0.817981 0.536984 0.283146
0 0.694664 0.557254 0.558422 0.859061
0 0.082687 0.351831 0.165375 0.682723
0 0.513062 0.311420 0.398906 0.329648
0 0.178508 0.300035 0.073922 0.249836
0 0.047781 0.701256 0.094312 0.424014
67 0.460617 0.543392 0.042891 0.140587
73 0.491844 0.707876 0.154938 0.102089
0 0.932063 0.563451 0.135875 0.873099
0 0.667977 0.117077 0.124172 0.233169
0 0.585602 0.118146 0.097891 0.232817
0 0.207898 0.155141 0.106828 0.296291
