23 0.499914 0.371417 0.421766 0.299625
26 0.609867 0.797885 0.102047 0.297438
26 0.292938 0.835302 0.077031 0.264104
26 0.102594 0.790010 0.089906 0.201687
0 0.758031 0.576406 0.093563 0.185979
0 0.521117 0.757875 0.167234 0.459458
0 0.859867 0.692292 0.243484 0.615417
0 0.971453 0.640792 0.055281 0.399208
0 0.183016 0.528104 0.060031 0.117125
0 0.374156 0.793260 0.171906 0.386521
0 0.669281 0.701042 0.205156 0.574000
0 0.076594 0.746937 0.153188 0.506125
0 0.732688 0.525635 0.053719 0.112812
23 0.253219 0.314104 0.460406 0.400458
0 0.187391 0.786521 0.131219 0.426958
0 0.379656 0.532573 0.125844 0.229687
0 0.249437 0.582990 0.089875 0.211438
