2 0.349600 0.280695 0.696109 0.443672
2 0.548018 0.169867 0.401964 0.113641
60 0.500000 0.675148 1.000000 0.632297
0 0.789973 0.154078 0.045218 0.089563
41 0.739473 0.507625 0.223309 0.282438
42 0.270382 0.722930 0.359673 0.217141
45 0.482745 0.531828 0.139382 0.079844
50 0.734055 0.724742 0.234982 0.139609
51 0.411482 0.486781 0.030636 0.082656
26 0.802027 0.143555 0.019873 0.021859
1 0.753564 0.185164 0.048036 0.044922
1 0.902236 0.290430 0.195527 0.322297
0 0.312700 0.109055 0.018673 0.035422
2 0.204636 0.122016 0.170909 0.091500
50 0.700736 0.648555 0.113655 0.039453
0 0.478145 0.120883 0.022000 0.034109
42 0.937918 0.544055 0.124127 0.038797
0 0.271918 0.104664 0.018782 0.041234
