48 0.485641 0.524771 0.356406 0.418917
48 0.766859 0.505615 0.296625 0.440437
60 0.508430 0.748313 0.983141 0.503375
41 0.135367 0.465240 0.257297 0.589688
56 0.909266 0.392135 0.176969 0.231479
56 0.691211 0.278615 0.101891 0.115687
56 0.416977 0.304031 0.119578 0.089979
60 0.568328 0.313729 0.178563 0.101500
73 0.765570 0.206198 0.057391 0.054938
73 0.789992 0.276177 0.019328 0.032771
73 0.772219 0.111906 0.045344 0.069396
62 0.462984 0.112250 0.027000 0.064417
75 0.376672 0.176844 0.026156 0.070896
73 0.834031 0.087833 0.052656 0.115125
73 0.661680 0.118667 0.048109 0.082042
73 0.835602 0.257521 0.017891 0.052958
73 0.848734 0.200479 0.023781 0.048458
73 0.726984 0.113365 0.023500 0.087271
73 0.834141 0.187104 0.045594 0.080167
73 0.663203 0.201854 0.026250 0.062458
