58 0.884229 0.507891 0.141750 0.340156
58 0.795531 0.519383 0.149979 0.424547
58 0.311615 0.627531 0.155813 0.728094
58 0.719698 0.742547 0.116729 0.138313
13 0.146812 0.784273 0.293625 0.332578
13 0.154615 0.585734 0.241812 0.039219
0 0.533031 0.621617 0.513521 0.736484
0 0.167458 0.499781 0.087750 0.172313
0 0.071531 0.499453 0.077021 0.196094
0 0.196740 0.477102 0.070021 0.188859
0 0.138521 0.435734 0.052208 0.082906
0 0.212010 0.410008 0.023563 0.023516
13 0.080292 0.634961 0.158875 0.064047
54 0.667052 0.437437 0.126646 0.055344
0 0.032698 0.452531 0.028563 0.112563
