0 0.824499 0.709133 0.351003 0.559547
0 0.313454 0.349742 0.075710 0.112141
0 0.940446 0.471914 0.091031 0.108078
31 0.305251 0.791625 0.602758 0.044844
0 0.982409 0.438523 0.035181 0.140016
30 0.674387 0.575469 0.188273 0.032469
30 0.943886 0.525273 0.094401 0.017297
31 0.259735 0.397484 0.147382 0.014313
31 0.288955 0.903156 0.435905 0.193687
31 0.195251 0.387406 0.087994 0.008719
0 0.819554 0.381148 0.156657 0.184547
30 0.979220 0.506328 0.032702 0.013156
30 0.209123 0.392687 0.102479 0.012344
0 0.257660 0.338891 0.076936 0.112719
