58 0.183688 0.557805 0.057750 0.089038
58 0.950977 0.438204 0.098047 0.157300
57 0.247289 0.749671 0.400516 0.406854
56 0.578547 0.662113 0.112156 0.290188
56 0.756109 0.587582 0.054219 0.188216
56 0.697438 0.620117 0.058219 0.260516
56 0.844555 0.820423 0.292016 0.333333
60 0.593750 0.645775 0.231250 0.255869
75 0.025375 0.789577 0.047313 0.181127
75 0.955867 0.558075 0.046141 0.228732
56 0.508852 0.515915 0.027297 0.098545
56 0.601570 0.502089 0.060141 0.050329
58 0.418547 0.413286 0.040188 0.111455
59 0.859156 0.636866 0.146469 0.247817
74 0.989570 0.209249 0.020859 0.156995
62 0.954937 0.580141 0.044875 0.189624
75 0.419359 0.451291 0.016281 0.036291
75 0.398383 0.443322 0.013391 0.022324
57 0.847687 0.824261 0.285031 0.316831
