1 0.354970 0.851013 0.187340 0.289387
0 0.565250 0.496093 0.024900 0.037893
0 0.634640 0.544413 0.023960 0.078907
13 0.142680 0.563027 0.129720 0.058853
13 0.547610 0.543280 0.078060 0.049493
13 0.425390 0.528573 0.040380 0.027547
0 0.435290 0.494467 0.029180 0.050213
0 0.502820 0.493493 0.019600 0.047520
0 0.954310 0.522280 0.021060 0.088720
0 0.989330 0.515040 0.015340 0.045707
0 0.197970 0.516120 0.033860 0.078480
11 0.702400 0.419240 0.098200 0.142267
24 0.282880 0.731827 0.067160 0.120560
0 0.354550 0.738960 0.206500 0.485707
