27 0.682049 0.429961 0.097681 0.244953
26 0.160738 0.399727 0.154871 0.284766
0 0.273794 0.749641 0.435269 0.459031
0 0.092834 0.438063 0.178923 0.563063
0 0.334578 0.338953 0.219977 0.527813
0 0.185269 0.290484 0.188899 0.474719
56 0.389415 0.536781 0.333958 0.318312
0 0.937283 0.708148 0.125433 0.583703
0 0.517143 0.223680 0.153583 0.302391
0 0.444848 0.181328 0.128993 0.183812
0 0.906920 0.056617 0.104005 0.046766
0 0.766370 0.145977 0.230679 0.249328
0 0.707307 0.550281 0.522061 0.851125
0 0.887166 0.223328 0.166183 0.345812
0 0.066464 0.810187 0.132927 0.308844
0 0.923396 0.220617 0.153208 0.325797
