2 0.482062 0.740083 0.205437 0.125125
2 0.401359 0.474521 0.055375 0.055917
2 0.602734 0.516667 0.118687 0.057750
2 0.538711 0.505125 0.095234 0.057958
2 0.330828 0.472240 0.054906 0.062104
2 0.303805 0.550677 0.051172 0.077771
5 0.584828 0.640448 0.522469 0.238187
7 0.512414 0.478354 0.129828 0.069583
0 0.718344 0.731208 0.038469 0.095542
0 0.872391 0.757271 0.039125 0.161042
0 0.289461 0.827104 0.032609 0.147958
0 0.359227 0.832125 0.053234 0.198125
0 0.220766 0.840854 0.033844 0.185208
0 0.671477 0.878802 0.035047 0.100021
2 0.862187 0.661135 0.055563 0.087688
2 0.277398 0.660844 0.091984 0.108604
26 0.252289 0.856917 0.026141 0.055625
0 0.450609 0.705802 0.032250 0.030021
0 0.740070 0.625625 0.019734 0.050833
0 0.730570 0.833583 0.058266 0.182625
0 0.586414 0.617760 0.014359 0.052479
2 0.510047 0.487438 0.091594 0.070333
2 0.082602 0.643750 0.067391 0.083333
2 0.459844 0.490781 0.026062 0.047521
0 0.677953 0.829417 0.044375 0.138875
