57 0.265141 0.540860 0.391562 0.410744
57 0.697016 0.552198 0.489938 0.441837
56 0.069961 0.411209 0.104047 0.243302
75 0.472313 0.335453 0.032563 0.089791
68 0.336187 0.163267 0.053187 0.069512
69 0.342492 0.282919 0.075547 0.135558
73 0.613492 0.285814 0.007172 0.050837
73 0.636844 0.290326 0.004406 0.050140
73 0.679508 0.292128 0.005297 0.049233
73 0.742281 0.308221 0.008438 0.044256
74 0.103109 0.174314 0.036062 0.043884
60 0.137234 0.264314 0.274469 0.039419
73 0.899906 0.233791 0.035469 0.055953
73 0.792141 0.227023 0.008563 0.053023
73 0.713211 0.222651 0.106172 0.054930
73 0.636633 0.213640 0.006922 0.073698
73 0.573937 0.216988 0.012531 0.051000
73 0.790336 0.305198 0.015391 0.063465
73 0.522055 0.275919 0.012234 0.048721
73 0.514023 0.330360 0.007641 0.030209
73 0.566430 0.328384 0.004609 0.014628
