3 0.349766 0.574164 0.655250 0.833720
3 0.382984 0.349434 0.270969 0.685391
3 0.752680 0.590094 0.207578 0.533774
3 0.370609 0.285957 0.121156 0.157305
3 0.654977 0.402049 0.153203 0.444151
3 0.616633 0.253827 0.075453 0.202210
0 0.443586 0.130768 0.022172 0.058464
0 0.725258 0.185620 0.097141 0.278733
0 0.786203 0.218801 0.048188 0.286604
0 0.554289 0.258437 0.063828 0.386523
0 0.500453 0.169892 0.038906 0.077790
0 0.953633 0.241914 0.069359 0.273585
2 0.253695 0.179151 0.050953 0.077224
2 0.141398 0.166388 0.061359 0.047763
2 0.180344 0.173221 0.017281 0.026496
2 0.212516 0.169892 0.030406 0.039892
0 0.902625 0.207210 0.044781 0.200135
0 0.839125 0.220094 0.062094 0.216846
0 0.678766 0.142588 0.020875 0.076604
0 0.873242 0.215836 0.041953 0.186119
0 0.982141 0.244124 0.034125 0.227062
0 0.485477 0.148288 0.015703 0.037439
2 0.234523 0.144178 0.026891 0.014124
2 0.053078 0.179259 0.069031 0.059111
0 0.404531 0.153949 0.036969 0.125202
2 0.184320 0.166698 0.037453 0.040404
2 0.208609 0.156415 0.056469 0.038491
7 0.319227 0.169003 0.072516 0.098113
