60 0.497398 0.485316 0.991797 0.881171
40 0.761984 0.188068 0.194875 0.370656
42 0.653758 0.795527 0.662703 0.149883
50 0.543039 0.685105 0.134297 0.210773
50 0.601602 0.598712 0.106422 0.230023
50 0.324242 0.521218 0.128172 0.145059
50 0.501484 0.403302 0.080812 0.091710
50 0.347758 0.426897 0.066078 0.089625
50 0.275891 0.347143 0.051844 0.066885
50 0.370125 0.313923 0.103906 0.071874
50 0.411852 0.391417 0.086953 0.105925
50 0.499680 0.304087 0.054641 0.059696
56 0.662000 0.084063 0.210875 0.126956
56 0.872687 0.130211 0.254625 0.252600
