3 0.436469 0.601663 0.845719 0.770960
25 0.129992 0.057705 0.104828 0.115410
25 0.432797 0.062974 0.112906 0.122248
24 0.942367 0.400785 0.113828 0.262553
26 0.053641 0.364883 0.062656 0.147705
26 0.618836 0.333911 0.078953 0.135972
26 0.341320 0.274473 0.042391 0.137471
0 0.204656 0.173349 0.127188 0.125855
0 0.295469 0.210281 0.068531 0.318876
0 0.931797 0.522471 0.136406 0.734824
0 0.374211 0.271136 0.089922 0.255902
0 0.422305 0.189906 0.048891 0.201218
0 0.766891 0.289895 0.097469 0.350562
0 0.845250 0.407658 0.160781 0.520281
0 0.670805 0.284016 0.107141 0.398337
0 0.363687 0.486230 0.434156 0.764496
0 0.086727 0.346663 0.132016 0.578009
0 0.600992 0.311557 0.114484 0.338899
0 0.943977 0.173056 0.112047 0.246440
0 0.134289 0.184977 0.043859 0.148501
26 0.158625 0.196628 0.038125 0.051944
