39 0.523312 0.321906 0.025281 0.058438
56 0.948430 0.716208 0.103141 0.242625
56 0.039805 0.747865 0.078859 0.080188
56 0.402453 0.298531 0.167281 0.117062
60 0.345883 0.674115 0.688234 0.642354
0 0.234055 0.424781 0.466578 0.609687
0 0.266367 0.238875 0.143578 0.335000
0 0.652680 0.239583 0.295297 0.317667
0 0.748687 0.471208 0.502625 0.747375
41 0.232305 0.795052 0.076734 0.235729
42 0.571633 0.691323 0.151078 0.035188
43 0.561766 0.686708 0.170219 0.024708
43 0.126406 0.895510 0.175281 0.024729
2 0.613938 0.083469 0.103062 0.112937
2 0.463578 0.080021 0.110844 0.121500
2 0.317086 0.048448 0.042328 0.060604
2 0.112719 0.084094 0.055563 0.092396
2 0.113000 0.042406 0.051906 0.044646
2 0.771305 0.072094 0.095391 0.099562
2 0.820992 0.051240 0.061391 0.065479
2 0.856414 0.070240 0.025484 0.069729
40 0.333641 0.752750 0.062844 0.210667
40 0.324844 0.629010 0.055937 0.107896
40 0.336039 0.575500 0.048922 0.060708
40 0.483297 0.503073 0.040844 0.139646
41 0.431164 0.618323 0.052828 0.179979
41 0.378664 0.479719 0.042609 0.079229
41 0.525625 0.339833 0.030250 0.064750
43 0.377969 0.418292 0.074469 0.010583
56 0.375477 0.233906 0.125766 0.036437
56 0.529961 0.206125 0.059391 0.128167
56 0.442891 0.187583 0.085375 0.112542
2 0.153656 0.054094 0.044094 0.055896
2 0.690742 0.056073 0.052984 0.050521
2 0.237078 0.045708 0.049719 0.064125
40 0.473031 0.450813 0.041313 0.078083
40 0.359414 0.703896 0.037016 0.207792
41 0.447352 0.347917 0.027828 0.046375
42 0.590805 0.382312 0.080453 0.019958
42 0.200836 0.694438 0.126453 0.027000
42 0.538508 0.515667 0.067703 0.020125
56 0.603367 0.206156 0.062828 0.133854
56 0.672383 0.202917 0.060422 0.129042
56 0.714937 0.775323 0.109094 0.054562
56 0.698547 0.526510 0.096719 0.054479
56 0.388766 0.177656 0.072406 0.103771
2 0.295328 0.034417 0.014375 0.019167
25 0.369508 0.041500 0.105453 0.083000
43 0.533180 0.511740 0.083359 0.011562
43 0.585531 0.383438 0.089344 0.003583
60 0.568188 0.204281 0.180594 0.121813
