25 0.754711 0.274601 0.490578 0.487641
25 0.618281 0.564485 0.505188 0.280897
25 0.327148 0.456453 0.648766 0.912907
25 0.899820 0.729527 0.200359 0.228189
0 0.671930 0.834053 0.082984 0.330797
0 0.614258 0.797791 0.069203 0.228804
0 0.329742 0.711163 0.034047 0.068472
49 0.490922 0.883256 0.022219 0.021395
49 0.554250 0.887193 0.016750 0.012591
49 0.561688 0.894842 0.020031 0.015299
49 0.535320 0.914020 0.019109 0.014385
49 0.498773 0.896944 0.111922 0.050532
0 0.663492 0.678048 0.094047 0.051910
26 0.684836 0.841512 0.020359 0.018538
58 0.516797 0.792500 0.139781 0.212874
75 0.228078 0.856462 0.317969 0.287076
75 0.865594 0.946977 0.266813 0.103090
0 0.748523 0.834452 0.082578 0.326910
75 0.510781 0.944236 0.137844 0.087143
