28 0.516448 0.561172 0.205646 0.103906
28 0.903844 0.338336 0.186729 0.047109
28 0.883219 0.297133 0.122771 0.055641
0 0.737240 0.416469 0.311812 0.331656
0 0.565646 0.364422 0.166917 0.285938
0 0.288479 0.334672 0.158917 0.167687
0 0.324323 0.808555 0.552563 0.382891
0 0.189750 0.271109 0.080875 0.130094
0 0.139646 0.532781 0.194083 0.481656
0 0.262781 0.635516 0.351771 0.401000
0 0.111135 0.254906 0.052604 0.106719
0 0.119333 0.284742 0.172083 0.174047
28 0.408385 0.469234 0.227479 0.083656
28 0.937510 0.362125 0.124979 0.026000
28 0.417646 0.414563 0.206125 0.047656
28 0.952281 0.297727 0.095438 0.054766
