1 0.863945 0.847193 0.269547 0.259104
1 0.864008 0.817948 0.264203 0.253019
1 0.891273 0.593420 0.160484 0.106321
0 0.457516 0.604528 0.139625 0.504481
0 0.317789 0.647288 0.154047 0.677217
1 0.886578 0.500991 0.150500 0.175519
1 0.833211 0.522712 0.090203 0.149245
1 0.950578 0.570932 0.085500 0.084552
1 0.903672 0.485035 0.152031 0.135778
0 0.576344 0.379446 0.050000 0.167948
0 0.839008 0.387712 0.052422 0.189623
0 0.538648 0.408785 0.056703 0.279269
25 0.403453 0.292571 0.282875 0.146085
9 0.847164 0.264304 0.013891 0.032807
26 0.226680 0.518974 0.098109 0.249835
26 0.860711 0.361203 0.015516 0.076651
0 0.093289 0.628420 0.182703 0.743160
0 0.812867 0.343632 0.016516 0.085000
26 0.558891 0.453479 0.028969 0.066675
26 0.594016 0.409705 0.013562 0.037193
0 0.647703 0.350118 0.039844 0.130425
1 0.907359 0.528314 0.135688 0.101486
1 0.867211 0.580637 0.085266 0.075189
26 0.559867 0.381085 0.022297 0.041132
0 0.792578 0.335200 0.028281 0.078797
2 0.925984 0.336297 0.021250 0.040472
9 0.663820 0.146769 0.018547 0.065566
0 0.685859 0.455224 0.093125 0.358986
1 0.863430 0.707134 0.273141 0.250637
26 0.731437 0.517134 0.034250 0.081061
