0 0.365578 0.759725 0.130438 0.409389
0 0.128594 0.713452 0.156250 0.527230
26 0.155469 0.652841 0.069781 0.244379
26 0.081773 0.794430 0.058453 0.135010
77 0.040164 0.395530 0.078203 0.269756
77 0.184539 0.377831 0.098297 0.241609
77 0.258797 0.422077 0.122875 0.325010
77 0.333914 0.382882 0.095547 0.229796
77 0.464219 0.626395 0.076938 0.070143
77 0.483148 0.401640 0.095203 0.238758
77 0.558430 0.414277 0.096359 0.288228
77 0.634719 0.441405 0.113312 0.301263
77 0.740812 0.467780 0.139313 0.281792
77 0.767266 0.719847 0.098375 0.168656
77 0.104664 0.391538 0.109953 0.289308
77 0.833039 0.450173 0.108172 0.300102
0 0.559766 0.723462 0.104188 0.508635
77 0.409359 0.439532 0.113000 0.320407
