58 0.386340 0.188493 0.048320 0.150747
56 0.079580 0.543653 0.046280 0.088587
56 0.959860 0.527387 0.080280 0.251520
56 0.590720 0.368480 0.089160 0.161707
56 0.577350 0.334707 0.086540 0.129467
39 0.933190 0.279107 0.015540 0.059013
39 0.916730 0.279680 0.013900 0.061227
40 0.399690 0.643493 0.037940 0.158453
40 0.373220 0.806867 0.036840 0.177360
0 0.200560 0.733533 0.401120 0.527760
0 0.827890 0.161067 0.127580 0.210613
0 0.886720 0.348600 0.121720 0.322107
0 0.310810 0.418920 0.097980 0.328827
0 0.244460 0.350693 0.084240 0.145653
0 0.739930 0.345653 0.150300 0.200373
0 0.829400 0.379440 0.099040 0.250400
0 0.966720 0.420547 0.066560 0.384027
26 0.646510 0.462160 0.104940 0.171680
26 0.698230 0.513467 0.055900 0.082080
40 0.549790 0.597547 0.027500 0.119947
40 0.420010 0.531987 0.032020 0.127333
40 0.424820 0.429893 0.020560 0.088853
40 0.436580 0.391653 0.020960 0.081067
56 0.438130 0.259853 0.046020 0.082960
56 0.496130 0.231600 0.042020 0.035253
56 0.541310 0.264160 0.046300 0.098347
56 0.585250 0.302360 0.047980 0.081627
0 0.736490 0.627253 0.391900 0.630613
0 0.360990 0.353680 0.126020 0.237120
40 0.528250 0.486280 0.022420 0.094373
40 0.578180 0.775787 0.037280 0.183360
40 0.510650 0.378840 0.017540 0.064507
40 0.521340 0.412333 0.015160 0.056453
56 0.906740 0.797187 0.098360 0.402480
56 0.713140 0.274533 0.029560 0.070240
56 0.407080 0.309867 0.032600 0.078133
60 0.483120 0.764947 0.568840 0.438960
60 0.494810 0.301480 0.125580 0.023120
60 0.474100 0.471707 0.292120 0.192373
60 0.489330 0.355547 0.143300 0.096107
0 0.193740 0.430507 0.122840 0.147307
56 0.500840 0.322773 0.064520 0.147627
