9 0.786937 0.447576 0.030500 0.110515
0 0.279727 0.955105 0.013828 0.081030
0 0.295328 0.945913 0.033094 0.108173
0 0.322172 0.947436 0.024844 0.096464
0 0.782695 0.950878 0.091203 0.098244
0 0.357062 0.937529 0.050906 0.097822
0 0.730539 0.937810 0.079453 0.124379
0 0.829937 0.923478 0.034313 0.062084
0 0.854219 0.927119 0.028500 0.057892
0 0.396422 0.297319 0.164563 0.524660
2 0.519891 0.983208 0.372656 0.033583
2 0.891578 0.981112 0.123844 0.033279
9 0.255953 0.796265 0.029250 0.041710
0 0.072602 0.925222 0.020797 0.120749
0 0.039008 0.911487 0.013891 0.067330
0 0.109828 0.903630 0.020594 0.057471
7 0.532430 0.909110 0.335234 0.152693
0 0.242773 0.952225 0.012797 0.076721
9 0.807859 0.804075 0.042344 0.047119
