72 0.444398 0.443194 0.046766 0.481889
39 0.176273 0.461222 0.035734 0.104222
39 0.227117 0.437278 0.010016 0.060944
39 0.280102 0.425306 0.014141 0.106111
39 0.295789 0.424125 0.012984 0.098528
39 0.350977 0.391667 0.014141 0.119167
39 0.360109 0.377083 0.011219 0.061389
39 0.371766 0.339222 0.005750 0.044000
39 0.392992 0.426028 0.017547 0.059000
39 0.370078 0.411625 0.023344 0.091306
39 0.381398 0.398903 0.009641 0.103917
39 0.208602 0.446569 0.027609 0.056806
60 0.733828 0.625347 0.455063 0.337250
45 0.622563 0.546778 0.017500 0.034111
69 0.329680 0.676542 0.064328 0.344250
71 0.156531 0.555389 0.198625 0.077278
73 0.782633 0.597639 0.086609 0.028389
73 0.780289 0.578278 0.090859 0.032667
75 0.034445 0.555472 0.038984 0.078556
39 0.387578 0.368403 0.007531 0.044972
75 0.236867 0.472611 0.022016 0.038167
41 0.646070 0.553389 0.034203 0.090556
39 0.354961 0.431569 0.009672 0.049806
56 0.907687 0.889389 0.184125 0.221222
73 0.780570 0.610264 0.104828 0.040583
