0 0.557986 0.664281 0.372365 0.582094
50 0.250164 0.603117 0.065012 0.044953
50 0.417166 0.594617 0.107541 0.044422
0 0.774192 0.670031 0.451616 0.659938
0 0.730913 0.375594 0.070492 0.057406
0 0.359251 0.384422 0.073677 0.107375
0 0.563829 0.367625 0.089344 0.062719
0 0.619965 0.357289 0.054778 0.039797
50 0.428852 0.672477 0.087963 0.060641
50 0.335410 0.645086 0.108478 0.059609
50 0.223888 0.517453 0.106511 0.068031
50 0.159906 0.533766 0.077658 0.047250
50 0.110656 0.567187 0.088665 0.034469
50 0.098841 0.537898 0.045129 0.025297
50 0.483888 0.595945 0.081077 0.054641
50 0.385738 0.606750 0.240984 0.138531
50 0.188103 0.578742 0.163700 0.080953
51 0.227002 0.834227 0.123185 0.059578
51 0.279590 0.833969 0.159508 0.063844
51 0.259707 0.775953 0.131311 0.074625
51 0.279286 0.807422 0.159321 0.085500
51 0.279368 0.762836 0.159485 0.068016
51 0.064403 0.639680 0.110258 0.036141
51 0.318700 0.753547 0.078244 0.064625
51 0.375574 0.736078 0.059953 0.078094
51 0.233478 0.870313 0.050796 0.023500
51 0.342600 0.799977 0.094801 0.049047
51 0.333759 0.709172 0.028220 0.042688
51 0.366967 0.760117 0.178197 0.108234
0 0.472424 0.366953 0.064660 0.083062
51 0.235925 0.807258 0.099906 0.041734
