0 0.716023 0.416136 0.090578 0.123037
0 0.315266 0.376926 0.084219 0.123185
47 0.684680 0.498210 0.229734 0.072469
47 0.498031 0.522519 0.108438 0.054173
0 0.591711 0.428827 0.019953 0.097951
0 0.864812 0.487790 0.035469 0.052420
46 0.546828 0.713469 0.135563 0.133012
46 0.666945 0.735951 0.190547 0.267407
46 0.334680 0.653420 0.190984 0.203481
46 0.471773 0.665815 0.146141 0.170395
46 0.456953 0.621963 0.087188 0.158593
46 0.517742 0.694086 0.153172 0.186642
46 0.582734 0.740593 0.115031 0.143506
0 0.027250 0.418198 0.054500 0.126123
0 0.458266 0.347383 0.097500 0.239358
47 0.497680 0.538481 0.018703 0.029556
