3 0.387508 0.827412 0.210797 0.345176
3 0.075492 0.837119 0.147391 0.325761
24 0.168375 0.766522 0.097312 0.207143
0 0.263172 0.691534 0.084375 0.247892
0 0.563273 0.786452 0.099391 0.400960
0 0.785148 0.763513 0.094672 0.441452
0 0.359031 0.666686 0.073125 0.203068
0 0.454227 0.699204 0.054766 0.245012
0 0.682344 0.788185 0.073219 0.423630
0 0.634523 0.730867 0.041422 0.256768
0 0.867812 0.717927 0.083375 0.242693
0 0.073984 0.651698 0.116312 0.189204
0 0.518898 0.662904 0.033516 0.080468
26 0.556641 0.872670 0.055844 0.112740
26 0.707805 0.882763 0.048484 0.136721
0 0.619336 0.666393 0.026297 0.128525
0 0.178961 0.787763 0.180703 0.401054
0 0.947000 0.797623 0.088781 0.404754
26 0.802422 0.849590 0.058562 0.115948
