56 0.267155 0.639367 0.265504 0.280266
60 0.381581 0.928047 0.399930 0.143906
0 0.447963 0.600000 0.666885 0.476406
0 0.314684 0.453844 0.132974 0.109312
0 0.657588 0.481445 0.094426 0.105828
40 0.931768 0.800828 0.124895 0.161062
40 0.951358 0.697859 0.096393 0.062125
41 0.630738 0.853914 0.154871 0.138953
0 0.867354 0.505609 0.068899 0.018906
0 0.156499 0.565234 0.195386 0.322375
0 0.727026 0.493023 0.047400 0.060891
40 0.635152 0.853570 0.150070 0.139297
41 0.968290 0.810453 0.063419 0.113062
42 0.661956 0.796891 0.054590 0.023625
0 0.086956 0.902984 0.173911 0.193625
0 0.761780 0.509203 0.022717 0.022375
45 0.686066 0.957422 0.243466 0.085156
45 0.839660 0.952734 0.201148 0.090500
