74 0.066009 0.156031 0.101737 0.067469
0 0.020082 0.552359 0.040164 0.127781
0 0.966502 0.491062 0.019765 0.030906
25 0.923415 0.464930 0.071291 0.041141
25 0.954085 0.450172 0.091831 0.027906
0 0.934777 0.487320 0.023404 0.030984
0 0.987840 0.499609 0.020892 0.038906
0 0.103920 0.482602 0.009812 0.013609
0 0.022911 0.484203 0.010516 0.019469
0 0.962782 0.529367 0.072700 0.058078
0 0.950153 0.500773 0.020962 0.051422
0 0.088932 0.480219 0.016174 0.013875
0 0.037606 0.485445 0.011033 0.022328
0 0.922653 0.500195 0.035352 0.045547
56 0.979014 0.562539 0.041972 0.056609
