58 0.826117 0.236454 0.121391 0.158013
41 0.422875 0.782395 0.072531 0.104582
41 0.313156 0.915471 0.080375 0.169059
41 0.699258 0.442207 0.035078 0.062657
44 0.192656 0.971527 0.079094 0.056736
44 0.667961 0.803096 0.179609 0.200795
45 0.696523 0.837071 0.245047 0.253933
71 0.607102 0.436496 0.128578 0.087050
43 0.167344 0.834090 0.032625 0.066172
42 0.246680 0.738128 0.126891 0.054958
43 0.672172 0.221266 0.014875 0.038766
69 0.883930 0.486674 0.232141 0.133975
0 0.379500 0.480282 0.435344 0.900941
