32 0.456781 0.665105 0.011844 0.015972
32 0.453398 0.663185 0.004328 0.015035
56 0.281945 0.541862 0.089234 0.164567
38 0.449234 0.687073 0.037937 0.111756
0 0.476773 0.631464 0.104953 0.440445
0 0.347086 0.516850 0.181422 0.341569
0 0.736156 0.411230 0.077969 0.359555
0 0.199820 0.112026 0.070484 0.117307
0 0.754406 0.074180 0.064156 0.105831
0 0.692750 0.070047 0.072875 0.119251
0 0.871945 0.064063 0.062016 0.128126
0 0.810695 0.063056 0.064609 0.119368
0 0.389508 0.098536 0.066609 0.116604
0 0.266727 0.110351 0.064609 0.108103
0 0.332070 0.098044 0.064578 0.122600
0 0.928375 0.064496 0.072313 0.116815
26 0.564680 0.071944 0.018609 0.076066
0 0.975773 0.063337 0.048453 0.125691
56 0.429648 0.083642 0.067203 0.048782
56 0.490172 0.051347 0.051000 0.101569
56 0.401789 0.038595 0.031422 0.047916
56 0.089344 0.144333 0.060875 0.069461
56 0.105000 0.069672 0.039969 0.037002
