2 0.688461 0.516866 0.048797 0.035657
2 0.205320 0.529073 0.055766 0.031432
2 0.749383 0.522124 0.034391 0.025235
4 0.606430 0.411197 0.480391 0.237042
4 0.495109 0.357312 0.320094 0.125845
5 0.197141 0.503920 0.128719 0.070235
5 0.106547 0.506866 0.056969 0.067723
5 0.525602 0.509789 0.123672 0.061925
7 0.769375 0.493885 0.095125 0.066033
5 0.424156 0.508662 0.085156 0.064413
7 0.206766 0.527547 0.057563 0.036127
7 0.297086 0.511420 0.045203 0.035047
0 0.271945 0.518509 0.011953 0.034484
0 0.708703 0.510845 0.016281 0.028028
