20 0.683570 0.434871 0.632859 0.856502
0 0.374656 0.657371 0.089906 0.298779
0 0.542859 0.548310 0.064969 0.268404
0 0.479242 0.551808 0.053141 0.232723
0 0.329000 0.556056 0.066125 0.359249
0 0.222875 0.557300 0.113688 0.368545
0 0.178664 0.530200 0.070922 0.364343
0 0.154648 0.599120 0.044297 0.301291
0 0.366859 0.402394 0.021906 0.072488
0 0.396000 0.433556 0.037937 0.117582
0 0.029586 0.557829 0.058266 0.441244
39 0.897648 0.756526 0.015359 0.067230
0 0.115484 0.552418 0.060844 0.371549
0 0.827891 0.677746 0.144000 0.258451
