62 0.335391 0.766021 0.102625 0.186958
0 0.793547 0.537635 0.412906 0.898938
0 0.581398 0.705500 0.085172 0.374208
0 0.429086 0.686875 0.064172 0.253750
73 0.458133 0.467313 0.006078 0.026667
73 0.401586 0.465125 0.004859 0.029667
73 0.442570 0.506062 0.015641 0.024708
73 0.451820 0.548677 0.012797 0.031604
73 0.461516 0.503135 0.020375 0.035563
73 0.439937 0.465292 0.009531 0.032167
73 0.403516 0.505469 0.006781 0.030271
73 0.430031 0.506490 0.004094 0.025771
73 0.395039 0.465698 0.003672 0.028479
73 0.414398 0.545635 0.004484 0.031229
73 0.395461 0.584490 0.002516 0.039354
73 0.419617 0.504750 0.006266 0.028292
58 0.495898 0.705260 0.156234 0.407562
73 0.414062 0.465771 0.017813 0.027250
0 0.117859 0.751281 0.221906 0.239937
