56 0.285883 0.887076 0.194016 0.191002
56 0.551633 0.971973 0.212422 0.056053
0 0.488102 0.549100 0.344953 0.801350
0 0.745992 0.609243 0.349328 0.731984
0 0.219773 0.483149 0.281578 0.728098
0 0.335570 0.265767 0.220266 0.461718
44 0.380984 0.444693 0.016031 0.108323
44 0.739484 0.530358 0.039000 0.078548
55 0.022852 0.967505 0.044672 0.064990
55 0.719422 0.605624 0.061813 0.078650
55 0.374281 0.518016 0.053344 0.058569
55 0.344875 0.459857 0.058406 0.045031
55 0.042078 0.877260 0.060094 0.062699
55 0.913969 0.803783 0.111219 0.085481
55 0.339289 0.280828 0.040172 0.045010
42 0.380008 0.445695 0.012359 0.104724
42 0.731398 0.538405 0.033641 0.071411
60 0.690641 0.785215 0.618719 0.320491
44 0.341938 0.397618 0.016750 0.096462
60 0.189625 0.930634 0.378375 0.138732
42 0.019820 0.825276 0.036953 0.063967
44 0.020383 0.824346 0.035297 0.060225
42 0.342648 0.398149 0.016609 0.092209
42 0.295570 0.288006 0.105297 0.050245
