58 0.068977 0.730935 0.125953 0.251121
39 0.605367 0.682839 0.036016 0.116098
39 0.730344 0.622897 0.010063 0.046168
41 0.941633 0.849977 0.053391 0.114065
45 0.614563 0.848972 0.058813 0.065748
71 0.776352 0.924264 0.247672 0.124042
41 0.554430 0.794171 0.035391 0.082360
41 0.784859 0.629801 0.026094 0.052407
45 0.567422 0.826449 0.054937 0.058224
76 0.183914 0.743388 0.019953 0.038972
41 0.616555 0.850245 0.060484 0.064463
41 0.733523 0.628621 0.018672 0.031262
41 0.711187 0.623563 0.016438 0.047453
76 0.166008 0.769778 0.006641 0.012874
