62 0.754695 0.353021 0.282734 0.307166
39 0.239586 0.538970 0.029078 0.101452
56 0.153305 0.688618 0.109422 0.293349
56 0.319844 0.647319 0.101063 0.200117
60 0.199195 0.711276 0.370953 0.244707
57 0.623695 0.828841 0.752609 0.319087
56 0.254398 0.652436 0.079953 0.203419
60 0.438547 0.822459 0.520969 0.198361
56 0.104102 0.700831 0.085703 0.171639
40 0.269523 0.568033 0.012203 0.026417
47 0.466055 0.749169 0.036359 0.053138
47 0.494148 0.738513 0.032266 0.053466
47 0.385164 0.739333 0.030547 0.050000
47 0.405617 0.746194 0.032078 0.059133
47 0.440102 0.726265 0.026297 0.017775
47 0.466453 0.718899 0.029469 0.022717
73 0.964195 0.810152 0.071609 0.066393
57 0.084844 0.935398 0.169687 0.108642
