56 0.179398 0.587698 0.146547 0.105229
56 0.922086 0.799729 0.155547 0.208667
0 0.809828 0.478656 0.375844 0.885396
0 0.100055 0.683594 0.199609 0.120354
40 0.518258 0.439771 0.126391 0.337083
40 0.170008 0.825635 0.192078 0.348729
40 0.318828 0.876115 0.125281 0.247771
0 0.543539 0.504490 0.658984 0.950562
25 0.414609 0.185958 0.394375 0.370792
40 0.673969 0.886375 0.142313 0.223333
40 0.268258 0.933458 0.091516 0.129583
25 0.159070 0.270552 0.165859 0.538979
25 0.054297 0.224094 0.108594 0.448188
25 0.955844 0.171427 0.088313 0.322063
56 0.082516 0.619458 0.164375 0.090958
56 0.233437 0.516437 0.059813 0.029292
