14 0.380023 0.470761 0.042297 0.119977
14 0.668992 0.540258 0.026766 0.041546
56 0.079172 0.714672 0.059156 0.113091
60 0.691578 0.714625 0.127469 0.195761
0 0.300852 0.768735 0.169109 0.353396
0 0.138328 0.705152 0.133313 0.203607
0 0.846297 0.601042 0.092125 0.246066
0 0.461859 0.550363 0.088563 0.173138
0 0.462477 0.840984 0.221891 0.318033
0 0.547516 0.776042 0.170531 0.255597
0 0.801250 0.787775 0.171719 0.325667
0 0.597680 0.694005 0.117734 0.292319
27 0.805766 0.832904 0.036062 0.136862
60 0.171281 0.876569 0.321625 0.215246
60 0.727906 0.884262 0.319344 0.208993
40 0.701391 0.883033 0.036250 0.153419
40 0.639109 0.814251 0.038375 0.094543
40 0.923063 0.620269 0.022531 0.060773
40 0.984547 0.673337 0.016281 0.048829
40 0.202398 0.784415 0.030172 0.082412
40 0.105633 0.816136 0.024078 0.098548
40 0.671539 0.654368 0.014984 0.054215
40 0.659680 0.683220 0.015391 0.070656
40 0.929656 0.612646 0.012906 0.054848
40 0.153258 0.780117 0.025922 0.115691
40 0.710430 0.652119 0.015891 0.050281
41 0.723625 0.973080 0.040406 0.052857
0 0.635406 0.619625 0.065625 0.139344
0 0.104953 0.624719 0.065969 0.148314
40 0.659812 0.792061 0.024625 0.066464
56 0.392758 0.806183 0.032609 0.144122
56 0.173914 0.929215 0.167922 0.110094
56 0.907516 0.681768 0.037906 0.099789
60 0.936977 0.646218 0.094047 0.043724
60 0.529250 0.618770 0.063000 0.063115
60 0.199070 0.641920 0.053328 0.057143
0 0.037398 0.819368 0.074797 0.361265
41 0.666391 0.969052 0.039875 0.061897
41 0.689430 0.691756 0.012703 0.025059
0 0.757172 0.613478 0.044719 0.157588
40 0.640656 0.928443 0.030437 0.122646
56 0.400141 0.724063 0.055188 0.061101
56 0.170172 0.990199 0.160938 0.019602
60 0.966742 0.686897 0.066516 0.079415
0 0.922422 0.866124 0.155156 0.267752
