56 0.652623 0.690065 0.215376 0.170752
56 0.568701 0.648644 0.790539 0.250000
56 0.513088 0.586495 0.116013 0.056160
56 0.409404 0.547369 0.027598 0.033725
56 0.497034 0.584763 0.108971 0.072827
25 0.458824 0.350964 0.451895 0.061634
25 0.286487 0.375270 0.327059 0.078023
25 0.841675 0.460106 0.243578 0.115801
60 0.588824 0.619232 0.247810 0.040000
60 0.467802 0.566838 0.182533 0.014363
25 0.583399 0.386699 0.737778 0.469804
25 0.470163 0.425629 0.192451 0.026095
25 0.876095 0.412500 0.247810 0.279281
25 0.252443 0.466863 0.239951 0.075556
60 0.942100 0.556136 0.115801 0.013840
56 0.274453 0.535212 0.035931 0.017549
56 0.613399 0.572051 0.030784 0.056912
56 0.528088 0.548652 0.070065 0.031454
60 0.255229 0.555000 0.062353 0.024085
