8 0.925494 0.333562 0.143933 0.064875
8 0.822213 0.323078 0.086825 0.089125
8 0.763977 0.327180 0.056138 0.028422
8 0.571005 0.293953 0.030723 0.057313
8 0.494162 0.254469 0.039153 0.101500
8 0.555300 0.279125 0.033280 0.074719
24 0.135697 0.389867 0.214145 0.258016
8 0.700273 0.266422 0.056596 0.080125
8 0.668580 0.271687 0.036702 0.066594
8 0.871896 0.284187 0.054339 0.014625
8 0.962637 0.300852 0.074727 0.031266
8 0.795467 0.287930 0.024480 0.006578
8 0.441085 0.290492 0.033527 0.025391
0 0.338624 0.524680 0.472028 0.924672
