62 0.057102 0.419958 0.114203 0.158417
59 0.860703 0.798094 0.278594 0.372188
73 0.466289 0.548594 0.144734 0.095562
73 0.506109 0.436635 0.004625 0.081187
73 0.677344 0.793635 0.015156 0.073771
73 0.711125 0.917458 0.108781 0.115917
73 0.717664 0.782854 0.011078 0.035833
73 0.430734 0.435115 0.012094 0.081312
73 0.450187 0.436104 0.012594 0.082500
73 0.772016 0.820833 0.044812 0.092708
73 0.395414 0.433396 0.009953 0.078208
73 0.421492 0.433292 0.008828 0.081667
73 0.460242 0.436125 0.011141 0.084333
73 0.470383 0.436042 0.011484 0.082292
73 0.485930 0.436000 0.018703 0.087250
73 0.441570 0.435844 0.013203 0.084479
26 0.176531 0.338865 0.085719 0.186313
26 0.205289 0.478448 0.045453 0.081687
26 0.161383 0.526990 0.046547 0.152812
73 0.702320 0.795625 0.015016 0.064292
77 0.649016 0.663896 0.042594 0.095500
77 0.514938 0.319625 0.041344 0.055458
77 0.403984 0.252563 0.043250 0.069083
77 0.464000 0.215833 0.074219 0.136958
77 0.500992 0.222521 0.102828 0.140667
