5 0.553648 0.519097 0.611797 0.782028
0 0.897813 0.699639 0.116906 0.536000
0 0.084406 0.633292 0.023844 0.146139
0 0.957023 0.695778 0.047797 0.299389
0 0.225969 0.635944 0.019844 0.134556
0 0.188406 0.643833 0.032281 0.150389
26 0.960898 0.674306 0.074109 0.160056
0 0.017016 0.621611 0.017781 0.158778
0 0.138742 0.620194 0.019922 0.094167
25 0.086531 0.553056 0.052438 0.028222
0 0.110297 0.626292 0.026406 0.155250
26 0.070703 0.622792 0.015344 0.044639
0 0.982508 0.627306 0.018234 0.083333
0 0.008398 0.622361 0.016797 0.176500
0 0.993766 0.648625 0.012469 0.114472
0 0.167398 0.638000 0.035828 0.127611
0 0.203016 0.632042 0.025312 0.157917
