4 0.502531 0.420219 0.994938 0.548312
0 0.316602 0.733615 0.069453 0.261854
7 0.083102 0.672187 0.102359 0.048500
24 0.738664 0.716698 0.130266 0.225396
26 0.418906 0.819323 0.075781 0.361063
26 0.947625 0.657000 0.038156 0.082167
0 0.695406 0.848229 0.074094 0.303542
0 0.529219 0.722479 0.347187 0.532583
0 0.891586 0.761010 0.216828 0.477979
0 0.768586 0.745500 0.145266 0.488750
0 0.940656 0.565500 0.118687 0.206083
0 0.857812 0.447094 0.159156 0.157729
0 0.827352 0.531510 0.057141 0.147562
0 0.722656 0.595740 0.039125 0.071396
