17 0.764523 0.648486 0.470953 0.680352
17 0.422867 0.457418 0.121797 0.157183
2 0.273875 0.432171 0.155125 0.089319
2 0.179445 0.427441 0.093422 0.078263
0 0.786305 0.669484 0.257828 0.656854
0 0.288570 0.366408 0.011609 0.039155
0 0.337547 0.390880 0.022687 0.036033
0 0.123641 0.345176 0.014531 0.036831
0 0.078375 0.355552 0.008469 0.046925
0 0.384953 0.356667 0.010625 0.028873
0 0.373547 0.356092 0.007469 0.019789
7 0.092016 0.502101 0.184031 0.220258
17 0.098703 0.377300 0.108219 0.044225
0 0.417281 0.414847 0.028687 0.106408
