58 0.819352 0.643817 0.361297 0.707869
62 0.288227 0.335550 0.117109 0.160328
15 0.147781 0.865585 0.103313 0.208595
57 0.663258 0.507424 0.413391 0.259859
0 0.705328 0.501124 0.148094 0.356487
56 0.497758 0.697845 0.361578 0.381827
40 0.760547 0.691874 0.033563 0.092506
63 0.700453 0.444871 0.078469 0.077377
65 0.292469 0.407400 0.031281 0.012927
73 0.210391 0.366956 0.045750 0.012927
73 0.213742 0.406230 0.061484 0.010585
73 0.213578 0.387201 0.057375 0.020539
26 0.587328 0.460550 0.042031 0.093607
41 0.700172 0.872354 0.077969 0.132576
15 0.637008 0.508454 0.035734 0.028571
41 0.569336 0.940808 0.096297 0.118384
45 0.429680 0.938571 0.272047 0.122857
41 0.642867 0.818326 0.071234 0.127377
