34 0.249180 0.540305 0.005047 0.018393
0 0.240555 0.696967 0.040109 0.170111
32 0.347844 0.556828 0.004875 0.007175
0 0.708648 0.787202 0.063297 0.195402
0 0.824359 0.736925 0.049125 0.132355
0 0.805461 0.675277 0.044109 0.154543
0 0.251320 0.172424 0.009172 0.024903
0 0.597219 0.188310 0.012531 0.026814
0 0.443180 0.521828 0.022672 0.043546
0 0.867836 0.237230 0.012266 0.026094
0 0.263984 0.576787 0.040000 0.110637
0 0.346594 0.526482 0.020344 0.041994
0 0.168648 0.587715 0.031484 0.087784
35 0.210180 0.584488 0.009672 0.012632
35 0.850039 0.558324 0.007672 0.011219
0 0.209984 0.563199 0.023219 0.051163
0 0.835562 0.582812 0.037812 0.113601
