25 0.629281 0.477992 0.365187 0.172141
0 0.650208 0.686063 0.152958 0.425281
0 0.734135 0.742375 0.222437 0.502656
0 0.597625 0.539570 0.059833 0.063828
0 0.138896 0.593250 0.098958 0.181344
0 0.857052 0.530398 0.061646 0.087922
0 0.833198 0.517578 0.046146 0.051562
0 0.262490 0.542398 0.033729 0.061703
0 0.414760 0.533492 0.027479 0.059828
0 0.455500 0.523102 0.020750 0.048234
0 0.498469 0.536227 0.026104 0.063641
0 0.385844 0.533586 0.017021 0.043859
0 0.340427 0.538391 0.030021 0.057531
0 0.404240 0.524711 0.014979 0.041391
