3 0.745470 0.656351 0.019540 0.057688
5 0.435240 0.584595 0.451720 0.727868
0 0.326840 0.485796 0.076920 0.132312
0 0.532960 0.450360 0.109640 0.137177
0 0.746650 0.620661 0.030900 0.085586
28 0.377680 0.183904 0.066920 0.081321
28 0.438780 0.185375 0.069080 0.100000
28 0.482370 0.209520 0.047460 0.054054
28 0.283570 0.211892 0.055580 0.098198
7 0.217060 0.540210 0.038080 0.267508
28 0.334690 0.213303 0.045220 0.028949
0 0.357410 0.472688 0.043900 0.157087
0 0.396710 0.506381 0.040500 0.091502
7 0.941530 0.579024 0.116940 0.412342
