33 0.153656 0.183667 0.020156 0.017917
33 0.233250 0.168615 0.010031 0.015521
33 0.688180 0.466938 0.035797 0.030583
33 0.471266 0.139198 0.063625 0.036229
0 0.627695 0.848604 0.045734 0.206333
0 0.867133 0.866292 0.129766 0.244958
0 0.468187 0.857271 0.103969 0.284167
0 0.334555 0.593260 0.642141 0.791021
0 0.470664 0.851365 0.091172 0.188229
0 0.534477 0.831198 0.037641 0.125438
0 0.962180 0.788802 0.015172 0.039146
0 0.981539 0.710677 0.016203 0.041479
0 0.739203 0.896719 0.047813 0.104771
33 0.384242 0.126146 0.181797 0.160250
33 0.981008 0.437938 0.036172 0.024417
33 0.796547 0.309865 0.122281 0.106188
33 0.755000 0.412250 0.012875 0.017167
33 0.292164 0.320417 0.012547 0.013292
33 0.254258 0.050969 0.097516 0.034146
33 0.037328 0.109823 0.013094 0.009312
33 0.731297 0.431135 0.013094 0.013146
0 0.936289 0.799781 0.036516 0.062104
33 0.237438 0.262708 0.103438 0.030875
0 0.780508 0.899302 0.059578 0.155646
0 0.912937 0.782000 0.018094 0.054417
0 0.991250 0.778760 0.017500 0.073896
