34 0.474156 0.571628 0.029812 0.050656
34 0.399188 0.483560 0.016000 0.029742
35 0.701508 0.587096 0.071047 0.128384
0 0.502266 0.600000 0.308844 0.669649
0 0.839336 0.678700 0.229078 0.434965
32 0.238258 0.504169 0.025953 0.035410
0 0.671172 0.294836 0.104375 0.177119
0 0.927922 0.099696 0.078344 0.157377
0 0.802383 0.170246 0.146359 0.340492
0 0.720367 0.159813 0.062703 0.279578
0 0.138383 0.335867 0.110953 0.483911
0 0.959812 0.298782 0.080375 0.205152
0 0.512805 0.269918 0.118016 0.191874
0 0.757336 0.350785 0.077078 0.088735
