0 0.246758 0.296135 0.085859 0.122146
49 0.771477 0.190604 0.018703 0.024667
49 0.782445 0.226385 0.020078 0.027354
49 0.757992 0.176104 0.020109 0.022917
49 0.775125 0.165437 0.022000 0.025708
49 0.777937 0.145594 0.017781 0.024354
49 0.762211 0.155740 0.017797 0.020229
49 0.784328 0.202458 0.018781 0.024583
49 0.764484 0.130031 0.017219 0.032438
49 0.771500 0.176448 0.050031 0.126438
0 0.739609 0.225646 0.076281 0.162375
0 0.558945 0.349854 0.019234 0.031167
46 0.439508 0.540437 0.022266 0.045833
46 0.676187 0.576615 0.171625 0.164563
46 0.693195 0.688292 0.134016 0.233208
46 0.869133 0.587198 0.176859 0.151229
46 0.890023 0.636604 0.126766 0.164583
46 0.490898 0.526375 0.050609 0.101917
46 0.442703 0.531781 0.195062 0.144563
0 0.627313 0.286854 0.027469 0.037750
0 0.030898 0.497292 0.061797 0.117833
0 0.106422 0.829958 0.209469 0.211708
46 0.417781 0.679167 0.246750 0.262292
47 0.681773 0.327677 0.024609 0.022729
47 0.777117 0.311312 0.092766 0.053000
47 0.654617 0.325833 0.038328 0.029000
