27 0.328002 0.357273 0.028096 0.062453
0 0.323441 0.459547 0.478389 0.626969
0 0.713190 0.461711 0.395042 0.601359
41 0.842835 0.778859 0.052448 0.069344
55 0.593546 0.745562 0.287176 0.117219
75 0.147730 0.776297 0.068724 0.070125
27 0.073023 0.524703 0.031360 0.074500
41 0.217249 0.755375 0.062280 0.074281
41 0.255492 0.742063 0.047301 0.062125
0 0.057165 0.530336 0.114331 0.359547
0 0.025596 0.783180 0.051192 0.114234
41 0.898065 0.790773 0.069770 0.083109
55 0.588441 0.638969 0.191234 0.095719
60 0.516036 0.855914 0.967929 0.288172
