2 0.368672 0.926068 0.166656 0.085188
2 0.632031 0.933944 0.028063 0.051080
0 0.036609 0.586467 0.060500 0.174624
0 0.127867 0.560904 0.086109 0.177911
0 0.226297 0.567864 0.067344 0.133568
0 0.373461 0.555516 0.056766 0.104977
0 0.307383 0.552817 0.049359 0.116854
0 0.481563 0.518650 0.038094 0.062418
0 0.441430 0.529624 0.035484 0.047700
0 0.529078 0.518662 0.018906 0.047934
25 0.348883 0.515880 0.103766 0.143357
25 0.412055 0.471526 0.041297 0.029437
25 0.205672 0.465739 0.124156 0.089883
25 0.299094 0.494202 0.047406 0.053146
0 0.642609 0.551819 0.033156 0.106596
0 0.520273 0.518439 0.028922 0.053638
25 0.101320 0.456631 0.145203 0.062793
25 0.617711 0.508897 0.053047 0.051643
25 0.481773 0.491056 0.060078 0.054460
25 0.440445 0.484671 0.068797 0.045540
25 0.550984 0.504131 0.063062 0.063944
25 0.674461 0.509871 0.052141 0.027770
25 0.782016 0.503991 0.054219 0.022441
25 0.051055 0.496761 0.095891 0.080563
0 0.784656 0.565692 0.026844 0.113216
7 0.820367 0.935070 0.226484 0.103897
25 0.392547 0.474871 0.037000 0.027441
0 0.404430 0.539014 0.042359 0.110704
0 0.694258 0.533016 0.012922 0.013826
