14 0.523907 0.410230 0.092453 0.037940
14 0.899053 0.397520 0.074107 0.105600
14 0.243480 0.121200 0.188560 0.073480
8 0.421120 0.670670 0.024107 0.012740
8 0.330640 0.636740 0.131147 0.035760
8 0.648600 0.644120 0.056133 0.012840
8 0.705733 0.660790 0.033547 0.010340
0 0.422507 0.886760 0.056640 0.033640
8 0.814480 0.646240 0.053867 0.013720
8 0.566973 0.661840 0.103173 0.015040
8 0.302400 0.661600 0.089280 0.014320
8 0.715347 0.647040 0.017893 0.002920
8 0.554213 0.653240 0.028373 0.010640
8 0.451120 0.642690 0.020907 0.008260
8 0.150333 0.652600 0.106640 0.015680
8 0.100880 0.641270 0.076747 0.009620
14 0.826680 0.413270 0.035707 0.009660
14 0.479267 0.535530 0.019600 0.015340
14 0.885587 0.657130 0.057147 0.030300
8 0.724227 0.636440 0.058267 0.010000
