15 0.522116 0.491830 0.402467 0.251078
59 0.500000 0.677132 1.000000 0.623317
73 0.240694 0.110817 0.029657 0.076928
73 0.419077 0.089297 0.019101 0.031732
73 0.192010 0.109314 0.023137 0.079935
73 0.088056 0.109600 0.015131 0.072467
73 0.648194 0.020237 0.018448 0.040474
73 0.432263 0.013578 0.009886 0.027157
73 0.232876 0.012051 0.110327 0.012435
73 0.590940 0.094869 0.088873 0.016013
73 0.215016 0.112672 0.028301 0.076127
73 0.495490 0.229436 0.058693 0.116225
73 0.719363 0.239526 0.022092 0.086601
73 0.635972 0.019175 0.019755 0.038350
73 0.480980 0.105866 0.013137 0.063856
