60 0.419227 0.217000 0.344234 0.143667
60 0.532578 0.643969 0.775281 0.680896
0 0.757422 0.250625 0.186219 0.312417
0 0.183508 0.185906 0.137922 0.275313
0 0.446531 0.182042 0.167375 0.286167
41 0.276398 0.476635 0.067766 0.166896
41 0.604164 0.638479 0.102297 0.223875
41 0.382875 0.343573 0.049969 0.078271
45 0.465375 0.659906 0.116562 0.101354
45 0.464891 0.374281 0.094437 0.056688
45 0.478492 0.339729 0.069422 0.034167
40 0.090922 0.782844 0.167813 0.432729
40 0.172367 0.678437 0.131016 0.423833
40 0.412852 0.878635 0.213016 0.242729
40 0.722578 0.805417 0.164500 0.363208
40 0.790680 0.885385 0.215641 0.229229
40 0.317844 0.478677 0.082812 0.253688
40 0.653969 0.446531 0.069687 0.232313
40 0.740430 0.391094 0.074703 0.125354
40 0.046000 0.613229 0.092000 0.299458
40 0.212055 0.459833 0.081016 0.264625
40 0.332063 0.391677 0.056031 0.274521
41 0.596430 0.359656 0.047109 0.110729
0 0.117961 0.138187 0.119297 0.276375
0 0.094445 0.287656 0.185172 0.565438
39 0.278570 0.805188 0.101297 0.337667
40 0.746813 0.547167 0.111437 0.189792
41 0.622375 0.828615 0.095344 0.306771
45 0.456648 0.770490 0.222078 0.137813
40 0.269016 0.309385 0.055406 0.140063
0 0.836039 0.328573 0.327922 0.646771
