0 0.599414 0.641740 0.165859 0.716521
0 0.749398 0.648895 0.181203 0.702210
0 0.555008 0.228862 0.084203 0.248359
0 0.676336 0.317626 0.108391 0.233501
27 0.444219 0.546619 0.037031 0.235733
27 0.592250 0.542735 0.023656 0.207046
27 0.741242 0.487319 0.020359 0.110394
27 0.778359 0.357910 0.019813 0.113589
27 0.502227 0.396116 0.019703 0.089825
27 0.332508 0.422013 0.025328 0.141882
27 0.275234 0.288457 0.016719 0.062210
27 0.557797 0.265689 0.021625 0.103939
27 0.696812 0.390295 0.024594 0.083129
27 0.452313 0.281324 0.020844 0.041466
0 0.253414 0.296652 0.132484 0.339694
0 0.439211 0.643096 0.171953 0.713807
0 0.788047 0.331575 0.110312 0.336674
0 0.355805 0.408282 0.117422 0.363392
0 0.343766 0.166466 0.074531 0.166105
0 0.440812 0.173982 0.138594 0.218468
0 0.422672 0.272648 0.124875 0.262319
0 0.728781 0.199530 0.066594 0.202779
0 0.517023 0.352068 0.114609 0.263742
