74 0.556802 0.083164 0.091146 0.067453
43 0.663708 0.634758 0.266667 0.031453
43 0.627240 0.521711 0.370354 0.026641
44 0.630542 0.431172 0.101792 0.068750
45 0.639479 0.295039 0.279208 0.144578
46 0.461844 0.666508 0.082396 0.113859
46 0.551125 0.810320 0.174292 0.085922
46 0.543542 0.857797 0.177208 0.114562
46 0.521094 0.674320 0.063604 0.094953
46 0.369135 0.680305 0.113687 0.088172
46 0.519354 0.880945 0.183000 0.134391
46 0.601260 0.788172 0.098646 0.040406
46 0.400698 0.665555 0.099021 0.111391
39 0.228167 0.574203 0.109583 0.249781
39 0.281948 0.480719 0.089521 0.228813
39 0.322094 0.410781 0.071271 0.208406
39 0.424802 0.281008 0.059438 0.130297
39 0.079146 0.531672 0.158292 0.285812
39 0.398479 0.333898 0.039625 0.145078
39 0.687750 0.172516 0.059750 0.120687
39 0.482333 0.145211 0.054958 0.081766
44 0.744771 0.290906 0.091375 0.020500
55 0.543406 0.407516 0.177646 0.059781
56 0.915354 0.583461 0.168042 0.538172
60 0.447937 0.639328 0.812000 0.716844
39 0.368281 0.362180 0.063729 0.183828
39 0.464469 0.251219 0.023521 0.090875
39 0.449896 0.229180 0.021875 0.085047
55 0.569094 0.572922 0.277896 0.083875
73 0.103073 0.369984 0.151771 0.119781
39 0.637063 0.202023 0.106208 0.121328
39 0.440312 0.257180 0.041667 0.121266
46 0.543490 0.694836 0.124771 0.109797
46 0.521198 0.405687 0.025604 0.019969
46 0.552958 0.403859 0.031750 0.014875
46 0.488010 0.746891 0.073271 0.059375
58 0.393854 0.206852 0.100292 0.332859
