39 0.381201 0.235720 0.060000 0.072520
67 0.497718 0.250150 0.049550 0.012300
67 0.586742 0.238460 0.045015 0.045520
56 0.542568 0.390510 0.067477 0.089420
60 0.949655 0.304260 0.100691 0.037200
0 0.732192 0.475710 0.337417 0.768540
0 0.588138 0.245060 0.160841 0.179400
0 0.280210 0.471560 0.484505 0.819040
0 0.957117 0.238350 0.084565 0.134180
26 0.828093 0.489600 0.132282 0.108960
41 0.909384 0.290160 0.026336 0.024560
56 0.948604 0.413580 0.102793 0.196720
0 0.472823 0.287240 0.125105 0.234160
26 0.179414 0.372820 0.272763 0.400960
26 0.599835 0.412710 0.112042 0.196740
41 0.567177 0.256720 0.018438 0.013000
56 0.577598 0.326260 0.136156 0.044200
56 0.867748 0.407490 0.063844 0.062660
58 0.466036 0.361210 0.233333 0.449460
56 0.533498 0.448510 0.214204 0.247460
