2 0.513977 0.816518 0.537828 0.281461
5 0.814820 0.713245 0.188891 0.094118
74 0.548023 0.287932 0.045141 0.059203
74 0.604227 0.297059 0.018609 0.053207
0 0.210648 0.725389 0.010547 0.036774
0 0.187680 0.726309 0.006828 0.029051
0 0.345711 0.723890 0.024141 0.061556
0 0.159195 0.724175 0.010766 0.043226
0 0.964039 0.734080 0.008797 0.030209
0 0.362445 0.725721 0.012797 0.042182
0 0.271305 0.722676 0.005641 0.018330
0 0.382758 0.722941 0.014484 0.052258
2 0.924625 0.734260 0.032156 0.031176
2 0.990242 0.755484 0.019516 0.057002
2 0.046188 0.723975 0.037875 0.026812
9 0.058844 0.522343 0.050906 0.142941
9 0.934453 0.693159 0.007031 0.024763
9 0.013828 0.525019 0.027656 0.134288
0 0.404125 0.725968 0.019250 0.044535
0 0.371281 0.726129 0.012812 0.049146
0 0.147242 0.726755 0.010359 0.041860
0 0.136023 0.719583 0.008141 0.024061
0 0.130078 0.721888 0.006000 0.021082
