0 0.159570 0.411034 0.275234 0.576587
0 0.368820 0.407861 0.176734 0.397740
0 0.595102 0.404279 0.232766 0.470721
0 0.850742 0.313341 0.136766 0.305433
0 0.921016 0.462885 0.116250 0.478269
76 0.236820 0.337873 0.058547 0.074976
76 0.905469 0.811635 0.063813 0.087644
76 0.664047 0.745216 0.097125 0.052212
24 0.772437 0.472524 0.072719 0.124327
56 0.690336 0.365096 0.073422 0.148029
56 0.486812 0.373942 0.029844 0.126779
56 0.980352 0.362260 0.039297 0.108510
56 0.949875 0.745421 0.100250 0.284880
56 0.022180 0.608762 0.042484 0.202091
0 0.764766 0.392488 0.094375 0.266947
56 0.312273 0.555757 0.067078 0.114784
60 0.510977 0.792212 0.978047 0.389615
