8 0.424180 0.609895 0.231360 0.258881
8 0.392560 0.459983 0.102320 0.131573
8 0.358620 0.351696 0.125960 0.060664
8 0.309780 0.858986 0.257080 0.265175
25 0.231120 0.335997 0.139080 0.173462
0 0.657480 0.783147 0.224960 0.433706
0 0.626540 0.372168 0.046080 0.314196
0 0.491050 0.595682 0.177060 0.273322
0 0.821720 0.233479 0.130600 0.343951
0 0.449070 0.405332 0.059860 0.128147
0 0.521080 0.399948 0.048320 0.118427
0 0.899110 0.497762 0.201780 0.982028
0 0.265060 0.728829 0.192400 0.352063
0 0.525200 0.495227 0.103280 0.203741
0 0.689350 0.284458 0.029060 0.071154
0 0.256720 0.387867 0.099600 0.147692
8 0.211480 0.353846 0.165000 0.047203
8 0.608940 0.533164 0.096760 0.111853
0 0.769030 0.298759 0.066380 0.138287
0 0.572990 0.293514 0.043060 0.093671
8 0.707560 0.405000 0.076960 0.116434
8 0.138910 0.524668 0.262980 0.187028
8 0.156460 0.818322 0.312920 0.363357
8 0.557550 0.824073 0.136900 0.337657
8 0.492760 0.253444 0.143360 0.035629
