0 0.311164 0.750059 0.049484 0.078759
33 0.874516 0.284239 0.075063 0.224122
33 0.865875 0.551066 0.013281 0.037026
33 0.594125 0.537553 0.012313 0.028970
33 0.196578 0.512752 0.014625 0.025176
37 0.321734 0.785457 0.033750 0.011429
33 0.404547 0.511909 0.013375 0.033419
33 0.305320 0.570222 0.011078 0.027283
33 0.272437 0.579578 0.006250 0.012646
33 0.162375 0.555176 0.013500 0.031007
33 0.269945 0.597658 0.008047 0.016721
33 0.056258 0.519344 0.011172 0.021967
0 0.997000 0.675679 0.006000 0.027283
0 0.326828 0.665656 0.008812 0.019742
0 0.589805 0.678852 0.012891 0.027681
0 0.481094 0.663290 0.003219 0.012482
0 0.496391 0.661920 0.003000 0.007494
0 0.711430 0.671511 0.004672 0.013981
0 0.244477 0.657529 0.003422 0.005316
0 0.061375 0.660808 0.003719 0.008829
