72 0.636234 0.520792 0.281469 0.626958
68 0.284367 0.488479 0.205672 0.165083
69 0.293070 0.470719 0.228047 0.191438
73 0.804906 0.385937 0.015219 0.065125
73 0.845250 0.369406 0.026781 0.106646
73 0.852938 0.366302 0.042375 0.103229
73 0.870594 0.372687 0.027969 0.102792
73 0.972523 0.375469 0.054953 0.104646
73 0.879781 0.372104 0.029531 0.102875
73 0.886836 0.375729 0.029391 0.099500
73 0.828281 0.363635 0.036781 0.114229
73 0.897516 0.377750 0.038937 0.093000
73 0.925297 0.378802 0.034969 0.073604
73 0.897930 0.218542 0.107359 0.025917
73 0.962094 0.554250 0.075813 0.068458
73 0.822313 0.364292 0.026781 0.111625
