2 0.546477 0.335785 0.114516 0.196440
2 0.768117 0.315351 0.219109 0.319602
2 0.373156 0.332646 0.260313 0.315129
2 0.097969 0.330398 0.167375 0.230679
56 0.912242 0.549988 0.090078 0.218712
0 0.179984 0.531405 0.294375 0.803888
0 0.633844 0.411827 0.138344 0.345199
0 0.936242 0.516405 0.109516 0.258290
0 0.516508 0.495504 0.163422 0.226979
38 0.340125 0.394297 0.158938 0.169344
26 0.575148 0.603150 0.093172 0.143724
13 0.366133 0.583302 0.195078 0.203747
32 0.677273 0.647400 0.026141 0.036487
39 0.415562 0.555515 0.024656 0.078618
67 0.611523 0.290457 0.013609 0.019649
