39 0.943950 0.288597 0.013980 0.054149
39 0.942890 0.475657 0.026380 0.109881
39 0.419260 0.547716 0.033360 0.143612
0 0.223500 0.621030 0.195160 0.735970
0 0.362740 0.659985 0.241320 0.680030
0 0.576050 0.508940 0.181540 0.248925
0 0.786460 0.615687 0.199640 0.744925
41 0.664090 0.676149 0.037780 0.077194
41 0.462940 0.635672 0.030320 0.055284
41 0.468850 0.600373 0.043700 0.046299
45 0.548470 0.639149 0.066260 0.041045
40 0.301560 0.591194 0.035640 0.041313
40 0.464140 0.638896 0.029040 0.069731
41 0.564220 0.461090 0.029880 0.046657
41 0.300000 0.590731 0.035480 0.044746
41 0.695530 0.666149 0.028020 0.071224
40 0.565170 0.461209 0.032540 0.040746
