0 0.096600 0.756053 0.047200 0.166293
0 0.482030 0.736253 0.069700 0.149733
0 0.972230 0.766653 0.052620 0.237040
0 0.136210 0.818640 0.070620 0.286987
30 0.055200 0.840333 0.075480 0.021627
0 0.385730 0.745760 0.043220 0.097280
0 0.260490 0.687720 0.022220 0.078160
0 0.677780 0.693960 0.033760 0.068453
0 0.297480 0.688493 0.019480 0.058747
0 0.278170 0.691293 0.011460 0.065467
0 0.214830 0.745960 0.010940 0.017627
0 0.322910 0.660307 0.022860 0.028347
24 0.375530 0.931000 0.049700 0.080773
24 0.978220 0.698240 0.042360 0.064427
30 0.091010 0.842587 0.031900 0.015307
0 0.328410 0.783720 0.084100 0.256080
0 0.042860 0.722427 0.047720 0.135733
30 0.111630 0.972320 0.100060 0.037333
