25 0.769850 0.731640 0.128260 0.130373
56 0.931930 0.795787 0.038340 0.056587
56 0.812350 0.815813 0.048300 0.082560
0 0.358410 0.812173 0.031500 0.040453
0 0.791550 0.805187 0.032020 0.067013
0 0.518390 0.781973 0.051820 0.139253
33 0.284670 0.565573 0.024940 0.047360
33 0.856250 0.466800 0.017660 0.049013
33 0.130140 0.600613 0.025520 0.049973
33 0.473820 0.209413 0.040600 0.141173
33 0.243770 0.624560 0.013580 0.025707
33 0.664220 0.503373 0.047440 0.059760
33 0.638650 0.578400 0.029420 0.048587
33 0.851890 0.599507 0.025660 0.032507
33 0.602490 0.667213 0.015740 0.019120
56 0.788240 0.818013 0.040160 0.071280
0 0.362170 0.838613 0.029700 0.019573
0 0.675960 0.792613 0.029520 0.103893
0 0.859890 0.786453 0.023460 0.033173
0 0.846350 0.777947 0.038220 0.074773
0 0.736130 0.776613 0.031260 0.125013
0 0.985850 0.825027 0.028300 0.041893
0 0.868480 0.826093 0.072480 0.073893
8 0.135160 0.816147 0.116400 0.058693
33 0.707700 0.631693 0.013920 0.019920
33 0.308660 0.649267 0.009560 0.019653
33 0.319770 0.640907 0.006220 0.009227
