2 0.116867 0.962535 0.038109 0.036103
2 0.096242 0.941913 0.030016 0.027066
2 0.069062 0.969484 0.059437 0.038873
8 0.578109 0.785505 0.034187 0.122606
8 0.212172 0.781702 0.018563 0.026596
0 0.393367 0.943415 0.005422 0.025000
2 0.046844 0.924108 0.035281 0.031690
0 0.295492 0.905904 0.005422 0.022183
0 0.119672 0.918850 0.009000 0.026526
33 0.360797 0.248216 0.128469 0.111127
33 0.381641 0.528955 0.106406 0.096080
0 0.114039 0.897394 0.006641 0.025540
7 0.019133 0.957711 0.037734 0.074249
33 0.642945 0.446467 0.093766 0.084671
0 0.105117 0.981068 0.006297 0.020023
0 0.018391 0.982124 0.012250 0.035751
0 0.406422 0.941913 0.006031 0.025657
0 0.290234 0.906256 0.005281 0.026033
0 0.017555 0.903568 0.007453 0.021127
2 0.027656 0.964331 0.022312 0.036127
2 0.126352 0.946232 0.024734 0.036784
2 0.014164 0.920622 0.024984 0.013357
7 0.046016 0.922418 0.031656 0.023991
