2 0.461016 0.166571 0.068844 0.053549
2 0.589648 0.133438 0.094703 0.046100
0 0.915977 0.548235 0.168047 0.458244
0 0.853898 0.549852 0.149922 0.450203
0 0.745203 0.582939 0.098156 0.400591
0 0.376477 0.368050 0.063297 0.254399
0 0.285531 0.282588 0.057625 0.191830
0 0.230742 0.280536 0.056484 0.202588
0 0.159719 0.276174 0.055313 0.168133
0 0.616414 0.538198 0.081672 0.375287
0 0.062477 0.246479 0.053078 0.202421
0 0.570750 0.506275 0.087094 0.374104
0 0.680055 0.503817 0.104422 0.347190
0 0.609875 0.361063 0.044906 0.087449
27 0.858633 0.465407 0.019484 0.052033
27 0.980977 0.594316 0.038047 0.159390
27 0.690836 0.438022 0.014703 0.054344
27 0.573750 0.412819 0.014406 0.057911
27 0.542648 0.379713 0.007359 0.014880
27 0.465648 0.350841 0.006641 0.023789
27 0.508500 0.340009 0.004906 0.013808
27 0.429180 0.297172 0.006641 0.008096
27 0.850430 0.294704 0.007297 0.032514
27 0.739883 0.314510 0.009609 0.031349
27 0.775156 0.480813 0.016375 0.036451
27 0.384977 0.286627 0.004797 0.017283
56 0.766938 0.698133 0.078438 0.164510
56 0.688289 0.677181 0.090797 0.201682
56 0.618367 0.647652 0.066516 0.202107
56 0.192414 0.317135 0.033078 0.087061
56 0.454539 0.511664 0.045484 0.151608
56 0.381469 0.440416 0.043438 0.127967
56 0.494664 0.547551 0.037953 0.169556
56 0.523484 0.576774 0.039031 0.179871
56 0.419469 0.466682 0.015625 0.133882
56 0.135680 0.309196 0.025141 0.089335
0 0.760750 0.343087 0.057594 0.066765
56 0.428008 0.470832 0.005797 0.089242
56 0.569711 0.612384 0.058641 0.186026
56 0.347484 0.404824 0.021750 0.115786
