0 0.829717 0.603089 0.340567 0.793644
0 0.299642 0.420433 0.143417 0.279933
41 0.358525 0.598389 0.026650 0.065578
69 0.200958 0.895744 0.159750 0.186111
69 0.207300 0.780900 0.380900 0.402244
73 0.442208 0.351400 0.089850 0.032400
73 0.508667 0.384733 0.007067 0.024311
73 0.485825 0.383778 0.023250 0.025911
73 0.419825 0.380633 0.007217 0.024867
73 0.438825 0.381444 0.009583 0.029067
73 0.585125 0.389178 0.012350 0.021422
73 0.408033 0.382911 0.010533 0.023111
73 0.414758 0.380400 0.008350 0.027822
73 0.427692 0.382989 0.012817 0.025356
71 0.678775 0.535122 0.089117 0.023178
45 0.044683 0.638289 0.088400 0.073111
