53 0.501688 0.525844 0.996625 0.925854
47 0.535102 0.208260 0.122453 0.099771
47 0.503477 0.360510 0.069703 0.151646
60 0.498875 0.839333 0.997750 0.298875
47 0.272828 0.240354 0.190469 0.064125
47 0.767328 0.431646 0.094906 0.174458
47 0.612539 0.492438 0.192922 0.132458
47 0.640898 0.628375 0.281953 0.195417
47 0.635102 0.265583 0.123797 0.135667
47 0.419867 0.188406 0.054047 0.100896
47 0.364594 0.386208 0.207938 0.121417
47 0.134414 0.300000 0.249359 0.116875
53 0.709727 0.061635 0.391609 0.121438
47 0.334555 0.235719 0.113891 0.059604
47 0.424594 0.302927 0.165187 0.073687
47 0.642930 0.363031 0.217141 0.108854
