16 0.706992 0.879800 0.088547 0.208071
67 0.163406 0.416941 0.013312 0.011012
24 0.378789 0.835294 0.082078 0.155059
0 0.151063 0.476553 0.088375 0.425576
0 0.278305 0.609424 0.129828 0.649435
0 0.323313 0.483353 0.051687 0.331318
0 0.420273 0.534906 0.086734 0.423412
0 0.476086 0.488800 0.086328 0.427529
0 0.559602 0.515353 0.110422 0.438188
0 0.692602 0.531318 0.123047 0.489976
0 0.209602 0.381824 0.066266 0.160400
0 0.798336 0.584306 0.119141 0.545600
7 0.749125 0.277529 0.435750 0.555059
24 0.514539 0.543965 0.027922 0.077294
26 0.427477 0.437094 0.053547 0.104824
26 0.123703 0.491094 0.072500 0.162659
56 0.253430 0.737200 0.143234 0.307153
0 0.377445 0.464600 0.065641 0.393294
0 0.894578 0.587894 0.152656 0.663365
24 0.309578 0.426035 0.039844 0.099176
0 0.038195 0.495024 0.076391 0.364494
26 0.530383 0.551012 0.057609 0.075106
26 0.312461 0.425576 0.038234 0.094494
0 0.063187 0.444682 0.044906 0.264235
