39 0.772633 0.539672 0.011453 0.074286
72 0.326094 0.642916 0.250375 0.580211
56 0.314063 0.818689 0.174313 0.337845
60 0.159672 0.822611 0.316344 0.251686
41 0.678398 0.550152 0.026141 0.056417
41 0.648594 0.556206 0.024438 0.048244
41 0.629164 0.562564 0.013422 0.039461
69 0.856102 0.846066 0.158922 0.285386
71 0.544625 0.582939 0.159656 0.022084
56 0.013906 0.704368 0.027813 0.122272
39 0.491781 0.558372 0.015000 0.045785
39 0.504625 0.555152 0.012531 0.055082
56 0.296172 0.654567 0.110625 0.102482
