46 0.469813 0.552930 0.569159 0.297297
46 0.288201 0.551680 0.430514 0.302547
46 0.275584 0.354203 0.281963 0.174656
46 0.078353 0.342031 0.121939 0.167531
46 0.235713 0.225680 0.258855 0.204016
46 0.055981 0.165758 0.106495 0.195578
46 0.548178 0.283859 0.352056 0.224219
46 0.505724 0.888766 0.507383 0.195500
46 0.601484 0.820977 0.618294 0.235953
46 0.636776 0.756930 0.594766 0.161797
46 0.584696 0.610109 0.826636 0.402250
46 0.628505 0.310125 0.071776 0.049812
46 0.571402 0.370727 0.391262 0.101047
