0 0.396977 0.844843 0.008141 0.061713
14 0.577844 0.941906 0.012375 0.018706
14 0.541555 0.952955 0.005422 0.012622
14 0.511320 0.917867 0.002797 0.011608
14 0.864555 0.942325 0.011859 0.019336
14 0.247461 0.913549 0.014141 0.010734
14 0.262563 0.939983 0.012562 0.014231
14 0.192891 0.918199 0.005500 0.019196
33 0.129828 0.547273 0.067937 0.187063
37 0.398234 0.850192 0.021969 0.018077
14 0.531094 0.924790 0.009969 0.014056
14 0.308086 0.935192 0.005828 0.013741
14 0.054758 0.926434 0.009891 0.018741
14 0.832883 0.833182 0.006484 0.018322
