14 0.252266 0.432361 0.251656 0.280333
14 0.433625 0.698278 0.354125 0.595278
14 0.486891 0.813986 0.313312 0.350528
14 0.585148 0.487194 0.240703 0.641722
14 0.849797 0.169889 0.262500 0.232278
14 0.692227 0.225361 0.162109 0.158222
14 0.623648 0.118278 0.139234 0.236556
14 0.873258 0.715417 0.252953 0.548167
14 0.253602 0.726875 0.125109 0.520417
14 0.108500 0.696458 0.215781 0.507417
14 0.096570 0.436917 0.193141 0.321889
14 0.899797 0.424069 0.200406 0.234417
14 0.457727 0.203514 0.212328 0.223139
14 0.306047 0.227958 0.198375 0.141917
14 0.724664 0.630625 0.164703 0.718472
