56 0.687530 0.915586 0.122380 0.161261
35 0.316550 0.418814 0.068340 0.076486
0 0.209670 0.449249 0.320660 0.576697
0 0.881250 0.630646 0.115500 0.502252
0 0.953880 0.888514 0.092120 0.220631
0 0.784980 0.732583 0.145160 0.512372
0 0.936750 0.932447 0.079500 0.101351
0 0.472930 0.915736 0.077820 0.146066
0 0.550170 0.927072 0.102100 0.145856
0 0.276500 0.954775 0.073680 0.090450
0 0.319600 0.958589 0.047240 0.082523
0 0.842600 0.889895 0.122720 0.197748
0 0.619600 0.957733 0.071840 0.056186
0 0.195280 0.973964 0.053920 0.052072
