2 0.178602 0.756354 0.098797 0.068208
2 0.062000 0.774813 0.121781 0.092917
5 0.361172 0.714521 0.216375 0.140000
25 0.443008 0.737229 0.148828 0.112375
9 0.378781 0.516198 0.017438 0.065812
9 0.641438 0.693625 0.008500 0.012500
26 0.409664 0.865063 0.027047 0.056292
26 0.434922 0.870708 0.032438 0.073917
0 0.464164 0.885260 0.087609 0.229479
0 0.387484 0.887302 0.074719 0.214229
0 0.669242 0.778865 0.040234 0.135396
0 0.611352 0.748979 0.019703 0.105042
0 0.634961 0.753323 0.028797 0.091979
0 0.816570 0.879781 0.193828 0.222479
0 0.791539 0.739479 0.030328 0.118042
0 0.944969 0.888469 0.110062 0.223062
0 0.769820 0.743740 0.023984 0.127312
0 0.208594 0.712250 0.016094 0.019500
2 0.230063 0.738635 0.052250 0.044937
25 0.365008 0.746625 0.027328 0.056958
25 0.744852 0.710667 0.060641 0.032792
26 0.849461 0.726573 0.013734 0.032354
26 0.723938 0.746667 0.015000 0.038917
0 0.740055 0.781156 0.043078 0.122187
0 0.839516 0.723125 0.031656 0.062792
9 0.843578 0.442333 0.028156 0.112833
26 0.645758 0.769073 0.010109 0.025562
26 0.683898 0.762781 0.014203 0.052813
26 0.637992 0.737146 0.008734 0.029125
2 0.067680 0.733969 0.131734 0.062646
