0 0.577500 0.692539 0.203208 0.164828
0 0.912469 0.230203 0.043604 0.029750
34 0.529927 0.642234 0.062896 0.060313
35 0.461865 0.770906 0.046771 0.032344
0 0.545104 0.295469 0.048833 0.037656
0 0.515104 0.282320 0.037750 0.045297
0 0.440229 0.268625 0.041000 0.043344
0 0.252656 0.313555 0.050021 0.051109
0 0.527615 0.479383 0.065729 0.095609
13 0.243583 0.501641 0.177250 0.039313
56 0.085521 0.290844 0.025458 0.020938
56 0.527125 0.234664 0.031375 0.016672
56 0.396979 0.301109 0.050292 0.018594
56 0.020062 0.292922 0.034125 0.020188
56 0.304271 0.190453 0.049708 0.039750
56 0.192625 0.288023 0.036667 0.015953
56 0.216281 0.287828 0.030771 0.015219
0 0.255979 0.711820 0.124792 0.180109
56 0.921552 0.174703 0.031854 0.016438
56 0.138271 0.272586 0.033167 0.012797
56 0.886906 0.200258 0.028479 0.013703
56 0.845229 0.215438 0.028417 0.012781
0 0.387083 0.738977 0.177792 0.127484
0 0.572031 0.483094 0.070938 0.079219
0 0.416490 0.346687 0.070021 0.056344
13 0.473583 0.495125 0.079458 0.047938
0 0.894250 0.276359 0.051833 0.038875
0 0.692167 0.297961 0.044208 0.035297
56 0.796073 0.201781 0.025521 0.013656
56 0.823417 0.226906 0.027250 0.014906
