27 0.401650 0.370443 0.014540 0.077135
27 0.301800 0.341250 0.012200 0.035885
27 0.352400 0.332448 0.013000 0.049583
27 0.229420 0.325000 0.010800 0.063490
27 0.630910 0.339766 0.015940 0.052917
27 0.810910 0.283529 0.011900 0.039036
0 0.703280 0.468542 0.160520 0.559531
0 0.410370 0.498802 0.129700 0.506302
0 0.651690 0.476445 0.100660 0.478151
0 0.599730 0.271914 0.036260 0.103359
0 0.572990 0.474492 0.121980 0.563776
0 0.153600 0.488763 0.141520 0.653932
0 0.306400 0.487331 0.088200 0.525495
0 0.513210 0.304297 0.041140 0.130938
0 0.468380 0.327396 0.099880 0.208438
0 0.345720 0.318138 0.079320 0.192891
0 0.247640 0.482760 0.133120 0.586562
0 0.843770 0.441706 0.159420 0.511484
27 0.454810 0.318281 0.009860 0.034063
27 0.577430 0.301992 0.013540 0.041328
27 0.710060 0.312214 0.011480 0.019479
27 0.605180 0.305013 0.021560 0.040755
