1 0.918250 0.530701 0.163500 0.197370
1 0.854430 0.517610 0.123016 0.198023
36 0.329430 0.711804 0.085641 0.044530
36 0.749992 0.705259 0.136578 0.055432
24 0.343953 0.411084 0.066094 0.129117
24 0.701500 0.424683 0.068875 0.093397
0 0.329789 0.478599 0.112172 0.433820
0 0.759375 0.521363 0.156469 0.368369
0 0.526234 0.345969 0.054531 0.166296
0 0.431836 0.318004 0.032578 0.126449
0 0.400016 0.313916 0.030844 0.125605
0 0.139273 0.331459 0.034578 0.130403
0 0.961297 0.351967 0.054125 0.188695
0 0.747352 0.330662 0.025797 0.078676
0 0.816648 0.349875 0.025141 0.099175
0 0.795516 0.345336 0.022219 0.104146
0 0.886117 0.350921 0.046266 0.145912
0 0.066461 0.437044 0.058266 0.069213
1 0.951539 0.576065 0.096922 0.138157
0 0.606164 0.361583 0.035391 0.050729
26 0.532133 0.321555 0.027234 0.065797
