19 0.412953 0.506896 0.032656 0.032250
19 0.333891 0.524813 0.036094 0.034417
19 0.226227 0.535312 0.031359 0.035333
19 0.197727 0.376406 0.017266 0.021062
19 0.264070 0.391125 0.008672 0.021667
19 0.357180 0.429115 0.011922 0.020146
19 0.420859 0.469437 0.014688 0.024000
19 0.605617 0.497292 0.029641 0.032000
19 0.188195 0.468708 0.024203 0.020750
19 0.655781 0.500708 0.028844 0.027167
19 0.432148 0.460833 0.010672 0.023958
19 0.891594 0.641010 0.037937 0.034646
19 0.495781 0.481823 0.021438 0.033771
