17 0.264403 0.425352 0.132084 0.325141
17 0.800632 0.492789 0.183326 0.204141
0 0.687096 0.627219 0.565855 0.597750
0 0.265410 0.347117 0.216300 0.282672
0 0.564602 0.375922 0.078665 0.123219
0 0.164508 0.336234 0.039930 0.032844
0 0.125644 0.345055 0.045808 0.041922
0 0.060129 0.361430 0.052342 0.069172
0 0.931838 0.337625 0.041054 0.042063
0 0.803162 0.364656 0.209180 0.235438
0 0.971230 0.344195 0.056932 0.071641
0 0.907037 0.380023 0.034403 0.076422
0 0.871803 0.339539 0.031850 0.038984
0 0.905281 0.327609 0.038337 0.052875
0 0.601721 0.331781 0.035433 0.044375
