60 0.499578 0.488697 0.996719 0.973275
50 0.496617 0.432432 0.165609 0.188387
50 0.206250 0.797345 0.094469 0.198710
50 0.684656 0.695062 0.090906 0.176973
50 0.511898 0.708238 0.164453 0.272953
50 0.921687 0.620236 0.126156 0.150248
50 0.382070 0.283263 0.256859 0.143697
50 0.397813 0.757643 0.078531 0.207047
50 0.220656 0.642295 0.067656 0.110496
50 0.601961 0.191104 0.032672 0.061017
50 0.860813 0.614963 0.032688 0.057767
51 0.562875 0.409801 0.110563 0.149082
45 0.508180 0.494814 0.983641 0.984417
51 0.358711 0.402891 0.132703 0.160422
50 0.726359 0.593412 0.076906 0.126278
50 0.164234 0.349963 0.046156 0.092730
