0 0.492376 0.536945 0.977976 0.926109
37 0.150929 0.493242 0.247600 0.986484
37 0.710824 0.148359 0.080612 0.296719
37 0.841765 0.304844 0.074118 0.603906
37 0.907282 0.449211 0.118753 0.895922
37 0.260671 0.863531 0.154282 0.272937
37 0.322435 0.542352 0.177153 0.882359
37 0.045694 0.582281 0.091388 0.835344
37 0.289659 0.274930 0.071506 0.143578
37 0.549835 0.050781 0.048518 0.097906
37 0.381729 0.164977 0.165153 0.329016
37 0.623682 0.145828 0.134376 0.290187
37 0.801835 0.407789 0.203388 0.815578
37 0.806871 0.164945 0.061035 0.329891
