56 0.709250 0.759151 0.311020 0.460215
62 0.432090 0.426962 0.199140 0.197751
63 0.575800 0.475144 0.111400 0.118517
64 0.593100 0.539211 0.033160 0.020766
66 0.466090 0.544258 0.209620 0.044976
73 0.221220 0.593888 0.011400 0.091124
73 0.119560 0.710120 0.019640 0.104928
73 0.219710 0.450933 0.016820 0.088995
73 0.064570 0.706364 0.033660 0.114306
73 0.134210 0.709127 0.015300 0.097967
73 0.189830 0.717883 0.013340 0.095670
73 0.166270 0.718337 0.021580 0.091459
73 0.193570 0.599821 0.005220 0.063708
73 0.183910 0.599617 0.010020 0.061244
73 0.201130 0.722356 0.011980 0.087344
73 0.073160 0.560574 0.057320 0.008708
73 0.262770 0.585215 0.029380 0.106938
77 0.456870 0.285443 0.068940 0.095144
0 0.645670 0.273684 0.025700 0.031196
0 0.704540 0.209426 0.021720 0.025646
73 0.146860 0.449139 0.020440 0.085120
