16 0.327280 0.427660 0.347467 0.456560
62 0.545320 0.175850 0.185787 0.130340
15 0.713867 0.766480 0.176480 0.135160
62 0.059800 0.199220 0.116187 0.080000
63 0.729773 0.225580 0.234480 0.114600
56 0.424653 0.338720 0.383813 0.391560
64 0.149840 0.249640 0.029227 0.015720
73 0.130933 0.754380 0.258133 0.115520
75 0.945213 0.139050 0.048293 0.063380
62 0.757387 0.214750 0.176640 0.094700
0 0.057147 0.433760 0.107360 0.275320
63 0.056680 0.211850 0.113360 0.101820
66 0.533173 0.264950 0.064107 0.027020
73 0.120467 0.346850 0.014800 0.071900
