56 0.052719 0.682616 0.019281 0.050487
60 0.601336 0.620584 0.703797 0.722579
0 0.539789 0.306800 0.265984 0.516277
0 0.860594 0.774781 0.228531 0.425669
0 0.674406 0.237202 0.264031 0.370170
53 0.474766 0.776983 0.106937 0.095426
53 0.452961 0.587786 0.094891 0.143504
0 0.939039 0.198698 0.075922 0.257105
0 0.907930 0.453358 0.131359 0.413966
53 0.912914 0.540888 0.078516 0.080900
26 0.527461 0.578455 0.128953 0.168540
0 0.726156 0.133102 0.099250 0.169465
53 0.627336 0.393844 0.043359 0.058443
60 0.217680 0.201302 0.432016 0.293504
0 0.274508 0.581095 0.462516 0.836788
56 0.028437 0.784489 0.056875 0.426496
