34 0.638336 0.726741 0.426984 0.114603
0 0.524391 0.586495 0.400156 0.827009
0 0.329109 0.650561 0.216406 0.667430
0 0.193430 0.566367 0.356859 0.838575
0 0.892133 0.524544 0.054859 0.332687
0 0.805133 0.492488 0.045766 0.184790
0 0.854773 0.519942 0.049859 0.238341
0 0.945234 0.526612 0.069875 0.279159
0 0.808422 0.318154 0.009781 0.021355
0 0.711586 0.617979 0.106703 0.521332
27 0.216680 0.579299 0.082297 0.314486
0 0.643742 0.360818 0.008578 0.015374
0 0.651328 0.351565 0.010750 0.016495
0 0.757695 0.391577 0.015547 0.024696
0 0.802812 0.345000 0.009250 0.020467
56 0.034688 0.368119 0.014094 0.005724
