39 0.916922 0.581030 0.024469 0.092084
39 0.897273 0.562436 0.018359 0.132881
39 0.935781 0.598279 0.013844 0.054262
72 0.257469 0.513267 0.138813 0.560773
43 0.865898 0.583326 0.030172 0.054286
43 0.858383 0.592073 0.030984 0.053747
68 0.378727 0.357670 0.068391 0.108267
69 0.440414 0.709028 0.040891 0.175574
71 0.723969 0.839532 0.186688 0.053302
71 0.346148 0.659953 0.042297 0.036066
71 0.563555 0.835492 0.171859 0.061288
43 0.857805 0.638326 0.032422 0.047799
43 0.853031 0.606089 0.024500 0.041593
