50 0.510492 0.483875 0.039078 0.029167
50 0.512922 0.520906 0.078563 0.095271
50 0.347641 0.549875 0.060000 0.084708
50 0.429516 0.462969 0.049938 0.068604
50 0.560297 0.190594 0.040594 0.047063
50 0.714609 0.518573 0.036500 0.054271
50 0.236086 0.558312 0.061828 0.087167
50 0.220789 0.459427 0.106734 0.096271
53 0.515727 0.452813 0.839328 0.609000
45 0.407266 0.079281 0.184781 0.156521
50 0.217602 0.292646 0.038234 0.038458
50 0.301797 0.351792 0.072344 0.077250
50 0.400898 0.345198 0.032328 0.033354
50 0.311062 0.542490 0.019375 0.056688
50 0.547453 0.397802 0.057531 0.159187
