0 0.719633 0.609667 0.176953 0.662167
0 0.018453 0.419688 0.036906 0.158833
0 0.400070 0.330052 0.026391 0.091521
0 0.554500 0.353240 0.047188 0.083146
0 0.430188 0.348344 0.041781 0.067646
0 0.369656 0.327573 0.026500 0.129854
0 0.213344 0.327344 0.054438 0.166563
30 0.531742 0.722625 0.234266 0.406750
30 0.247195 0.879042 0.094672 0.237167
24 0.368453 0.915875 0.217000 0.168250
24 0.201352 0.297073 0.024203 0.067104
24 0.271250 0.305562 0.026000 0.049667
24 0.373750 0.300562 0.028937 0.052125
24 0.432258 0.327906 0.026016 0.023771
24 0.471195 0.297427 0.019453 0.030854
0 0.299297 0.325562 0.049531 0.156833
30 0.299867 0.401656 0.059484 0.024271
0 0.469438 0.320760 0.027844 0.097854
0 0.350297 0.353917 0.028375 0.062792
0 0.270703 0.334292 0.031563 0.109167
30 0.051070 0.695656 0.102141 0.074188
