54 0.750000 0.760090 0.491046 0.417042
50 0.149436 0.149436 0.141585 0.146062
45 0.500000 0.250302 0.989641 0.489624
45 0.252925 0.722843 0.493922 0.444771
54 0.397712 0.845286 0.200098 0.197859
54 0.413954 0.673791 0.182908 0.168725
54 0.088309 0.781822 0.166225 0.171422
54 0.132835 0.616871 0.167729 0.155931
54 0.245776 0.683399 0.159657 0.158268
54 0.216315 0.831871 0.194297 0.194297
60 0.502598 0.254551 0.989608 0.477925
51 0.635482 0.054739 0.068840 0.033954
51 0.596397 0.079240 0.034003 0.026520
51 0.739837 0.117745 0.047026 0.036699
51 0.715327 0.101438 0.069902 0.034608
