24 0.816680 0.734051 0.087320 0.230151
24 0.438180 0.684036 0.075640 0.166506
26 0.562150 0.677199 0.052940 0.222229
0 0.158030 0.759729 0.094220 0.449096
0 0.190920 0.745633 0.104880 0.386687
0 0.436610 0.747545 0.092540 0.435331
0 0.371920 0.694322 0.073880 0.406476
0 0.329490 0.670964 0.039900 0.338193
0 0.292500 0.733238 0.053040 0.395693
0 0.596420 0.736702 0.124480 0.489608
13 0.921260 0.561596 0.032080 0.051145
24 0.124170 0.781928 0.112260 0.251024
24 0.259840 0.658539 0.047680 0.154849
24 0.741340 0.542741 0.033360 0.076205
24 0.529130 0.579051 0.033060 0.072440
0 0.235760 0.866295 0.188000 0.267410
0 0.706110 0.605557 0.055540 0.319729
0 0.267830 0.647199 0.091020 0.283133
0 0.088460 0.703223 0.092120 0.174880
0 0.805010 0.760678 0.114900 0.456175
13 0.847450 0.549111 0.049100 0.014187
24 0.676070 0.664142 0.039300 0.070512
24 0.539030 0.648584 0.040820 0.101084
26 0.674830 0.624473 0.048780 0.161958
26 0.046770 0.691114 0.028220 0.103313
26 0.339600 0.659247 0.027960 0.144458
24 0.696840 0.527364 0.040120 0.076837
0 0.529610 0.513133 0.043860 0.090542
