45 0.553650 0.777533 0.332020 0.359547
45 0.239100 0.575160 0.411080 0.550320
45 0.424670 0.203480 0.374140 0.405947
45 0.729780 0.408987 0.374160 0.480907
45 0.926570 0.790400 0.144700 0.417013
51 0.341290 0.083600 0.072620 0.164747
51 0.412300 0.073107 0.071600 0.141733
51 0.511760 0.092933 0.137640 0.176480
51 0.536380 0.274493 0.097680 0.150267
51 0.487740 0.260040 0.112160 0.214053
51 0.421300 0.182667 0.336960 0.365333
52 0.690030 0.411040 0.082780 0.119360
52 0.796990 0.382013 0.088980 0.122533
60 0.500000 0.500000 1.000000 1.000000
