39 0.166729 0.290234 0.042208 0.081531
39 0.084125 0.483406 0.022708 0.039062
56 0.756052 0.519883 0.044937 0.114359
69 0.953937 0.653242 0.092125 0.341578
71 0.273771 0.526867 0.249208 0.073672
41 0.880760 0.340133 0.025687 0.016891
41 0.907417 0.338133 0.025792 0.021578
41 0.928021 0.338227 0.015542 0.019734
41 0.922146 0.372734 0.018125 0.014938
41 0.860719 0.340336 0.016313 0.021422
41 0.886552 0.373711 0.019479 0.013766
41 0.903698 0.374266 0.015771 0.013125
41 0.864802 0.373992 0.022104 0.015391
41 0.238687 0.316547 0.029000 0.028406
56 0.722594 0.512086 0.102646 0.075172
