0 0.658431 0.732590 0.211242 0.251683
0 0.843366 0.758611 0.239281 0.410196
39 0.558440 0.889804 0.037696 0.096144
39 0.530458 0.882361 0.031471 0.088676
39 0.503587 0.881185 0.038088 0.096127
39 0.476095 0.866046 0.037451 0.117484
39 0.451266 0.859526 0.035278 0.114771
39 0.428766 0.856944 0.031095 0.112157
39 0.403023 0.856021 0.029118 0.111748
39 0.589861 0.895221 0.036487 0.101356
39 0.357108 0.844935 0.027614 0.107059
39 0.384959 0.844755 0.033513 0.121536
39 0.645221 0.907255 0.045964 0.104052
0 0.185025 0.811234 0.230180 0.300866
39 0.617549 0.896315 0.035850 0.108023
72 0.478113 0.665842 0.198676 0.263350
0 0.315090 0.719739 0.163023 0.219020
41 0.324093 0.722688 0.024036 0.021193
