2 0.340234 0.809140 0.262750 0.348404
6 0.436203 0.545062 0.869594 0.464140
2 0.072086 0.616584 0.067734 0.048778
2 0.027633 0.616284 0.038266 0.052519
2 0.871813 0.584713 0.036375 0.041446
2 0.632195 0.891010 0.734984 0.195486
9 0.634219 0.390324 0.036875 0.143591
0 0.722766 0.399040 0.035719 0.065461
0 0.152773 0.603030 0.021109 0.064863
9 0.079359 0.527244 0.030812 0.081970
0 0.981484 0.643416 0.030375 0.143242
2 0.910219 0.590985 0.054594 0.050499
2 0.965914 0.583192 0.068172 0.050574
2 0.127156 0.613204 0.040031 0.046409
