18 0.690828 0.747007 0.146969 0.153685
18 0.911008 0.668932 0.068422 0.076690
0 0.722375 0.570481 0.106531 0.161338
18 0.859586 0.652617 0.037203 0.090587
18 0.813438 0.679014 0.073938 0.067230
18 0.564398 0.698709 0.082047 0.096150
18 0.318203 0.768345 0.060500 0.103826
18 0.242813 0.790106 0.049344 0.189789
18 0.287766 0.748239 0.034375 0.098732
18 0.346367 0.763826 0.045797 0.105634
18 0.601930 0.697089 0.068141 0.089484
18 0.497594 0.771678 0.138469 0.187676
18 0.751141 0.681232 0.076469 0.081385
18 0.419586 0.782876 0.027516 0.096455
