25 0.386867 0.481365 0.319984 0.120094
25 0.722805 0.477212 0.321891 0.095647
2 0.961508 0.723800 0.075734 0.122094
56 0.716562 0.791706 0.080844 0.184729
56 0.529813 0.869553 0.068281 0.131953
56 0.644211 0.710094 0.041453 0.028753
56 0.313602 0.820059 0.045422 0.182612
0 0.656891 0.672553 0.062437 0.104588
0 0.694375 0.679365 0.051094 0.091529
56 0.467227 0.823482 0.072797 0.214776
56 0.744195 0.716788 0.039172 0.023412
56 0.424328 0.729588 0.026094 0.022706
60 0.477187 0.844682 0.125031 0.198118
2 0.752875 0.692129 0.036031 0.066376
2 0.859062 0.730412 0.025875 0.056776
56 0.777398 0.735318 0.023109 0.059106
58 0.372563 0.755059 0.117281 0.441553
58 0.595094 0.741200 0.107844 0.409976
58 0.908578 0.724000 0.073969 0.341976
58 0.812211 0.659976 0.107641 0.182353
60 0.706430 0.788800 0.164203 0.157271
11 0.689570 0.423353 0.052328 0.056776
