63 0.851586 0.362302 0.101578 0.117396
28 0.890922 0.180812 0.042281 0.102708
28 0.939828 0.201615 0.043750 0.077479
28 0.820008 0.199625 0.048859 0.099125
0 0.910547 0.418458 0.154062 0.320833
0 0.522477 0.804490 0.289891 0.391021
0 0.346000 0.363385 0.231063 0.717187
0 0.588688 0.179802 0.126688 0.358854
0 0.619750 0.176448 0.073906 0.288271
0 0.323594 0.924719 0.168531 0.128104
0 0.450000 0.330333 0.161812 0.557292
24 0.535070 0.410583 0.072516 0.127958
24 0.095820 0.230031 0.155672 0.293563
24 0.725367 0.116677 0.042109 0.155521
28 0.083312 0.968656 0.159375 0.062687
28 0.940469 0.078417 0.020344 0.046708
0 0.175734 0.347760 0.126125 0.683854
0 0.687727 0.174385 0.066078 0.346396
0 0.044766 0.143021 0.089531 0.245500
0 0.216578 0.284271 0.096062 0.546083
0 0.365875 0.057958 0.061250 0.112833
24 0.570680 0.092490 0.060797 0.141854
28 0.655945 0.235875 0.023141 0.102833
0 0.416492 0.295031 0.104422 0.529438
24 0.777141 0.237469 0.048219 0.086396
24 0.495305 0.099625 0.043484 0.101917
24 0.637156 0.077885 0.046531 0.074604
