0 0.417062 0.461927 0.177437 0.267604
0 0.613266 0.471719 0.151562 0.282396
0 0.125461 0.481125 0.005703 0.016875
37 0.430516 0.582906 0.534625 0.037188
37 0.612641 0.594823 0.514031 0.049438
0 0.160977 0.467187 0.004453 0.010375
0 0.164117 0.479115 0.008297 0.010146
0 0.155859 0.484667 0.005063 0.016958
0 0.364297 0.480604 0.008188 0.024333
0 0.084055 0.479604 0.006516 0.016125
0 0.757258 0.516365 0.010766 0.024979
0 0.121914 0.460875 0.006359 0.014333
0 0.354117 0.481594 0.005422 0.022562
0 0.292367 0.487656 0.006234 0.027729
25 0.543445 0.481125 0.030828 0.034917
25 0.704555 0.481948 0.034984 0.041063
25 0.730812 0.464740 0.028969 0.012146
25 0.774430 0.466646 0.048359 0.015875
25 0.691820 0.465302 0.019859 0.010979
25 0.519711 0.466583 0.023141 0.010292
25 0.671594 0.470115 0.027000 0.012104
25 0.546141 0.463573 0.026031 0.010063
25 0.487500 0.466854 0.025250 0.010500
25 0.473172 0.461958 0.013531 0.013708
0 0.322023 0.478115 0.006234 0.017646
25 0.067836 0.459135 0.014578 0.009396
