0 0.339264 0.479410 0.099850 0.054780
0 0.236201 0.479030 0.060270 0.054700
0 0.193213 0.514260 0.091051 0.110920
0 0.109159 0.508410 0.093574 0.107300
0 0.038559 0.492840 0.077117 0.119000
36 0.698498 0.518370 0.251231 0.042780
2 0.955015 0.478400 0.072012 0.035200
2 0.979054 0.458970 0.041892 0.022580
2 0.936321 0.446650 0.032342 0.010220
0 0.275435 0.486730 0.057778 0.043780
0 0.122508 0.463600 0.101892 0.074920
0 0.258393 0.390320 0.021952 0.035200
0 0.197643 0.368920 0.024835 0.026360
0 0.349144 0.441350 0.044595 0.031500
0 0.011892 0.356880 0.018979 0.026480
2 0.855075 0.447630 0.037538 0.022980
0 0.608393 0.355840 0.506997 0.316880
0 0.006967 0.446810 0.013694 0.041980
