47 0.138094 0.433536 0.079281 0.109836
47 0.278445 0.480902 0.556891 0.570796
49 0.275469 0.141581 0.294438 0.213419
47 0.376055 0.861030 0.738234 0.251944
49 0.429336 0.623267 0.064703 0.091733
49 0.471977 0.535222 0.070484 0.114567
49 0.522250 0.565937 0.088250 0.110796
49 0.538148 0.671733 0.156141 0.149227
49 0.361266 0.677869 0.214219 0.178642
49 0.543414 0.510281 0.213797 0.197049
49 0.428758 0.551230 0.101078 0.127752
49 0.489156 0.764555 0.238531 0.155433
49 0.604680 0.688888 0.107922 0.275714
49 0.975328 0.702377 0.049344 0.559602
