11 0.667201 0.327461 0.324005 0.215203
2 0.202389 0.637570 0.404778 0.092891
2 0.347752 0.577195 0.121218 0.023078
2 0.639251 0.553203 0.027400 0.020406
2 0.721077 0.555359 0.023794 0.014656
2 0.797330 0.555273 0.028571 0.015734
2 0.876511 0.560422 0.111803 0.029250
2 0.758173 0.553703 0.032974 0.015813
2 0.912283 0.553164 0.038290 0.011391
2 0.048689 0.585039 0.097330 0.029859
2 0.090269 0.584414 0.080445 0.017891
2 0.693607 0.552469 0.013817 0.020563
10 0.612482 0.967680 0.151663 0.063734
2 0.399602 0.564977 0.080468 0.021047
