17 0.277617 0.701445 0.555234 0.594451
17 0.758852 0.618787 0.371141 0.740485
17 0.879469 0.667848 0.241063 0.635949
17 0.574109 0.681424 0.236937 0.615211
27 0.342133 0.337468 0.025703 0.039662
27 0.528969 0.308143 0.014219 0.031983
27 0.248547 0.344515 0.014844 0.047089
27 0.239664 0.095306 0.005047 0.026266
27 0.282141 0.205538 0.016063 0.012932
27 0.965375 0.292848 0.033063 0.121181
0 0.243820 0.584272 0.254641 0.831456
0 0.350289 0.365970 0.175953 0.388101
0 0.857125 0.101118 0.076563 0.157300
0 0.527586 0.298882 0.169766 0.278650
0 0.655828 0.323597 0.085750 0.194789
0 0.755359 0.259283 0.115156 0.202658
0 0.955695 0.272616 0.088609 0.187173
0 0.279781 0.188829 0.027344 0.053312
0 0.378539 0.299409 0.047734 0.064473
67 0.557430 0.114019 0.018203 0.013608
0 0.907719 0.370549 0.027094 0.110549
0 0.938859 0.379599 0.070531 0.125063
0 0.723711 0.269314 0.053547 0.095675
0 0.789477 0.091065 0.079547 0.149937
