2 0.252375 0.773450 0.275813 0.182098
8 0.923086 0.793287 0.152641 0.101725
8 0.784797 0.791014 0.171719 0.103380
8 0.626117 0.756422 0.136266 0.164545
8 0.467648 0.767972 0.099484 0.134219
2 0.929422 0.673322 0.057531 0.024825
8 0.975492 0.694790 0.049016 0.024685
8 0.555969 0.698520 0.051469 0.017086
8 0.500094 0.693706 0.046500 0.020420
8 0.041766 0.761958 0.083531 0.113193
8 0.059453 0.683112 0.064031 0.041422
8 0.927414 0.696538 0.017453 0.015361
8 0.624164 0.695606 0.041578 0.023380
8 0.821859 0.691235 0.042219 0.032867
8 0.916680 0.700932 0.018703 0.013939
