56 0.391625 0.129052 0.280562 0.258103
0 0.751898 0.157307 0.367328 0.314614
41 0.926930 0.410316 0.104047 0.101663
41 0.035258 0.358396 0.070516 0.243536
42 0.275734 0.562892 0.195906 0.050984
44 0.401961 0.301194 0.109359 0.066464
45 0.520039 0.323548 0.247047 0.172529
45 0.503500 0.661604 0.339844 0.314731
45 0.856359 0.417611 0.282313 0.220328
44 0.566414 0.690480 0.156172 0.248361
44 0.152164 0.450152 0.303984 0.051780
41 0.064117 0.309087 0.090109 0.218173
45 0.267047 0.385433 0.274719 0.232834
60 0.498227 0.602600 0.992984 0.758454
0 0.361461 0.135375 0.319672 0.265363
41 0.936203 0.604274 0.115469 0.325363
