56 0.935820 0.541265 0.035766 0.044543
0 0.334352 0.523138 0.243984 0.930023
0 0.674523 0.635749 0.138984 0.469766
0 0.703211 0.642635 0.119016 0.525082
0 0.628289 0.605386 0.131641 0.417049
0 0.241383 0.628525 0.041984 0.215738
34 0.404289 0.506066 0.078734 0.151991
34 0.413141 0.521616 0.110062 0.230023
35 0.689969 0.685667 0.041125 0.094895
35 0.290156 0.331827 0.048531 0.086276
35 0.763766 0.688103 0.053219 0.112600
35 0.626617 0.603126 0.048578 0.045129
0 0.415906 0.571569 0.062750 0.328946
0 0.523539 0.620843 0.058047 0.233021
0 0.945031 0.448478 0.046938 0.145246
0 0.606031 0.539403 0.042188 0.187799
0 0.573273 0.607799 0.052516 0.320656
35 0.594672 0.623829 0.021594 0.033888
0 0.846008 0.502248 0.045078 0.085574
24 0.980547 0.451499 0.024531 0.080375
0 0.511531 0.561593 0.061062 0.296440
0 0.102617 0.568677 0.022828 0.102881
