0 0.960344 0.775070 0.055563 0.166112
0 0.610617 0.787541 0.045891 0.135644
0 0.904758 0.519391 0.007953 0.037892
0 0.337359 0.742600 0.019875 0.128150
0 0.528508 0.737084 0.043484 0.125831
0 0.387937 0.744965 0.023531 0.115972
0 0.420758 0.761475 0.036766 0.134005
0 0.621594 0.702588 0.033719 0.072482
0 0.878516 0.681124 0.033031 0.085948
0 0.738344 0.548138 0.008969 0.034824
0 0.906148 0.683431 0.022109 0.104988
0 0.827234 0.681089 0.025469 0.098899
30 0.544227 0.795410 0.014859 0.011054
30 0.775477 0.622998 0.025328 0.013817
30 0.790383 0.578091 0.012859 0.005785
0 0.799156 0.686112 0.031125 0.100468
30 0.622625 0.853829 0.015531 0.009766
