39 0.599672 0.483864 0.010375 0.054941
39 0.589578 0.484110 0.010875 0.052576
56 0.771211 0.777412 0.144922 0.363443
56 0.595367 0.819918 0.156766 0.360164
39 0.653969 0.478934 0.005969 0.021288
39 0.640859 0.496241 0.007625 0.039789
39 0.685977 0.473888 0.007859 0.017190
39 0.488211 0.622108 0.017891 0.099204
58 0.883875 0.670012 0.031531 0.099836
58 0.959258 0.678782 0.031922 0.045574
58 0.855312 0.646206 0.020594 0.029461
58 0.984133 0.728443 0.031734 0.059836
58 0.838117 0.649567 0.018547 0.057260
49 0.745516 0.512400 0.015719 0.018946
49 0.749211 0.495785 0.026297 0.024122
49 0.717859 0.507073 0.016188 0.027635
73 0.428633 0.605152 0.120828 0.218642
75 0.791367 0.494297 0.031484 0.055527
49 0.731437 0.510035 0.015594 0.022412
58 0.787141 0.438958 0.086063 0.131124
58 0.940367 0.679321 0.013078 0.028946
73 0.408156 0.934005 0.096812 0.131991
73 0.291898 0.965808 0.061891 0.068384
73 0.486430 0.907646 0.012078 0.084473
73 0.469367 0.919485 0.025359 0.103326
73 0.347453 0.954508 0.053281 0.090984
73 0.320828 0.959719 0.054469 0.078220
39 0.675125 0.489192 0.010344 0.058993
58 0.922344 0.675457 0.021281 0.037845
73 0.264141 0.699883 0.040500 0.085386
73 0.335906 0.966663 0.038781 0.064286
14 0.395516 0.509543 0.038344 0.025550
