25 0.640793 0.320800 0.187695 0.104600
2 0.295165 0.349370 0.350988 0.091940
0 0.308862 0.464110 0.243054 0.354220
0 0.138488 0.330900 0.036138 0.042240
0 0.180090 0.356950 0.045329 0.102740
0 0.231407 0.357930 0.040299 0.095140
0 0.060254 0.350180 0.041287 0.081280
0 0.602380 0.436670 0.110808 0.220540
0 0.547904 0.306270 0.020120 0.027140
0 0.009626 0.347660 0.019251 0.089680
0 0.369222 0.298670 0.017006 0.009220
0 0.813443 0.300780 0.037126 0.041240
7 0.295314 0.349230 0.354581 0.095500
0 0.105674 0.346630 0.042784 0.082140
