17 0.617069 0.601922 0.765862 0.736625
0 0.597688 0.342648 0.240987 0.574016
0 0.448456 0.244766 0.071614 0.127219
0 0.388103 0.235547 0.051223 0.090250
0 0.106834 0.346453 0.076176 0.147875
0 0.163864 0.356602 0.068511 0.164484
0 0.157813 0.253703 0.067132 0.110250
0 0.018534 0.414633 0.035596 0.150359
0 0.881097 0.386328 0.085078 0.133625
0 0.752602 0.379477 0.083072 0.112641
0 0.850596 0.301273 0.070345 0.103641
0 0.097414 0.279211 0.069875 0.157297
0 0.813362 0.400883 0.064373 0.154984
0 0.921223 0.338320 0.066050 0.167234
56 0.179914 0.434953 0.064718 0.057531
56 0.122923 0.432070 0.058354 0.054297
56 0.671207 0.346422 0.048652 0.054031
56 0.724224 0.346414 0.056567 0.058078
56 0.761912 0.283867 0.074107 0.081766
56 0.828566 0.270422 0.053119 0.051469
56 0.794561 0.345773 0.035611 0.048766
