14 0.605555 0.762482 0.046359 0.087213
14 0.803930 0.678560 0.026047 0.059040
2 0.127695 0.627951 0.255391 0.666674
2 0.204461 0.449461 0.394578 0.572037
2 0.191914 0.577529 0.230891 0.521335
2 0.268695 0.399321 0.340266 0.554473
0 0.822398 0.414824 0.083578 0.387026
0 0.727195 0.307272 0.078391 0.229953
26 0.788062 0.425070 0.045375 0.081897
0 0.786937 0.280738 0.032688 0.117916
2 0.042078 0.774215 0.084156 0.451569
2 0.482023 0.183712 0.154422 0.137073
9 0.255063 0.098314 0.027625 0.062108
9 0.753398 0.033852 0.037484 0.044941
12 0.138937 0.519438 0.118063 0.426932
12 0.323539 0.443009 0.093453 0.314637
12 0.413109 0.393396 0.067500 0.257705
12 0.494984 0.364052 0.064156 0.206511
12 0.596531 0.318431 0.018906 0.072412
12 0.621672 0.275176 0.033687 0.083326
12 0.638625 0.268642 0.018875 0.086885
2 0.428984 0.242459 0.094188 0.141171
12 0.551406 0.331288 0.029344 0.133302
12 0.573023 0.334473 0.029516 0.084496
9 0.756453 0.140855 0.021906 0.070796
9 0.586602 0.087014 0.032922 0.044145
12 0.651531 0.270609 0.012344 0.081499
12 0.661586 0.259204 0.024297 0.072834
12 0.672016 0.255773 0.014531 0.066347
