72 0.188766 0.576406 0.374156 0.824729
69 0.489492 0.686625 0.224797 0.447333
39 0.133836 0.082635 0.048266 0.165271
39 0.235602 0.085656 0.153047 0.171313
39 0.318852 0.100917 0.024391 0.137542
39 0.482437 0.417990 0.016094 0.093646
39 0.497352 0.418406 0.017078 0.084437
39 0.512492 0.418250 0.016422 0.090375
39 0.527555 0.419854 0.017016 0.085500
39 0.347219 0.090083 0.042625 0.168667
39 0.690977 0.172073 0.029203 0.098854
39 0.756961 0.156406 0.016734 0.053896
44 0.630750 0.477875 0.016594 0.064208
74 0.512789 0.478635 0.026234 0.016146
