62 0.489609 0.209552 0.318531 0.269646
0 0.744906 0.623802 0.181688 0.631396
0 0.205781 0.642479 0.221094 0.680292
65 0.261055 0.648813 0.038672 0.032083
65 0.817773 0.640615 0.046078 0.056313
65 0.564461 0.347062 0.049359 0.028208
65 0.640648 0.285646 0.029297 0.029750
65 0.626875 0.284958 0.012656 0.033750
65 0.615641 0.285458 0.015469 0.035208
73 0.324758 0.399615 0.011047 0.048396
73 0.299187 0.233500 0.002781 0.046417
73 0.263664 0.296646 0.008203 0.049000
73 0.310508 0.288490 0.041703 0.056937
73 0.254367 0.177083 0.053203 0.058667
73 0.256086 0.236323 0.051484 0.055396
73 0.313898 0.402604 0.006484 0.047958
73 0.285953 0.406802 0.007000 0.045812
73 0.263320 0.353948 0.050234 0.055271
73 0.281289 0.292677 0.006891 0.049146
