39 0.277805 0.557144 0.043922 0.180105
39 0.365133 0.561883 0.043672 0.173975
39 0.249164 0.548086 0.038141 0.188891
39 0.182250 0.611663 0.041250 0.162866
0 0.620156 0.510115 0.327281 0.957301
0 0.831031 0.557238 0.184656 0.841213
40 0.208383 0.624801 0.039672 0.115377
41 0.412383 0.604278 0.033953 0.069519
43 0.445031 0.475753 0.121812 0.114142
45 0.370680 0.537782 0.119922 0.079707
53 0.311336 0.750303 0.219859 0.170774
53 0.897961 0.323776 0.046422 0.022992
39 0.944891 0.425743 0.050469 0.141736
39 0.983344 0.420711 0.033313 0.154937
45 0.421695 0.492918 0.100734 0.083243
53 0.481789 0.953745 0.117766 0.091464
