39 0.715024 0.475590 0.050676 0.083340
39 0.704795 0.411340 0.072536 0.204240
39 0.445217 0.218570 0.052899 0.129980
39 0.074903 0.249650 0.076812 0.074740
72 0.499843 0.494630 0.999686 0.988820
47 0.204614 0.364580 0.062995 0.029120
51 0.360797 0.688940 0.106087 0.032440
49 0.148623 0.737700 0.066715 0.064720
49 0.184360 0.704730 0.071763 0.040980
49 0.214058 0.744780 0.063768 0.059600
49 0.159469 0.800130 0.061643 0.050140
49 0.072005 0.757020 0.043961 0.049720
39 0.186135 0.256480 0.064831 0.061360
49 0.910036 0.121470 0.086932 0.027980
49 0.857790 0.125200 0.050845 0.032600
49 0.767355 0.140430 0.043599 0.026300
51 0.327959 0.748390 0.018333 0.024340
51 0.317367 0.747210 0.013140 0.032380
49 0.811969 0.132200 0.050652 0.027240
