6 0.354203 0.430783 0.277344 0.399562
0 0.654281 0.583633 0.114469 0.408225
0 0.710063 0.529708 0.090094 0.301503
0 0.925156 0.618121 0.116813 0.407975
0 0.830227 0.576232 0.079891 0.362484
0 0.951008 0.494154 0.080891 0.230104
26 0.746820 0.565084 0.031984 0.063361
6 0.569820 0.408194 0.167047 0.114927
24 0.811398 0.513747 0.048141 0.126994
26 0.803625 0.660992 0.028437 0.115177
28 0.828500 0.662015 0.079063 0.120731
28 0.747641 0.568006 0.030281 0.053633
28 0.643234 0.623810 0.106500 0.089916
26 0.645344 0.619405 0.111469 0.097474
26 0.670813 0.566315 0.028719 0.058559
