11 0.782396 0.177930 0.241667 0.189266
2 0.518510 0.491914 0.065437 0.033016
2 0.506156 0.478039 0.047979 0.028828
2 0.470198 0.477742 0.024063 0.018672
2 0.911573 0.486742 0.092188 0.038891
2 0.761198 0.479172 0.020813 0.023438
2 0.630260 0.473031 0.024021 0.016063
2 0.589896 0.472414 0.022042 0.007078
2 0.662698 0.473758 0.039896 0.020453
2 0.690094 0.474133 0.033438 0.022234
2 0.841979 0.480773 0.076083 0.038828
2 0.729729 0.481008 0.051708 0.023547
2 0.789521 0.478102 0.050917 0.034641
2 0.475240 0.481828 0.016021 0.022344
