39 0.296790 0.218053 0.047860 0.220267
40 0.634510 0.313693 0.113060 0.261733
40 0.526980 0.228893 0.063040 0.287173
40 0.787830 0.211773 0.058860 0.127813
41 0.800040 0.925747 0.144720 0.148507
41 0.833120 0.386040 0.113120 0.262960
41 0.462320 0.283440 0.064560 0.210293
41 0.412740 0.281293 0.065160 0.182907
41 0.903230 0.444680 0.067540 0.229200
41 0.737310 0.349813 0.079700 0.274933
41 0.355620 0.256533 0.090600 0.182080
41 0.584630 0.284067 0.071940 0.223227
42 0.660870 0.863853 0.182860 0.095760
45 0.422000 0.676307 0.147280 0.129733
45 0.623600 0.631453 0.148320 0.161787
45 0.437810 0.620893 0.135540 0.142427
44 0.656540 0.864053 0.174160 0.101547
45 0.468780 0.440573 0.086400 0.045733
45 0.469010 0.459840 0.085260 0.045387
45 0.466570 0.466600 0.096300 0.077840
45 0.463180 0.517760 0.096680 0.053707
40 0.698540 0.297053 0.020200 0.142427
40 0.471600 0.176440 0.059240 0.199280
40 0.861780 0.109907 0.098320 0.181040
41 0.921060 0.286400 0.057440 0.121600
40 0.654770 0.089573 0.076500 0.179147
41 0.254450 0.248507 0.048420 0.140320
