57 0.204031 0.541937 0.304844 0.438708
73 0.524500 0.234917 0.016781 0.114292
73 0.613641 0.374156 0.016469 0.106271
73 0.555609 0.488927 0.016469 0.100146
56 0.203234 0.552729 0.318812 0.466292
73 0.537898 0.236677 0.017547 0.109479
73 0.716844 0.253083 0.029031 0.104417
73 0.737172 0.254615 0.029125 0.103313
73 0.549086 0.121271 0.178328 0.088125
73 0.752844 0.124750 0.024625 0.095958
73 0.184266 0.103260 0.019781 0.094521
73 0.385859 0.342875 0.037187 0.109917
73 0.397750 0.229198 0.024031 0.107312
73 0.350359 0.340365 0.040188 0.106271
56 0.835508 0.581531 0.328984 0.468062
56 0.114937 0.875333 0.229875 0.223375
57 0.125797 0.886396 0.251594 0.227208
73 0.549484 0.236469 0.017500 0.108771
