39 0.610156 0.425694 0.077000 0.185553
0 0.270711 0.445941 0.323047 0.592353
40 0.566195 0.834141 0.128141 0.327624
40 0.027859 0.739800 0.055719 0.277153
41 0.825383 0.889988 0.092422 0.218094
41 0.107695 0.807882 0.077641 0.203059
43 0.422797 0.778894 0.035875 0.087906
41 0.706875 0.724941 0.075344 0.200518
56 0.174398 0.434388 0.069391 0.054706
60 0.502242 0.831459 0.995516 0.305600
0 0.739070 0.404718 0.218078 0.437859
39 0.632227 0.780882 0.076234 0.409576
39 0.663055 0.744847 0.056609 0.376894
45 0.898867 0.657494 0.040984 0.052494
56 0.605750 0.450059 0.109625 0.114188
45 0.212461 0.763212 0.252891 0.145059
47 0.023008 0.897706 0.046016 0.070518
41 0.453945 0.903000 0.105484 0.194000
45 0.946031 0.779529 0.107937 0.119106
