14 0.848469 0.732699 0.204781 0.520350
14 0.199906 0.627301 0.227219 0.141939
14 0.720523 0.611834 0.097797 0.139790
2 0.261898 0.433692 0.254016 0.190981
2 0.817836 0.431180 0.364328 0.230117
10 0.397023 0.435654 0.030203 0.093318
0 0.373992 0.361086 0.027609 0.092921
0 0.357063 0.340783 0.023813 0.088294
0 0.864445 0.390035 0.043172 0.058949
2 0.144969 0.445035 0.289938 0.168061
2 0.066070 0.344381 0.132141 0.075444
2 0.758680 0.411332 0.402797 0.239065
45 0.355672 0.639883 0.172781 0.096449
45 0.450758 0.677453 0.204297 0.126869
39 0.396156 0.567512 0.086875 0.118855
45 0.143266 0.630713 0.084031 0.087500
45 0.656461 0.729509 0.263516 0.155841
