58 0.484328 0.760781 0.086625 0.188312
56 0.596172 0.791802 0.119781 0.092563
60 0.485039 0.865260 0.315141 0.051646
1 0.331445 0.837552 0.537359 0.324896
0 0.760961 0.550562 0.311797 0.871917
0 0.388078 0.584625 0.097125 0.202542
0 0.566734 0.662458 0.080531 0.170083
0 0.171914 0.542698 0.337078 0.887646
0 0.962227 0.590729 0.070891 0.218708
0 0.460164 0.649854 0.030922 0.138792
25 0.701648 0.344531 0.488766 0.672437
25 0.201094 0.145771 0.401062 0.290583
67 0.819609 0.478052 0.039688 0.044521
24 0.170859 0.430656 0.195250 0.239646
26 0.657984 0.665948 0.103125 0.668104
24 0.558711 0.656302 0.026609 0.083229
58 0.411016 0.683458 0.056313 0.082167
0 0.896867 0.567469 0.058547 0.063229
56 0.960922 0.763854 0.065500 0.151458
