0 0.182727 0.546170 0.348453 0.860373
40 0.265164 0.259265 0.103766 0.077039
40 0.601484 0.516232 0.036031 0.105052
40 0.512719 0.508851 0.057531 0.156957
40 0.677500 0.477164 0.047156 0.144099
39 0.348703 0.477308 0.042781 0.182609
39 0.414406 0.454482 0.045500 0.200476
39 0.486742 0.445362 0.039266 0.198592
39 0.565195 0.434410 0.041016 0.193126
39 0.618312 0.431108 0.037906 0.180228
39 0.732914 0.419079 0.033391 0.173147
39 0.793820 0.414948 0.038734 0.168364
39 0.768398 0.025093 0.022953 0.050186
39 0.870977 0.142816 0.015578 0.109731
39 0.674953 0.431460 0.036469 0.170580
39 0.861281 0.407329 0.023969 0.158551
39 0.795109 0.287122 0.019781 0.102443
40 0.283195 0.533499 0.029703 0.102236
39 0.677352 0.445259 0.023391 0.072836
