39 0.520070 0.468680 0.125422 0.241799
39 0.848336 0.421355 0.235953 0.824720
41 0.510977 0.762453 0.302547 0.414720
44 0.243758 0.606028 0.176484 0.355841
45 0.310328 0.411238 0.422281 0.431449
45 0.181500 0.736484 0.363000 0.506752
47 0.582539 0.159404 0.174922 0.155818
49 0.120562 0.211180 0.181062 0.231846
49 0.028219 0.421904 0.056437 0.223435
49 0.141234 0.341951 0.148562 0.206379
42 0.241008 0.603037 0.179922 0.350187
44 0.090125 0.725187 0.179875 0.124206
47 0.406586 0.168259 0.113203 0.109089
