0 0.853938 0.724938 0.060594 0.208333
0 0.763023 0.650156 0.046828 0.153479
0 0.549438 0.868542 0.111250 0.262917
0 0.541609 0.601958 0.038125 0.114458
0 0.500328 0.636938 0.065187 0.176417
0 0.392625 0.633979 0.038781 0.136417
30 0.848703 0.824365 0.065875 0.034563
30 0.391906 0.698917 0.087281 0.010792
24 0.503508 0.614396 0.018984 0.041667
30 0.769180 0.721260 0.045703 0.022396
30 0.510164 0.713125 0.080297 0.022875
30 0.559445 0.995323 0.101578 0.009354
30 0.556125 0.656937 0.073344 0.008417
