3 0.248320 0.586635 0.312078 0.302021
3 0.757734 0.527302 0.209656 0.155937
3 0.547047 0.529406 0.121344 0.205229
3 0.640469 0.472302 0.136688 0.092604
3 0.165977 0.518583 0.148109 0.088417
3 0.385406 0.545854 0.312063 0.224750
3 0.542938 0.480542 0.146687 0.156250
3 0.946867 0.469156 0.100641 0.104104
0 0.484984 0.436479 0.040656 0.087625
0 0.413930 0.432417 0.053141 0.093000
0 0.655289 0.481823 0.036953 0.152604
0 0.766648 0.442219 0.018453 0.062729
0 0.742625 0.432490 0.018656 0.058771
0 0.132523 0.404938 0.026453 0.025250
0 0.171945 0.404990 0.021734 0.027854
0 0.696914 0.438198 0.032016 0.076396
0 0.306797 0.430479 0.026719 0.061750
0 0.445516 0.420490 0.015156 0.035312
0 0.375516 0.436667 0.025750 0.064167
2 0.100305 0.438990 0.116422 0.060604
3 0.082563 0.637979 0.165125 0.352375
3 0.738102 0.501167 0.055766 0.039625
3 0.839703 0.508813 0.056500 0.104167
0 0.273688 0.431427 0.019781 0.067771
3 0.887117 0.479010 0.067016 0.095229
