32 0.415980 0.184413 0.010000 0.017627
0 0.483850 0.619920 0.120340 0.283093
0 0.493420 0.293187 0.042320 0.178480
0 0.836660 0.433293 0.060880 0.151547
0 0.761980 0.908680 0.284240 0.182640
0 0.349790 0.256907 0.032420 0.143893
0 0.214850 0.265267 0.034180 0.151493
0 0.755710 0.074920 0.060860 0.127493
0 0.180050 0.288427 0.041340 0.107413
0 0.379650 0.278400 0.035220 0.162560
0 0.312300 0.246147 0.042200 0.148720
27 0.309090 0.222747 0.007980 0.046400
38 0.546060 0.665120 0.027520 0.038880
56 0.815120 0.060800 0.040880 0.040160
56 0.834600 0.070080 0.039800 0.042560
56 0.861110 0.074067 0.024260 0.040293
56 0.880000 0.079253 0.030840 0.045600
56 0.898560 0.086653 0.035400 0.042587
56 0.896370 0.441520 0.052980 0.076320
56 0.984410 0.108000 0.028620 0.038773
56 0.884180 0.016813 0.043600 0.032987
56 0.026850 0.022587 0.040260 0.040267
0 0.092580 0.289360 0.032240 0.080907
0 0.134730 0.290400 0.049900 0.120640
56 0.890730 0.046360 0.028100 0.015387
0 0.064890 0.322587 0.043420 0.077440
