39 0.279789 0.880644 0.040172 0.182787
25 0.403750 0.415211 0.332844 0.494403
25 0.799984 0.107436 0.167719 0.090000
24 0.171656 0.812845 0.177781 0.330375
24 0.688297 0.569660 0.141937 0.148407
24 0.061258 0.488595 0.119953 0.114614
26 0.310063 0.141417 0.030625 0.055808
26 0.172273 0.471932 0.150766 0.124286
0 0.039070 0.243244 0.078141 0.227471
0 0.125961 0.283548 0.171578 0.318056
0 0.588727 0.158044 0.065266 0.118337
0 0.594742 0.381850 0.131516 0.399625
0 0.231422 0.133653 0.058500 0.181358
0 0.206273 0.162951 0.058953 0.095785
0 0.955297 0.314122 0.089406 0.256159
0 0.261437 0.163337 0.129625 0.326674
0 0.399664 0.070351 0.053359 0.137845
0 0.876758 0.419590 0.224484 0.656464
0 0.971398 0.046534 0.057203 0.093068
26 0.460055 0.056803 0.053797 0.113607
26 0.544164 0.479754 0.151984 0.169719
0 0.709609 0.425304 0.136406 0.356042
24 0.502555 0.874016 0.183703 0.225972
24 0.776914 0.352155 0.081766 0.231663
24 0.977320 0.533080 0.045359 0.214824
24 0.215680 0.331710 0.069234 0.147541
24 0.457805 0.050773 0.054609 0.101546
24 0.186164 0.480925 0.126359 0.107799
26 0.461742 0.777412 0.184359 0.231686
28 0.409609 0.794848 0.298406 0.301593
28 0.782500 0.349262 0.072156 0.224333
0 0.300039 0.256932 0.103016 0.211991
