8 0.462695 0.487998 0.018516 0.023396
8 0.405727 0.486487 0.012016 0.024778
0 0.386586 0.826991 0.078734 0.034028
8 0.667828 0.484379 0.008500 0.022951
25 0.393016 0.767810 0.100906 0.130749
25 0.151078 0.753970 0.100469 0.107611
25 0.627414 0.779133 0.096297 0.160937
25 0.870891 0.760878 0.098562 0.128080
56 0.361187 0.831019 0.028031 0.023958
56 0.599266 0.839157 0.045219 0.057986
56 0.849094 0.820632 0.047563 0.083934
8 0.197398 0.487681 0.012797 0.017564
8 0.030016 0.492084 0.012375 0.016066
8 0.054445 0.492482 0.062203 0.016440
56 0.903891 0.831171 0.056906 0.071522
56 0.184648 0.843220 0.044766 0.033747
56 0.644406 0.846393 0.036844 0.046604
56 0.412359 0.850831 0.112906 0.044754
56 0.130203 0.849614 0.082094 0.035714
