34 0.527406 0.222936 0.134250 0.180967
35 0.397375 0.670590 0.059031 0.099009
0 0.552328 0.534835 0.267969 0.570802
0 0.269461 0.657300 0.229266 0.388750
0 0.196055 0.051450 0.089516 0.102901
0 0.179195 0.291568 0.081797 0.280212
0 0.297859 0.287123 0.062375 0.097925
0 0.793805 0.314186 0.056703 0.137382
0 0.725937 0.308172 0.077563 0.173797
0 0.062469 0.589800 0.124937 0.531533
0 0.102766 0.262877 0.108031 0.187170
13 0.349664 0.369116 0.156828 0.086061
41 0.314469 0.408066 0.015531 0.035330
41 0.405250 0.404116 0.015313 0.028986
0 0.382227 0.286851 0.081422 0.093137
0 0.616352 0.047193 0.059547 0.094387
0 0.643328 0.262818 0.110156 0.273797
0 0.579930 0.271038 0.041203 0.082123
