1 0.673727 0.659115 0.024109 0.029330
1 0.819250 0.448421 0.034844 0.033110
1 0.593680 0.762344 0.027297 0.039569
1 0.575031 0.692931 0.027719 0.040502
5 0.301086 0.345849 0.077547 0.198923
5 0.835852 0.224163 0.115953 0.146077
1 0.667695 0.720251 0.021078 0.037440
1 0.751750 0.525813 0.022750 0.037656
9 0.496789 0.553385 0.020422 0.040646
9 0.454141 0.534318 0.012469 0.041555
9 0.520758 0.535909 0.013328 0.039043
0 0.593922 0.740120 0.015594 0.052919
0 0.573781 0.677847 0.017750 0.054019
0 0.457539 0.415670 0.011766 0.047703
0 0.768766 0.419928 0.018156 0.046316
0 0.630719 0.413660 0.016344 0.039761
0 0.322500 0.592536 0.014844 0.054450
0 0.319289 0.685132 0.014797 0.044426
0 0.471859 0.392715 0.011094 0.037392
0 0.436797 0.396471 0.009062 0.039545
0 0.203891 0.705658 0.016750 0.062368
1 0.501664 0.810036 0.032734 0.051746
1 0.350125 0.572069 0.034031 0.040024
1 0.320305 0.709282 0.014828 0.038995
1 0.712336 0.614533 0.019859 0.044617
0 0.672023 0.653517 0.012922 0.049474
1 0.763203 0.431902 0.034094 0.028062
0 0.622820 0.651722 0.014703 0.043110
1 0.323430 0.617955 0.004672 0.031077
0 0.350367 0.556758 0.019297 0.044665
1 0.623602 0.675060 0.026984 0.045048
