2 0.386910 0.597478 0.062900 0.076617
2 0.621280 0.563620 0.061960 0.083145
2 0.605400 0.541795 0.047720 0.071721
2 0.618910 0.505786 0.053380 0.033650
2 0.668360 0.443591 0.049960 0.065045
2 0.436380 0.474748 0.045160 0.052878
2 0.595460 0.462033 0.049640 0.068101
7 0.717410 0.615593 0.101740 0.175104
9 0.066310 0.609748 0.030020 0.110356
7 0.508580 0.486217 0.079520 0.134392
7 0.584520 0.295564 0.044360 0.067745
7 0.422280 0.488249 0.053640 0.065935
9 0.433170 0.286172 0.011340 0.043442
10 0.272670 0.744139 0.014060 0.047270
2 0.486690 0.303012 0.051100 0.030712
2 0.507870 0.549688 0.053740 0.066202
5 0.718310 0.616751 0.096540 0.175163
7 0.432270 0.438961 0.041700 0.044985
7 0.398350 0.546632 0.071700 0.086439
7 0.409470 0.491988 0.049340 0.016795
9 0.500380 0.259525 0.011480 0.038932
9 0.520630 0.281335 0.013340 0.047953
9 0.481960 0.204154 0.008520 0.016677
9 0.575090 0.190356 0.011940 0.018398
9 0.663640 0.266588 0.010400 0.041602
9 0.686150 0.278769 0.011740 0.047923
9 0.033460 0.620742 0.037040 0.112404
9 0.370700 0.425163 0.015280 0.063561
9 0.804170 0.269955 0.014820 0.046320
9 0.447000 0.573427 0.028200 0.100623
9 0.859830 0.585668 0.025460 0.107062
2 0.681660 0.502255 0.056840 0.059585
