39 0.376922 0.365177 0.017125 0.087712
39 0.632828 0.333373 0.043344 0.036792
0 0.381578 0.290755 0.117781 0.171415
0 0.540398 0.301627 0.088484 0.132830
0 0.665055 0.296828 0.088859 0.168892
0 0.694484 0.283856 0.145625 0.222759
0 0.158555 0.492571 0.087828 0.280896
40 0.438000 0.463101 0.022844 0.091108
41 0.768352 0.476156 0.020203 0.061745
43 0.449531 0.547983 0.015531 0.026675
44 0.364750 0.503066 0.024125 0.027925
44 0.770383 0.439316 0.002609 0.017500
0 0.215867 0.344257 0.080391 0.182005
0 0.246391 0.316851 0.069969 0.202241
0 0.111398 0.261722 0.056047 0.084292
0 0.148516 0.273408 0.056563 0.104788
0 0.175031 0.304257 0.053406 0.161014
0 0.203086 0.225731 0.022828 0.047406
40 0.506242 0.350967 0.017703 0.027642
40 0.402914 0.372594 0.016984 0.052830
40 0.616070 0.351993 0.015891 0.038090
40 0.330313 0.388408 0.019250 0.070684
41 0.477766 0.494304 0.025312 0.053797
41 0.752594 0.429623 0.022687 0.037028
41 0.724359 0.423149 0.018875 0.046722
41 0.768328 0.399528 0.015156 0.044858
41 0.391437 0.381580 0.012656 0.030613
43 0.444305 0.544705 0.021328 0.033184
45 0.731359 0.399835 0.023969 0.020519
56 0.835938 0.651686 0.227781 0.597759
56 0.301477 0.665165 0.293297 0.593255
56 0.140234 0.574800 0.148969 0.486958
56 0.053641 0.458644 0.070688 0.252335
56 0.597711 0.247842 0.028516 0.044033
56 0.507516 0.294658 0.023875 0.054080
56 0.483906 0.307830 0.039219 0.100472
56 0.612531 0.345248 0.023375 0.046675
60 0.867375 0.368231 0.062344 0.111981
60 0.607594 0.308526 0.054219 0.065920
60 0.534469 0.515731 0.547875 0.307877
40 0.764875 0.406120 0.019969 0.061486
40 0.312977 0.415212 0.019172 0.063160
40 0.532133 0.356533 0.014516 0.059340
44 0.374867 0.508184 0.034516 0.017217
56 0.624984 0.694340 0.275687 0.611321
56 0.961469 0.408231 0.057813 0.223019
56 0.819359 0.323785 0.057531 0.117429
56 0.308516 0.338868 0.042031 0.130377
75 0.620375 0.284788 0.014813 0.016887
75 0.488430 0.422429 0.048422 0.039528
0 0.321555 0.248184 0.052234 0.058962
45 0.484609 0.463455 0.029250 0.024505
56 0.564180 0.300425 0.047109 0.120472
0 0.784039 0.373632 0.058203 0.142123
60 0.287094 0.273467 0.018281 0.025802
