1 0.348281 0.714339 0.601750 0.464679
1 0.874719 0.729936 0.077344 0.264532
0 0.963508 0.726963 0.059328 0.195505
24 0.894367 0.503716 0.099109 0.131688
0 0.180750 0.585917 0.048906 0.103908
26 0.482281 0.566963 0.061125 0.187358
0 0.122500 0.626257 0.040250 0.052881
0 0.684828 0.630092 0.113375 0.468367
0 0.310438 0.598716 0.238594 0.604367
0 0.050094 0.682349 0.100188 0.456477
0 0.564328 0.615083 0.089531 0.170936
0 0.868523 0.574266 0.152047 0.378550
0 0.455492 0.649514 0.121922 0.470220
25 0.204805 0.254844 0.409609 0.487046
