39 0.122042 0.398276 0.040490 0.085180
39 0.844526 0.405049 0.043072 0.087059
39 0.191217 0.413448 0.018317 0.058693
0 0.395507 0.535956 0.269673 0.541585
41 0.222843 0.424763 0.045425 0.038284
41 0.131912 0.536471 0.038791 0.056797
45 0.101601 0.678766 0.128464 0.071944
46 0.088660 0.709575 0.055490 0.061438
46 0.109608 0.705147 0.065882 0.049706
47 0.895498 0.782541 0.043284 0.037467
71 0.549412 0.740065 0.196601 0.071405
39 0.219763 0.297173 0.038415 0.069444
40 0.248186 0.531364 0.029542 0.070964
40 0.222631 0.529828 0.030425 0.068578
40 0.165752 0.530980 0.042353 0.074412
41 0.051928 0.540090 0.034346 0.054101
41 0.093015 0.544714 0.032304 0.039755
43 0.938194 0.686961 0.015507 0.056961
49 0.034248 0.719714 0.057941 0.055245
49 0.894281 0.781315 0.043529 0.039951
76 0.904387 0.695163 0.039330 0.043922
40 0.188056 0.530065 0.028987 0.072451
41 0.558864 0.744567 0.040474 0.045049
41 0.509395 0.755474 0.039608 0.022810
41 0.146846 0.299077 0.039281 0.062206
43 0.956879 0.643333 0.058758 0.069150
39 0.763668 0.413611 0.044788 0.066928
