32 0.509160 0.225422 0.013160 0.020000
56 0.391590 0.181642 0.013060 0.018825
56 0.440020 0.183524 0.013960 0.022530
56 0.471620 0.186416 0.013040 0.022229
56 0.611070 0.237937 0.018340 0.022500
56 0.574260 0.210949 0.015600 0.026295
56 0.591010 0.213102 0.013060 0.023434
56 0.446820 0.245316 0.014960 0.010030
56 0.200900 0.543057 0.056000 0.099187
56 0.596300 0.235994 0.014880 0.022952
56 0.943960 0.432545 0.021440 0.065030
38 0.420760 0.547831 0.024360 0.111928
0 0.523440 0.504789 0.042320 0.097831
0 0.448710 0.686476 0.106940 0.379337
0 0.434390 0.413373 0.036300 0.114277
0 0.611270 0.413027 0.036820 0.062380
0 0.661600 0.418087 0.035320 0.043946
0 0.888840 0.354247 0.030880 0.054096
0 0.964190 0.417334 0.048620 0.099187
0 0.793070 0.446370 0.055980 0.105392
0 0.592400 0.394006 0.022640 0.102410
0 0.334080 0.425120 0.042320 0.110723
0 0.944330 0.370873 0.022940 0.081265
56 0.423100 0.183268 0.013480 0.026717
0 0.875930 0.257395 0.021420 0.026777
56 0.780480 0.456506 0.038680 0.074699
56 0.455070 0.186190 0.014420 0.023283
