48 0.823430 0.526615 0.082703 0.055771
56 0.104688 0.565552 0.207844 0.454354
56 0.065031 0.715094 0.126688 0.360354
0 0.701969 0.351000 0.200563 0.361792
77 0.411820 0.384719 0.062203 0.128062
41 0.566812 0.608135 0.050594 0.095729
56 0.782578 0.377021 0.080937 0.237417
56 0.269313 0.531302 0.156812 0.197479
56 0.474344 0.356875 0.213000 0.358958
63 0.285516 0.806062 0.393281 0.387875
63 0.624023 0.484385 0.228516 0.200521
63 0.420656 0.538740 0.262313 0.243521
63 0.647023 0.777073 0.338078 0.419687
67 0.773945 0.563521 0.057234 0.040792
