3 0.708187 0.726349 0.252312 0.306297
3 0.589359 0.647019 0.240563 0.224289
0 0.165961 0.614456 0.224516 0.770669
0 0.759898 0.472584 0.153578 0.266841
0 0.603883 0.633504 0.139922 0.644331
0 0.295445 0.500230 0.060953 0.360293
0 0.563930 0.559686 0.107422 0.571046
0 0.896047 0.447594 0.132750 0.209205
0 0.384344 0.494383 0.070500 0.260690
0 0.490117 0.417824 0.047047 0.108577
0 0.670961 0.443222 0.025359 0.105188
0 0.402172 0.465565 0.028719 0.253347
0 0.375664 0.471904 0.066234 0.279958
2 0.106141 0.408075 0.055031 0.053264
2 0.015445 0.383483 0.029328 0.045084
2 0.030687 0.380052 0.016188 0.020397
2 0.097437 0.381161 0.023219 0.019142
3 0.484555 0.602144 0.082422 0.160690
3 0.469562 0.526224 0.114656 0.199226
3 0.454492 0.512793 0.092453 0.130063
41 0.724688 0.479801 0.020469 0.038264
3 0.854125 0.741621 0.291750 0.492615
