1 0.065180 0.254542 0.127141 0.225333
26 0.864695 0.218219 0.040359 0.054312
28 0.199828 0.850302 0.399187 0.297479
0 0.266289 0.130333 0.060672 0.224708
0 0.657305 0.218729 0.084266 0.424708
0 0.935844 0.257042 0.128188 0.514083
0 0.945937 0.646125 0.108125 0.516167
0 0.091477 0.071656 0.038234 0.103896
0 0.090289 0.187667 0.053859 0.181000
0 0.519102 0.389510 0.252797 0.775271
0 0.937500 0.417792 0.125000 0.626125
0 0.860672 0.178750 0.047219 0.222500
0 0.829742 0.119240 0.027766 0.104562
0 0.809352 0.122635 0.014641 0.063437
0 0.774352 0.129448 0.025078 0.067687
0 0.361516 0.137500 0.076844 0.193708
24 0.686414 0.151240 0.036078 0.141187
