58 0.727938 0.874115 0.524125 0.228229
58 0.901508 0.299583 0.161297 0.234125
58 0.938734 0.483927 0.122531 0.178229
58 0.094586 0.243302 0.125453 0.231187
58 0.412055 0.155802 0.142234 0.121063
58 0.942391 0.728354 0.115219 0.171833
60 0.748234 0.456365 0.251188 0.075479
60 0.072180 0.382625 0.144359 0.042250
60 0.256648 0.302156 0.123891 0.024729
60 0.704688 0.261823 0.099969 0.041896
13 0.395703 0.264250 0.138281 0.123292
13 0.567969 0.266312 0.122656 0.136958
42 0.682133 0.438448 0.008703 0.012437
43 0.687992 0.445656 0.022016 0.006521
56 0.874086 0.365823 0.126641 0.172354
56 0.915633 0.606229 0.168734 0.345167
56 0.586516 0.589896 0.171906 0.366292
56 0.605867 0.390167 0.111172 0.193333
56 0.765141 0.388792 0.086094 0.070167
56 0.721734 0.284792 0.052750 0.037417
56 0.234430 0.401135 0.114391 0.181354
56 0.753352 0.685906 0.197984 0.387021
56 0.126375 0.442823 0.128250 0.229521
56 0.702461 0.373385 0.091141 0.104396
56 0.543953 0.312302 0.546125 0.152104
56 0.700813 0.234333 0.038000 0.025333
58 0.492898 0.267417 0.060391 0.103333
58 0.620227 0.275333 0.016297 0.095792
58 0.600070 0.397010 0.060391 0.075438
58 0.861773 0.214177 0.103953 0.310604
58 0.328492 0.276063 0.016547 0.021750
60 0.712422 0.314198 0.163875 0.042188
60 0.353219 0.257250 0.064250 0.019292
56 0.401313 0.308604 0.077156 0.135792
42 0.746203 0.460750 0.006281 0.012333
