0 0.598187 0.467002 0.150812 0.231758
0 0.255133 0.330964 0.054672 0.191419
0 0.939633 0.422956 0.040547 0.196631
0 0.908359 0.412320 0.050781 0.204725
0 0.180469 0.341653 0.088906 0.157373
0 0.294031 0.306653 0.051094 0.172881
0 0.321297 0.385572 0.072844 0.118771
30 0.595969 0.581462 0.159094 0.011653
0 0.061008 0.347172 0.074891 0.140996
0 0.137352 0.349873 0.067016 0.244746
0 0.044023 0.271388 0.048172 0.081081
0 0.378594 0.317013 0.073969 0.121822
0 0.200477 0.288104 0.048984 0.055106
0 0.086945 0.347913 0.050359 0.227521
