2 0.963234 0.655802 0.073531 0.141979
2 0.890938 0.627219 0.114656 0.147271
2 0.811344 0.648052 0.131406 0.157021
2 0.965258 0.594396 0.068203 0.059542
2 0.973437 0.546510 0.053125 0.044979
5 0.582305 0.562927 0.288203 0.348312
2 0.784109 0.565292 0.069531 0.052208
2 0.979273 0.516583 0.041453 0.050250
10 0.404727 0.694708 0.029203 0.064542
26 0.221406 0.601635 0.054937 0.098521
0 0.321688 0.659458 0.097344 0.360000
0 0.203406 0.662771 0.091781 0.367125
0 0.736359 0.654104 0.041875 0.168667
0 0.755820 0.552385 0.024047 0.065313
0 0.087859 0.661135 0.047531 0.162729
0 0.114898 0.658427 0.028953 0.154021
0 0.122633 0.645896 0.054078 0.164708
0 0.150414 0.655594 0.034266 0.144437
0 0.815867 0.660167 0.086922 0.263000
0 0.064187 0.655927 0.024438 0.142438
0 0.029789 0.669594 0.030984 0.149354
2 0.871727 0.546563 0.071328 0.023667
26 0.102367 0.630385 0.013766 0.042813
26 0.778539 0.680250 0.040547 0.043500
26 0.858258 0.640188 0.030922 0.080458
26 0.743516 0.638458 0.027906 0.065875
24 0.777648 0.520021 0.011203 0.006583
24 0.742867 0.642094 0.026391 0.072563
26 0.416836 0.140552 0.011172 0.024438
26 0.250563 0.633729 0.013437 0.033458
2 0.935547 0.571198 0.032219 0.039062
0 0.045234 0.650385 0.028406 0.158562
