56 0.293891 0.842675 0.218906 0.181612
56 0.845508 0.877477 0.238641 0.144112
60 0.518469 0.885397 0.961812 0.206729
0 0.108203 0.516857 0.213406 0.894369
0 0.320820 0.438061 0.268109 0.729720
0 0.556250 0.494030 0.203156 0.687780
0 0.882570 0.462839 0.234859 0.837827
43 0.499695 0.801297 0.020172 0.114650
43 0.297328 0.943692 0.083062 0.101869
55 0.601117 0.882932 0.122266 0.112687
55 0.471492 0.887465 0.130172 0.128154
54 0.470891 0.886227 0.139156 0.128995
56 0.045797 0.940643 0.091594 0.097734
