39 0.925047 0.391008 0.141784 0.665172
0 0.387383 0.271297 0.666972 0.533625
0 0.793251 0.222945 0.157394 0.182016
40 0.129977 0.554680 0.232958 0.265172
41 0.637899 0.547695 0.204061 0.163984
42 0.717911 0.804008 0.563333 0.156234
43 0.879754 0.719453 0.240446 0.123906
53 0.413345 0.709969 0.756972 0.182969
53 0.232394 0.868008 0.464789 0.263984
41 0.059073 0.576383 0.115376 0.150109
50 0.223685 0.557875 0.102488 0.058562
0 0.691385 0.218891 0.100751 0.089219
0 0.643333 0.229188 0.072911 0.062031
42 0.535106 0.382805 0.114906 0.079922
60 0.677031 0.875328 0.487770 0.238969
60 0.865106 0.902852 0.269789 0.194297
60 0.500000 0.523375 1.000000 0.927281
60 0.801585 0.317172 0.135376 0.033063
0 0.849906 0.238023 0.119671 0.139703
39 0.846784 0.560672 0.097840 0.170781
