0 0.413852 0.560813 0.405391 0.788292
0 0.551758 0.325990 0.067141 0.160896
0 0.847953 0.306885 0.024625 0.062479
0 0.614453 0.218021 0.026812 0.080042
0 0.205453 0.355417 0.030594 0.112792
0 0.102008 0.363906 0.041766 0.132438
13 0.345438 0.889646 0.657094 0.200458
38 0.654141 0.863698 0.113594 0.234937
0 0.861055 0.302500 0.025016 0.070417
0 0.625719 0.316521 0.028937 0.057500
27 0.844992 0.312094 0.005547 0.032854
0 0.685695 0.242188 0.025609 0.038042
0 0.667797 0.244427 0.016594 0.034771
0 0.665969 0.203219 0.008313 0.018896
0 0.805461 0.228104 0.012172 0.064958
0 0.710961 0.327375 0.016703 0.049917
27 0.967664 0.286635 0.003609 0.026812
38 0.285938 0.484844 0.119156 0.521396
