17 0.694375 0.687316 0.205594 0.265776
0 0.962656 0.629084 0.021031 0.106209
0 0.914445 0.638079 0.018047 0.085165
0 0.992047 0.635293 0.014688 0.092570
0 0.899453 0.626756 0.011031 0.069389
0 0.425625 0.661209 0.046844 0.163333
25 0.514906 0.488359 0.172781 0.082621
25 0.664469 0.540394 0.118938 0.088015
25 0.237391 0.574300 0.262469 0.169008
25 0.985680 0.583880 0.028641 0.037634
25 0.915680 0.590585 0.035672 0.018575
25 0.038398 0.601183 0.028797 0.012392
17 0.492820 0.622774 0.045953 0.051705
17 0.278977 0.674478 0.144703 0.180611
17 0.456508 0.656679 0.065453 0.151476
17 0.810680 0.665623 0.195016 0.185140
0 0.034078 0.649211 0.013562 0.075623
25 0.896516 0.570700 0.034844 0.019364
25 0.869453 0.580852 0.026219 0.012545
0 0.926305 0.647506 0.013203 0.102799
0 0.057797 0.639809 0.012375 0.079008
