64 0.571630 0.839387 0.120580 0.111627
66 0.244380 0.885400 0.488760 0.206747
73 0.427660 0.554453 0.083040 0.302133
62 0.142420 0.302987 0.284840 0.602240
73 0.488000 0.563107 0.049960 0.244827
73 0.376240 0.569133 0.072280 0.299493
73 0.464800 0.554027 0.080160 0.288960
73 0.522930 0.527333 0.060460 0.252427
73 0.716650 0.132427 0.177460 0.031253
73 0.409090 0.563627 0.074020 0.296107
73 0.554530 0.521733 0.056900 0.247307
73 0.349670 0.502600 0.037020 0.158427
73 0.716150 0.162760 0.167820 0.024720
