27 0.237992 0.739335 0.103484 0.467411
56 0.476727 0.715724 0.164078 0.370784
0 0.739383 0.590665 0.506953 0.765321
0 0.369242 0.249454 0.199703 0.412399
0 0.238531 0.544477 0.471125 0.911045
40 0.322680 0.934489 0.087828 0.131021
41 0.494836 0.938230 0.110609 0.100879
73 0.748234 0.693741 0.417594 0.539739
0 0.266727 0.117743 0.066922 0.226936
0 0.158258 0.072292 0.131172 0.110998
56 0.890359 0.420333 0.042625 0.154014
0 0.531187 0.166295 0.137750 0.254062
0 0.064305 0.300000 0.125641 0.379762
0 0.414273 0.126734 0.177984 0.242779
40 0.610984 0.906983 0.078094 0.186033
40 0.975547 0.922791 0.048906 0.151330
41 0.139703 0.982482 0.094031 0.035036
41 0.934414 0.949252 0.034172 0.101496
41 0.331609 0.429335 0.049312 0.069169
41 0.530484 0.480950 0.046125 0.093777
56 0.550734 0.381057 0.158938 0.148242
56 0.315805 0.349976 0.134453 0.202375
56 0.958359 0.546461 0.083250 0.159810
0 0.879930 0.292209 0.191359 0.470119
40 0.593961 0.452553 0.041734 0.106580
40 0.529430 0.479881 0.046547 0.096295
40 0.376961 0.541211 0.047234 0.181805
60 0.476703 0.958955 0.222125 0.054537
60 0.472734 0.485321 0.383000 0.271259
60 0.522461 0.355511 0.172422 0.174347
0 0.673227 0.268812 0.145578 0.400095
