56 0.745250 0.078349 0.053812 0.040304
35 0.141602 0.580855 0.049078 0.100023
0 0.324891 0.612881 0.306906 0.554567
0 0.061781 0.412576 0.090406 0.267166
0 0.234320 0.352412 0.102484 0.346557
0 0.199414 0.380890 0.098953 0.303372
0 0.178008 0.063630 0.080828 0.125902
0 0.388555 0.187717 0.063141 0.144192
0 0.407727 0.227658 0.046266 0.187494
0 0.442125 0.317939 0.095156 0.279625
34 0.472039 0.458162 0.018078 0.030187
56 0.798375 0.077529 0.043469 0.042693
56 0.595883 0.085363 0.053984 0.039063
0 0.268187 0.318689 0.101406 0.385855
0 0.678586 0.053630 0.081297 0.104356
0 0.098812 0.394766 0.087500 0.278384
0 0.130570 0.374087 0.073547 0.310984
56 0.614945 0.037459 0.052453 0.038384
0 0.325891 0.315492 0.096531 0.420258
56 0.632703 0.085094 0.026531 0.042084
