74 0.831094 0.238913 0.047719 0.076300
74 0.781875 0.246783 0.015281 0.071682
2 0.194000 0.758408 0.064500 0.098879
2 0.329555 0.648531 0.059297 0.090964
24 0.379719 0.648554 0.047219 0.067108
24 0.703937 0.693823 0.067812 0.132713
26 0.151422 0.815101 0.027437 0.088408
26 0.644148 0.780135 0.088266 0.236771
26 0.084562 0.747197 0.059500 0.182018
26 0.827852 0.708722 0.037141 0.065874
0 0.627188 0.792130 0.123719 0.384260
0 0.684961 0.784798 0.076391 0.428027
26 0.255859 0.708307 0.014219 0.052623
26 0.474703 0.648733 0.007781 0.012040
39 0.971836 0.787063 0.015328 0.052511
39 0.994906 0.788587 0.010187 0.051480
58 0.757391 0.579776 0.054531 0.058789
0 0.785141 0.726670 0.054531 0.286614
0 0.838289 0.758206 0.073234 0.293318
0 0.377609 0.697388 0.041281 0.218184
0 0.290086 0.672892 0.040797 0.154126
0 0.188906 0.638587 0.042156 0.084395
0 0.708992 0.748879 0.049828 0.339955
0 0.749703 0.746973 0.054500 0.304036
0 0.489922 0.655348 0.029031 0.116256
0 0.132688 0.817713 0.085469 0.353946
0 0.190633 0.608206 0.021672 0.035067
2 0.142930 0.689776 0.152172 0.123587
0 0.580805 0.728161 0.049297 0.261121
39 0.985062 0.788341 0.010687 0.049148
