56 0.309580 0.148709 0.111360 0.179520
0 0.561470 0.118829 0.427060 0.237658
0 0.957970 0.443829 0.084060 0.217988
41 0.662100 0.282462 0.120520 0.210390
41 0.772260 0.251306 0.125720 0.202252
41 0.047900 0.461937 0.089800 0.478649
53 0.537290 0.662913 0.772260 0.588769
0 0.171980 0.198348 0.340600 0.396697
42 0.320500 0.146937 0.019800 0.105165
43 0.940240 0.491592 0.119520 0.087988
56 0.939000 0.140721 0.122000 0.121682
60 0.516430 0.581817 0.967140 0.805195
60 0.174590 0.498123 0.127060 0.093604
44 0.322190 0.135180 0.023220 0.104595
53 0.333860 0.329700 0.485320 0.198979
