0 0.418242 0.382057 0.414359 0.647841
0 0.659508 0.570545 0.490016 0.830591
0 0.870578 0.608989 0.254906 0.759568
0 0.209031 0.770273 0.408781 0.459455
63 0.469383 0.613455 0.309828 0.282500
63 0.330617 0.693250 0.355328 0.451682
41 0.283766 0.645625 0.072281 0.190159
56 0.224523 0.365909 0.079859 0.038727
63 0.152461 0.340125 0.053516 0.057841
0 0.097336 0.389886 0.182297 0.460682
0 0.115453 0.215182 0.081531 0.232773
58 0.331281 0.113852 0.142500 0.217614
73 0.592094 0.829284 0.155719 0.095977
73 0.637094 0.894148 0.096406 0.031614
56 0.245187 0.427977 0.067687 0.127545
60 0.196969 0.422784 0.120469 0.098432
56 0.042289 0.537432 0.069141 0.096727
