39 0.260437 0.692296 0.038844 0.147933
39 0.443648 0.522255 0.022641 0.063382
67 0.616875 0.644280 0.032406 0.013820
56 0.150602 0.832777 0.177422 0.334447
56 0.365016 0.911848 0.334875 0.145407
56 0.420672 0.490710 0.092969 0.090689
60 0.391547 0.731263 0.420094 0.149916
60 0.392891 0.429332 0.124562 0.058664
63 0.488055 0.610793 0.180703 0.162881
63 0.460898 0.673685 0.219766 0.203278
24 0.811422 0.396013 0.030656 0.128225
24 0.806445 0.571461 0.080047 0.184008
24 0.174070 0.765167 0.193422 0.334843
0 0.526609 0.417745 0.102906 0.206180
0 0.647281 0.683831 0.346469 0.631461
0 0.876766 0.460282 0.125906 0.480814
0 0.455789 0.382693 0.056891 0.106973
0 0.264898 0.555804 0.213609 0.370772
0 0.304430 0.378079 0.075578 0.104217
0 0.106336 0.374113 0.052703 0.208351
0 0.398844 0.385052 0.062813 0.086764
0 0.057953 0.405866 0.063719 0.139499
0 0.056742 0.549134 0.108766 0.369332
0 0.638328 0.443706 0.143063 0.191253
0 0.217453 0.409228 0.075438 0.140125
24 0.385250 0.864102 0.221438 0.271795
26 0.120328 0.477683 0.067312 0.060960
39 0.352906 0.417797 0.011125 0.038518
39 0.367359 0.416712 0.010937 0.036263
39 0.168203 0.453340 0.014406 0.045303
56 0.703867 0.829207 0.216953 0.314614
56 0.063234 0.695950 0.109656 0.285428
56 0.517930 0.481618 0.120641 0.115637
56 0.961578 0.472025 0.074250 0.134781
56 0.372063 0.519729 0.042188 0.089228
62 0.520773 0.040407 0.043453 0.080814
66 0.488977 0.726211 0.061828 0.065825
66 0.503812 0.658299 0.079063 0.044990
39 0.503945 0.484812 0.020609 0.034426
60 0.106266 0.533319 0.115000 0.055950
60 0.516945 0.439635 0.124172 0.029374
63 0.381859 0.404770 0.032937 0.023862
0 0.207297 0.396628 0.050969 0.130877
56 0.819930 0.754207 0.090297 0.420021
56 0.148383 0.434123 0.029484 0.074927
