6 0.207773 0.533781 0.415547 0.195937
0 0.458297 0.574469 0.041344 0.114812
0 0.508641 0.547062 0.014188 0.065417
0 0.765672 0.626958 0.037094 0.063417
0 0.756016 0.537719 0.015656 0.024479
0 0.614711 0.556802 0.013703 0.086521
0 0.518984 0.534344 0.008469 0.042813
13 0.626695 0.710990 0.108078 0.193812
13 0.865219 0.555167 0.028094 0.025458
13 0.844789 0.552271 0.026109 0.021917
13 0.830750 0.551583 0.017094 0.021125
13 0.601687 0.648312 0.070781 0.105625
1 0.475031 0.596302 0.025125 0.071896
28 0.847695 0.825698 0.075391 0.078979
