2 0.720531 0.529820 0.024344 0.076452
5 0.361758 0.510114 0.701297 0.530323
0 0.777914 0.474089 0.018641 0.021613
0 0.919359 0.517030 0.028750 0.106015
0 0.954180 0.627685 0.057766 0.231727
0 0.881086 0.513928 0.018766 0.102543
0 0.740359 0.520351 0.029625 0.122182
0 0.714344 0.467372 0.019531 0.038729
0 0.838203 0.474032 0.017344 0.012884
0 0.868016 0.505180 0.026250 0.098786
0 0.952789 0.492068 0.037703 0.056471
0 0.827375 0.465380 0.017594 0.030531
0 0.990203 0.555503 0.019594 0.172751
0 0.973641 0.512154 0.021063 0.068672
0 0.762273 0.477486 0.014922 0.016907
