0 0.481447 0.822047 0.050329 0.065312
0 0.640235 0.754437 0.025976 0.029375
33 0.355529 0.256750 0.110588 0.123375
33 0.805059 0.357812 0.093882 0.058250
37 0.507259 0.839930 0.077247 0.022484
0 0.765400 0.716406 0.020918 0.012281
0 0.517671 0.731195 0.027106 0.011016
33 0.553082 0.688898 0.065224 0.086609
33 0.601353 0.551477 0.042753 0.028391
33 0.242271 0.599344 0.031788 0.018188
33 0.300529 0.497875 0.064541 0.035719
37 0.496612 0.735992 0.019435 0.004609
0 0.319106 0.719211 0.010588 0.009078
