74 0.148047 0.569376 0.033469 0.043852
0 0.052859 0.969168 0.031156 0.061664
0 0.763891 0.952749 0.019312 0.041085
0 0.493148 0.962667 0.017172 0.060452
0 0.078969 0.967866 0.025500 0.064268
0 0.465773 0.966691 0.022641 0.050090
2 0.627914 0.971763 0.134109 0.053146
2 0.837586 0.957324 0.054203 0.032948
2 0.741258 0.974403 0.061484 0.046890
9 0.955383 0.824412 0.023484 0.013599
9 0.802594 0.880868 0.010031 0.038083
0 0.292961 0.958870 0.036984 0.057559
0 0.827977 0.933752 0.011391 0.013508
2 0.936633 0.954557 0.042984 0.038228
2 0.397102 0.986157 0.154172 0.027685
2 0.966625 0.952188 0.032969 0.030741
2 0.816555 0.979684 0.131109 0.040344
2 0.248922 0.991067 0.182906 0.017866
2 0.894922 0.931691 0.012812 0.010506
9 0.780883 0.911302 0.009828 0.021555
0 0.741813 0.938400 0.019062 0.022405
0 0.951539 0.943237 0.011922 0.014684
0 0.972680 0.931691 0.005891 0.012351
3 0.909555 0.953942 0.010297 0.018119
0 0.016758 0.967848 0.033516 0.062459
0 0.546539 0.979602 0.049609 0.040796
2 0.888336 0.942378 0.036672 0.022260
2 0.913320 0.929955 0.014859 0.009711
