62 0.516650 0.577447 0.058740 0.084444
57 0.542110 0.812553 0.462620 0.356997
73 0.197240 0.596381 0.012120 0.097748
73 0.091800 0.369069 0.014800 0.076817
73 0.127720 0.376321 0.006720 0.073664
73 0.182480 0.374024 0.015200 0.076096
73 0.213560 0.371502 0.023240 0.077057
73 0.089050 0.620180 0.028660 0.138438
73 0.145110 0.608964 0.008700 0.111622
73 0.136720 0.382733 0.007200 0.090571
73 0.185130 0.597598 0.014940 0.101682
73 0.160910 0.597763 0.031180 0.117928
73 0.135700 0.614940 0.016040 0.108739
73 0.105360 0.620060 0.012080 0.121201
38 0.252150 0.474024 0.027140 0.103423
65 0.589360 0.615811 0.019880 0.018889
73 0.204740 0.596637 0.010480 0.090270
56 0.810450 0.650661 0.198940 0.241562
57 0.814820 0.652688 0.189120 0.234565
