20 0.492719 0.543719 0.447312 0.446187
47 0.761992 0.734990 0.014922 0.017521
47 0.680562 0.735083 0.026125 0.019833
47 0.657672 0.728844 0.011125 0.012687
47 0.645094 0.708115 0.016156 0.011062
47 0.790430 0.727167 0.013766 0.013125
51 0.825617 0.718990 0.015766 0.022104
51 0.771398 0.749135 0.030266 0.014021
51 0.767789 0.712844 0.036641 0.046396
51 0.789805 0.726156 0.011547 0.010563
51 0.746227 0.748823 0.018391 0.020646
47 0.794852 0.718896 0.012422 0.015250
47 0.706547 0.687656 0.008531 0.009979
51 0.698453 0.720521 0.017625 0.014583
