0 0.558013 0.470016 0.372009 0.894844
0 0.090415 0.324797 0.171310 0.446344
0 0.363286 0.370188 0.160197 0.215937
0 0.799596 0.375805 0.127009 0.197547
0 0.955426 0.368227 0.086572 0.169734
0 0.436397 0.279320 0.087467 0.121297
0 0.184017 0.189156 0.116856 0.086313
28 0.216932 0.776227 0.375568 0.447547
28 0.912784 0.481320 0.117009 0.121328
0 0.224050 0.310453 0.066659 0.058500
0 0.909945 0.282781 0.087227 0.095375
0 0.811910 0.273977 0.118231 0.117016
74 0.048592 0.092656 0.096266 0.055219
0 0.736146 0.259906 0.065611 0.091938
0 0.667707 0.257648 0.069956 0.085547
0 0.326856 0.299391 0.066769 0.068187
