62 0.689813 0.253933 0.147687 0.152803
56 0.339055 0.751820 0.211109 0.471088
56 0.467039 0.747207 0.143953 0.502657
56 0.866820 0.716579 0.127953 0.468933
56 0.703508 0.737636 0.234516 0.498912
56 0.028977 0.799006 0.057953 0.400314
60 0.383266 0.563787 0.693344 0.192510
0 0.365320 0.409425 0.110734 0.203619
0 0.203086 0.621349 0.325609 0.725837
41 0.510133 0.491663 0.022391 0.058975
41 0.663836 0.476412 0.020984 0.050397
0 0.142703 0.337803 0.037594 0.071632
0 0.306789 0.323787 0.034141 0.109582
0 0.177312 0.338724 0.016906 0.044059
0 0.121266 0.325607 0.018313 0.036318
0 0.078750 0.365722 0.066031 0.081318
45 0.587656 0.505387 0.041375 0.027176
56 0.043195 0.493264 0.086391 0.103305
56 0.088719 0.392019 0.060406 0.030607
56 0.140820 0.389948 0.047203 0.030690
56 0.441961 0.468766 0.065547 0.062301
60 0.101383 0.449006 0.100078 0.051987
74 0.414711 0.179393 0.034172 0.050293
0 0.545086 0.536098 0.279672 0.493285
0 0.033078 0.652730 0.065250 0.265879
41 0.696016 0.483138 0.020938 0.043431
0 0.037453 0.327678 0.022500 0.029916
26 0.482766 0.672531 0.086688 0.169205
56 0.970437 0.637061 0.059125 0.198891
60 0.114453 0.727270 0.104750 0.254540
0 0.785641 0.392563 0.207375 0.266674
0 0.183625 0.360335 0.038594 0.084644
26 0.084828 0.505303 0.092219 0.067176
