5 0.465422 0.664810 0.144344 0.278741
1 0.593391 0.808824 0.010094 0.051140
26 0.960227 0.821817 0.038234 0.056556
26 0.739039 0.798397 0.016234 0.045439
9 0.356055 0.566306 0.014234 0.064537
0 0.751563 0.778979 0.027594 0.167981
0 0.664484 0.748705 0.024188 0.125202
0 0.640992 0.745214 0.020703 0.127197
0 0.589453 0.731128 0.019125 0.090333
0 0.139906 0.783325 0.037500 0.149644
0 0.198305 0.718337 0.015797 0.063990
0 0.119000 0.778658 0.102000 0.253943
9 0.224062 0.629679 0.008188 0.022209
9 0.400984 0.573824 0.021500 0.077435
0 0.783148 0.798955 0.063141 0.284038
0 0.057367 0.740095 0.027641 0.074584
0 0.346156 0.767755 0.047656 0.201164
0 0.447492 0.686544 0.024078 0.034988
0 0.599906 0.753800 0.042219 0.115487
1 0.564391 0.773955 0.079875 0.140879
0 0.840930 0.780202 0.037859 0.190048
9 0.342266 0.567209 0.013906 0.061401
