16 0.394875 0.489817 0.682625 0.697569
0 0.932477 0.448314 0.135047 0.415711
0 0.458500 0.186514 0.114813 0.184266
29 0.711875 0.344851 0.148938 0.184335
0 0.786883 0.187638 0.177578 0.366284
0 0.834156 0.460401 0.115688 0.421628
0 0.938383 0.139690 0.123234 0.279381
0 0.629656 0.513280 0.109500 0.236055
16 0.079039 0.540894 0.150922 0.245413
0 0.477125 0.101755 0.167187 0.203509
0 0.174938 0.583119 0.069469 0.160963
0 0.718414 0.040264 0.095547 0.080528
0 0.401766 0.188842 0.076563 0.169839
0 0.186508 0.194771 0.152359 0.388165
0 0.700930 0.518039 0.204828 0.286904
