2 0.386687 0.377500 0.076281 0.120500
3 0.534273 0.749583 0.387641 0.474167
3 0.787234 0.503760 0.082906 0.250396
3 0.874195 0.580229 0.118547 0.255958
2 0.347313 0.335260 0.077281 0.107521
67 0.595180 0.554042 0.016172 0.031333
7 0.364164 0.255146 0.093484 0.097375
0 0.496094 0.433958 0.190437 0.231333
0 0.626508 0.463625 0.082578 0.321667
0 0.959922 0.559552 0.080156 0.514646
0 0.776617 0.359917 0.012453 0.041292
0 0.215953 0.454885 0.110688 0.427896
0 0.085109 0.550104 0.164156 0.609917
0 0.725172 0.471385 0.064219 0.363437
0 0.480555 0.664198 0.246297 0.641979
0 0.907500 0.338417 0.008469 0.009833
0 0.485656 0.334031 0.021688 0.048313
0 0.166531 0.352396 0.049125 0.147625
0 0.925102 0.362073 0.040703 0.073479
0 0.263977 0.457135 0.056266 0.402104
