56 0.253227 0.648385 0.148391 0.290312
56 0.920969 0.629177 0.158062 0.346229
56 0.627430 0.640438 0.169141 0.296292
60 0.443258 0.467917 0.242078 0.059000
2 0.892609 0.364344 0.214781 0.186271
41 0.550094 0.442240 0.024719 0.037979
41 0.389148 0.437844 0.017078 0.028979
0 0.302602 0.372583 0.092953 0.174000
0 0.274125 0.535906 0.165688 0.446271
0 0.108516 0.533479 0.192812 0.444042
0 0.451398 0.544417 0.163797 0.445000
0 0.721570 0.443437 0.132141 0.326542
0 0.823930 0.553802 0.265922 0.477229
0 0.422781 0.365990 0.145844 0.154271
0 0.757586 0.433708 0.092703 0.305625
0 0.550602 0.390479 0.052578 0.135667
40 0.374812 0.464719 0.026188 0.028187
56 0.450641 0.645260 0.164969 0.303979
56 0.803836 0.442021 0.034484 0.081083
56 0.776234 0.524656 0.104531 0.188438
56 0.075453 0.620042 0.150906 0.299833
7 0.830195 0.244156 0.339609 0.280521
0 0.588266 0.318490 0.051187 0.058312
0 0.594578 0.450365 0.152938 0.286187
