36 0.164220 0.713363 0.023600 0.080601
0 0.320330 0.633168 0.302300 0.347057
0 0.455790 0.402402 0.068340 0.159399
0 0.381610 0.384700 0.061940 0.186456
0 0.256500 0.348453 0.095200 0.402913
0 0.184250 0.350300 0.087140 0.472372
0 0.613140 0.319715 0.062360 0.284054
0 0.657260 0.290676 0.059960 0.328799
0 0.693730 0.295465 0.059940 0.292192
0 0.027880 0.496126 0.055760 0.127147
0 0.098990 0.505195 0.103940 0.266486
36 0.214990 0.458183 0.034580 0.208919
36 0.435790 0.472057 0.071420 0.058348
36 0.372130 0.462628 0.062020 0.094565
36 0.966740 0.363048 0.024760 0.127838
0 0.144710 0.467117 0.081940 0.271652
0 0.112800 0.264640 0.064400 0.199129
0 0.046260 0.287267 0.091880 0.247628
