27 0.812961 0.244484 0.057737 0.090688
2 0.159270 0.378109 0.318539 0.199219
0 0.821870 0.758664 0.356260 0.482672
0 0.233178 0.700891 0.235795 0.598219
0 0.821140 0.451047 0.292520 0.809406
0 0.502496 0.458086 0.125955 0.219422
0 0.363411 0.483125 0.106340 0.189906
0 0.130425 0.661805 0.163900 0.613484
0 0.612632 0.515906 0.104912 0.336094
0 0.580305 0.376359 0.035987 0.051062
0 0.667223 0.446453 0.064430 0.191219
0 0.428668 0.411008 0.055923 0.112484
0 0.599510 0.335453 0.036902 0.049688
24 0.267729 0.290078 0.016164 0.028125
24 0.294783 0.612477 0.059326 0.144359
0 0.473210 0.717672 0.215409 0.564656
0 0.074647 0.449078 0.070578 0.246656
67 0.763684 0.421492 0.033018 0.027922
