0 0.686750 0.499918 0.626500 0.999276
52 0.317812 0.523586 0.089906 0.054229
52 0.353328 0.503949 0.084500 0.054907
52 0.381914 0.493329 0.079641 0.054416
52 0.399172 0.484229 0.074563 0.053364
52 0.422766 0.474907 0.067125 0.049159
52 0.509664 0.429708 0.061984 0.040584
52 0.488016 0.442477 0.055500 0.044065
52 0.557602 0.404533 0.065453 0.038271
52 0.447266 0.463598 0.067031 0.038925
52 0.538891 0.414638 0.059969 0.046332
52 0.433203 0.472956 0.067781 0.045491
52 0.465734 0.452395 0.057344 0.038528
