58 0.599086 0.508641 0.044391 0.090781
58 0.653703 0.508148 0.082969 0.090766
39 0.873023 0.579102 0.031828 0.132922
72 0.119102 0.624344 0.152797 0.705625
41 0.700391 0.585891 0.030594 0.046437
41 0.398227 0.526516 0.026828 0.046406
41 0.654703 0.528672 0.031000 0.047656
41 0.655406 0.590094 0.027031 0.038281
71 0.524328 0.600281 0.138688 0.017625
41 0.345547 0.580969 0.029437 0.044031
41 0.414531 0.591430 0.025125 0.022734
58 0.399187 0.489734 0.030594 0.119125
39 0.324172 0.572109 0.016938 0.048313
41 0.604313 0.527086 0.033969 0.047734
41 0.397273 0.575977 0.020828 0.040828
41 0.449688 0.525078 0.030719 0.045750
58 0.446367 0.493703 0.054453 0.114875
