4 0.471344 0.648169 0.823906 0.241378
0 0.873781 0.803199 0.110438 0.260886
0 0.922133 0.744606 0.026078 0.112441
0 0.491719 0.718671 0.022344 0.091516
0 0.518273 0.715325 0.032734 0.097382
0 0.963070 0.731565 0.026891 0.078248
0 0.985805 0.723750 0.018703 0.056398
0 0.952531 0.721762 0.016250 0.060886
0 0.538883 0.598602 0.020297 0.056181
0 0.546414 0.715148 0.025547 0.083484
0 0.569234 0.718986 0.027031 0.084311
0 0.560109 0.688002 0.010562 0.023524
7 0.164719 0.721791 0.102062 0.098898
0 0.416797 0.733169 0.033156 0.081299
7 0.346789 0.721988 0.200891 0.111811
