41 0.629617 0.138406 0.241297 0.269729
51 0.498820 0.212271 0.997641 0.417458
51 0.597586 0.421406 0.085484 0.133354
50 0.790547 0.736344 0.106969 0.100396
50 0.528633 0.915406 0.237266 0.169187
60 0.746445 0.258271 0.166797 0.134917
41 0.961617 0.108969 0.076766 0.217938
50 0.733766 0.403052 0.115031 0.105646
50 0.222750 0.478302 0.115156 0.133521
50 0.017734 0.658198 0.035469 0.081687
51 0.864828 0.598260 0.062969 0.064354
51 0.236633 0.612844 0.101828 0.079813
51 0.534633 0.362354 0.031703 0.118042
51 0.707641 0.720417 0.065062 0.050250
51 0.158594 0.423312 0.068000 0.073708
51 0.797727 0.591313 0.087141 0.077250
60 0.500000 0.495365 1.000000 0.990146
