56 0.444500 0.219535 0.407080 0.435946
0 0.218380 0.296502 0.433400 0.582913
41 0.029120 0.594429 0.058240 0.421532
44 0.132000 0.777357 0.148200 0.351051
45 0.177750 0.875000 0.346500 0.229760
50 0.573160 0.763483 0.159600 0.183604
51 0.807460 0.700495 0.017600 0.032102
51 0.805300 0.666246 0.245360 0.220360
60 0.586250 0.833333 0.827500 0.306306
26 0.646050 0.386982 0.200660 0.478529
0 0.902750 0.408799 0.194500 0.806306
40 0.029770 0.591757 0.056420 0.407057
0 0.325080 0.158709 0.118960 0.317417
45 0.141730 0.695961 0.193740 0.156246
