18 0.596633 0.883911 0.131797 0.152553
18 0.745633 0.834262 0.107422 0.137611
18 0.809336 0.718934 0.132859 0.148173
18 0.689891 0.721815 0.114156 0.170281
18 0.715742 0.468864 0.079172 0.175948
18 0.064422 0.648068 0.100219 0.103021
18 0.234516 0.524696 0.083625 0.099227
18 0.946492 0.478150 0.105203 0.141405
18 0.648531 0.245164 0.080344 0.107518
18 0.615867 0.376628 0.102422 0.136674
18 0.345336 0.444508 0.063578 0.083630
18 0.392563 0.429075 0.033063 0.084707
18 0.394188 0.387424 0.089906 0.091944
18 0.559922 0.361593 0.068812 0.117330
18 0.102211 0.720105 0.077297 0.095433
18 0.566047 0.258934 0.043406 0.094684
