0 0.421250 0.556339 0.166000 0.879196
0 0.563148 0.567042 0.166734 0.842701
0 0.753828 0.564286 0.197625 0.871429
0 0.687688 0.426931 0.102656 0.446763
0 0.093086 0.814185 0.112859 0.318192
77 0.591781 0.476518 0.063500 0.221161
26 0.428867 0.602355 0.117766 0.165290
2 0.258398 0.570335 0.214641 0.131607
2 0.270930 0.512868 0.195734 0.091004
2 0.191211 0.835346 0.379828 0.278728
26 0.910195 0.866083 0.120859 0.267835
26 0.620000 0.454554 0.061813 0.327277
77 0.542984 0.517489 0.065281 0.196272
0 0.637687 0.550826 0.124625 0.897679
