34 0.482156 0.447448 0.006313 0.060937
35 0.584359 0.614135 0.022375 0.032938
0 0.151992 0.268729 0.049953 0.147000
0 0.738805 0.298021 0.043578 0.061417
0 0.529922 0.187969 0.043406 0.071646
0 0.104492 0.277531 0.060672 0.146063
0 0.924414 0.322667 0.039797 0.057958
0 0.829430 0.308469 0.055234 0.057896
0 0.784398 0.306417 0.043203 0.054625
0 0.696008 0.285448 0.049516 0.077604
0 0.647359 0.294250 0.040094 0.044417
34 0.485164 0.499406 0.007078 0.009437
0 0.603070 0.282531 0.035078 0.055271
0 0.876328 0.316094 0.043750 0.063563
0 0.793852 0.191573 0.043484 0.065271
0 0.620844 0.620542 0.090969 0.143958
0 0.460477 0.555646 0.077203 0.232458
0 0.655609 0.598427 0.086938 0.193687
0 0.474242 0.257073 0.052922 0.072021
0 0.506969 0.249760 0.040938 0.090479
0 0.570906 0.271792 0.038844 0.069583
0 0.550859 0.267677 0.027594 0.066062
