0 0.715695 0.306089 0.012328 0.064590
0 0.706820 0.307026 0.011359 0.055785
20 0.201359 0.644145 0.276500 0.367119
20 0.480742 0.741639 0.215141 0.266698
20 0.396227 0.668782 0.097828 0.266979
20 0.335742 0.624836 0.092672 0.244192
20 0.419258 0.512623 0.075609 0.081124
20 0.703359 0.701042 0.391406 0.304941
20 0.487273 0.695504 0.107953 0.330351
20 0.364336 0.474590 0.114734 0.098267
20 0.625898 0.538326 0.203609 0.121288
20 0.613219 0.569660 0.125937 0.087658
20 0.873242 0.611464 0.104547 0.193279
0 0.562078 0.338372 0.013906 0.051499
0 0.539844 0.339649 0.007500 0.031756
0 0.517094 0.354625 0.008094 0.021803
0 0.528773 0.355082 0.008391 0.019625
0 0.867328 0.295035 0.023719 0.076019
0 0.771570 0.291335 0.014203 0.072131
0 0.755195 0.298314 0.022734 0.062576
0 0.820789 0.335199 0.022016 0.042061
0 0.700117 0.260457 0.012141 0.022225
0 0.921750 0.274930 0.015625 0.047705
20 0.499500 0.522471 0.060594 0.054684
0 0.848469 0.303993 0.015469 0.079415
20 0.732727 0.513923 0.094641 0.091358
