58 0.161437 0.336323 0.322875 0.659188
40 0.208695 0.796094 0.074828 0.219104
40 0.114609 0.894010 0.094375 0.206729
40 0.965984 0.797865 0.067500 0.134187
44 0.904461 0.855313 0.069484 0.048083
44 0.866812 0.833531 0.068594 0.039104
55 0.635977 0.850365 0.091109 0.111562
55 0.433195 0.791760 0.097172 0.137937
0 0.240164 0.552813 0.358984 0.557292
0 0.844383 0.438198 0.252797 0.719104
0 0.548172 0.534667 0.367719 0.521167
0 0.044664 0.364042 0.089328 0.170792
0 0.722758 0.445948 0.243672 0.650896
0 0.446625 0.336396 0.202250 0.530333
39 0.033906 0.579323 0.056500 0.236146
40 0.946500 0.955615 0.105906 0.088521
40 0.988977 0.473521 0.022047 0.101958
42 0.288203 0.839490 0.079063 0.062604
45 0.779266 0.793854 0.125438 0.072375
56 0.342516 0.585625 0.047938 0.136000
60 0.533188 0.869000 0.841750 0.262000
60 0.949516 0.602271 0.100969 0.378208
0 0.211445 0.394771 0.078984 0.135417
75 0.099164 0.566594 0.123141 0.198979
42 0.904305 0.858563 0.070859 0.035375
45 0.038133 0.897385 0.076266 0.103438
0 0.019820 0.325750 0.038609 0.136375
44 0.295594 0.835719 0.060531 0.053146
44 0.294484 0.818240 0.062156 0.045729
