6 0.624477 0.511256 0.687578 0.475213
0 0.821734 0.576517 0.050906 0.286445
0 0.850594 0.601623 0.075313 0.305900
0 0.967094 0.566327 0.049750 0.302559
0 0.132094 0.558981 0.047719 0.180948
0 0.095336 0.562062 0.039672 0.179621
0 0.157570 0.551114 0.027234 0.166588
14 0.961750 0.788270 0.017563 0.048768
28 0.938492 0.650770 0.054672 0.123294
74 0.127375 0.350284 0.037937 0.058578
74 0.971813 0.327405 0.040125 0.075427
0 0.162914 0.496126 0.013703 0.051066
0 0.047945 0.553045 0.025734 0.157796
0 0.258352 0.505983 0.012797 0.055853
67 0.835172 0.487358 0.007406 0.010924
67 0.820344 0.454076 0.001906 0.009431
67 0.946781 0.456315 0.004406 0.006374
