57 0.622047 0.747000 0.175437 0.251083
0 0.362414 0.581281 0.305359 0.837438
0 0.821625 0.496635 0.298312 0.984271
0 0.648156 0.639219 0.127000 0.321479
0 0.613461 0.574688 0.084547 0.234292
41 0.671672 0.896448 0.028281 0.085479
24 0.507031 0.572313 0.061625 0.154542
41 0.724984 0.603573 0.018313 0.024854
65 0.235891 0.839333 0.022031 0.058750
65 0.487727 0.876531 0.051672 0.024646
0 0.970594 0.451979 0.058813 0.129458
0 0.732672 0.523021 0.045500 0.175417
41 0.463820 0.794219 0.023734 0.065562
57 0.584219 0.701594 0.274250 0.211854
65 0.692070 0.092177 0.070922 0.181938
0 0.912016 0.785719 0.175969 0.402604
41 0.621367 0.894052 0.036391 0.071479
