2 0.974133 0.665557 0.049234 0.103259
0 0.120383 0.589889 0.056734 0.249415
0 0.067086 0.573886 0.049984 0.269889
0 0.457570 0.625251 0.054641 0.190836
0 0.505555 0.627911 0.049703 0.216992
4 0.464508 0.464039 0.833203 0.667409
0 0.579109 0.673872 0.033313 0.091922
0 0.561828 0.668579 0.040906 0.100669
0 0.610461 0.677758 0.027359 0.083983
0 0.532531 0.649833 0.031938 0.074986
0 0.639320 0.683370 0.026203 0.075097
7 0.181234 0.586253 0.091594 0.112618
7 0.973664 0.666518 0.052672 0.103454
0 0.756344 0.680265 0.090688 0.278134
