8 0.603900 0.171280 0.322720 0.341536
8 0.829210 0.165497 0.201860 0.328404
8 0.519680 0.317560 0.073280 0.069819
8 0.283400 0.203825 0.154040 0.117108
0 0.661240 0.507229 0.209160 0.350000
0 0.415560 0.642696 0.222320 0.458404
0 0.308110 0.680527 0.118620 0.369729
0 0.207410 0.675286 0.104460 0.375271
0 0.877850 0.737605 0.110660 0.461717
0 0.501610 0.384518 0.044540 0.094518
0 0.110150 0.758825 0.123420 0.407048
0 0.562040 0.494729 0.045640 0.206205
0 0.552410 0.446295 0.040540 0.116145
0 0.096800 0.575346 0.060280 0.124910
0 0.055440 0.690105 0.067440 0.229367
0 0.946150 0.388705 0.046580 0.063373
8 0.924060 0.223494 0.151880 0.175542
8 0.825130 0.164172 0.077260 0.051596
8 0.144640 0.412123 0.279400 0.435633
0 0.985810 0.354021 0.028380 0.081596
8 0.180230 0.171431 0.056900 0.057139
8 0.858940 0.131114 0.176120 0.094036
8 0.644020 0.155708 0.119680 0.072560
8 0.265510 0.112259 0.205860 0.068614
