62 0.496266 0.276405 0.185906 0.233700
39 0.374781 0.436405 0.025875 0.105363
39 0.427727 0.443677 0.019203 0.083934
39 0.411305 0.433150 0.020484 0.099227
60 0.924219 0.557611 0.151562 0.126464
60 0.628125 0.664169 0.734375 0.517564
0 0.771750 0.355925 0.205750 0.438829
0 0.246867 0.545749 0.206953 0.908501
43 0.649023 0.505738 0.071516 0.039157
45 0.797961 0.574415 0.086766 0.084473
45 0.396891 0.523021 0.111688 0.078126
45 0.563797 0.588173 0.075000 0.085902
26 0.651883 0.309567 0.061266 0.078852
39 0.398750 0.454356 0.020375 0.056862
39 0.331109 0.459988 0.015906 0.051405
41 0.901109 0.498220 0.015469 0.026557
42 0.308539 0.225902 0.035547 0.010539
0 0.956703 0.440433 0.085687 0.161335
45 0.919609 0.541956 0.037719 0.033185
45 0.900633 0.954052 0.101828 0.091897
0 0.516914 0.262518 0.097891 0.165597
41 0.939133 0.562740 0.031422 0.035363
44 0.930453 0.525527 0.018344 0.037799
49 0.696141 0.579133 0.035844 0.028150
49 0.727992 0.586581 0.045078 0.060094
44 0.314008 0.218817 0.046766 0.029391
69 0.417430 0.563665 0.231922 0.134731
