58 0.301460 0.466532 0.082640 0.159550
39 0.522670 0.510090 0.018940 0.083063
39 0.570210 0.498724 0.018220 0.110240
39 0.592230 0.506441 0.015180 0.090601
39 0.817410 0.639039 0.020780 0.146126
39 0.545770 0.515405 0.015900 0.071051
72 0.830630 0.471532 0.260420 0.395495
68 0.227580 0.377207 0.060880 0.137117
39 0.648190 0.721006 0.043300 0.234144
39 0.380950 0.489309 0.031940 0.110811
40 0.847700 0.638108 0.042560 0.078018
45 0.312770 0.550856 0.037340 0.013544
45 0.532720 0.551051 0.023320 0.021021
0 0.649170 0.711592 0.049740 0.221802
0 0.842500 0.723438 0.087000 0.150901
39 0.499210 0.499309 0.017380 0.104324
69 0.317430 0.661036 0.039780 0.064955
71 0.297630 0.609985 0.042020 0.030480
73 0.659760 0.423559 0.040600 0.031682
