32 0.638133 0.397178 0.051422 0.082787
0 0.232250 0.687506 0.464500 0.624988
0 0.077617 0.482237 0.014797 0.035433
0 0.737594 0.500609 0.056375 0.249836
0 0.507906 0.460457 0.017750 0.080258
0 0.477945 0.469731 0.015078 0.064098
34 0.378102 0.878384 0.085859 0.192037
35 0.439500 0.590293 0.025406 0.054215
0 0.563984 0.455796 0.019375 0.040445
0 0.013008 0.555035 0.026016 0.164824
0 0.625445 0.458536 0.015453 0.070141
0 0.869195 0.467799 0.045109 0.180281
0 0.406539 0.535867 0.092703 0.269391
0 0.028789 0.513806 0.018172 0.086159
0 0.774477 0.466827 0.028234 0.142740
0 0.915023 0.587892 0.169953 0.469274
35 0.983898 0.572494 0.032203 0.074918
