1 0.318055 0.155497 0.026422 0.083047
0 0.506414 0.525564 0.233953 0.885801
3 0.753313 0.153465 0.056688 0.141332
3 0.462922 0.196964 0.038781 0.072754
3 0.605594 0.116038 0.024156 0.065395
0 0.954422 0.135530 0.091156 0.211467
0 0.450859 0.153837 0.058094 0.158104
0 0.605063 0.067540 0.021344 0.035711
0 0.878227 0.065023 0.016453 0.094424
0 0.651297 0.075801 0.025688 0.064515
0 0.752437 0.119108 0.062094 0.166479
0 0.563469 0.079086 0.027344 0.072348
27 0.518383 0.356174 0.040641 0.223047
0 0.618484 0.071061 0.017094 0.054492
0 0.861039 0.060734 0.013234 0.058623
0 0.586219 0.068894 0.017250 0.051467
0 0.317055 0.122404 0.038109 0.135914
3 0.955602 0.219086 0.088797 0.191174
0 0.800500 0.065418 0.010094 0.034131
1 0.562711 0.106772 0.024266 0.052957
26 0.607523 0.648758 0.034516 0.188442
