57 0.288352 0.765596 0.484672 0.352687
73 0.874719 0.732710 0.106125 0.044860
73 0.872320 0.765841 0.115859 0.038832
65 0.473164 0.758738 0.046172 0.019346
73 0.477297 0.779696 0.082281 0.034486
73 0.875578 0.754346 0.111156 0.036215
73 0.695125 0.691600 0.077875 0.020537
73 0.618141 0.764544 0.025562 0.061285
73 0.623711 0.774428 0.020578 0.054229
73 0.691102 0.700911 0.085297 0.030841
73 0.604633 0.752652 0.030328 0.072079
73 0.589141 0.753470 0.007156 0.069509
73 0.611359 0.761822 0.025062 0.064112
75 0.380750 0.786636 0.067750 0.085187
75 0.635938 0.668762 0.029125 0.037804
75 0.605250 0.661717 0.028750 0.043855
75 0.988984 0.788248 0.022031 0.052991
73 0.711703 0.814720 0.062531 0.106168
73 0.695398 0.676460 0.078766 0.021098
75 0.993922 0.743470 0.012156 0.038107
