58 0.687883 0.140011 0.125016 0.153781
60 0.502000 0.698121 0.994375 0.571412
0 0.488789 0.332005 0.110922 0.188292
0 0.798211 0.413907 0.298359 0.515695
0 0.121992 0.435330 0.222516 0.552574
0 0.662359 0.358030 0.090438 0.240843
0 0.299664 0.429169 0.178234 0.384533
45 0.462047 0.566435 0.075156 0.074738
0 0.951031 0.603964 0.086438 0.332118
40 0.234828 0.852540 0.137187 0.270592
40 0.303906 0.720467 0.089906 0.262164
40 0.345305 0.628018 0.060797 0.210752
40 0.385609 0.549715 0.048906 0.145945
40 0.890914 0.820581 0.129109 0.322346
58 0.951125 0.363212 0.086969 0.330159
40 0.762539 0.699021 0.085297 0.250979
40 0.627398 0.844590 0.101703 0.303075
40 0.506594 0.848918 0.102531 0.301253
40 0.403398 0.843519 0.111672 0.299886
40 0.679734 0.601025 0.054937 0.188610
40 0.815344 0.758223 0.100031 0.292893
58 0.309469 0.255057 0.176313 0.306743
