0 0.649578 0.471215 0.661781 0.478568
0 0.854633 0.277202 0.024953 0.077831
0 0.595469 0.356074 0.061375 0.110889
0 0.514344 0.321855 0.008656 0.024447
30 0.602969 0.402148 0.066969 0.022082
31 0.477398 0.795043 0.501641 0.376768
0 0.284578 0.400260 0.066812 0.225293
0 0.327781 0.446638 0.101969 0.177527
0 0.537609 0.340857 0.028375 0.060672
0 0.905359 0.268590 0.029094 0.084599
0 0.058883 0.429978 0.050641 0.125163
0 0.096883 0.446800 0.020953 0.053644
0 0.220008 0.405304 0.032859 0.080976
31 0.065883 0.486866 0.083734 0.024403
0 0.921312 0.203351 0.005187 0.023579
0 0.139734 0.433688 0.025875 0.053145
30 0.537234 0.371562 0.028187 0.011714
30 0.513672 0.334100 0.009969 0.003774
30 0.252977 0.543482 0.143172 0.018590
30 0.910227 0.308113 0.054016 0.019176
30 0.141703 0.456649 0.035500 0.011562
