19 0.662273 0.697510 0.125703 0.125521
19 0.742398 0.691844 0.093484 0.118854
19 0.248531 0.653500 0.102688 0.108250
19 0.369695 0.661521 0.045953 0.100000
19 0.806000 0.657365 0.077750 0.101729
19 0.031039 0.655677 0.060922 0.051771
19 0.563383 0.698083 0.088422 0.117417
0 0.144273 0.679396 0.071172 0.262417
0 0.091734 0.678250 0.071156 0.251667
0 0.549742 0.691667 0.051016 0.172208
0 0.294383 0.732031 0.046766 0.092646
24 0.085531 0.639885 0.056563 0.093229
14 0.524156 0.320521 0.011781 0.012083
19 0.306687 0.671896 0.116656 0.045792
19 0.194227 0.664729 0.031203 0.045042
26 0.551359 0.695854 0.029063 0.034583
