27 0.169555 0.474609 0.084047 0.469844
27 0.224469 0.451352 0.062375 0.462391
27 0.962203 0.323125 0.066969 0.355250
27 0.121148 0.447328 0.094891 0.510000
27 0.268805 0.438719 0.072109 0.455187
27 0.201141 0.455008 0.064438 0.488422
27 0.763844 0.340109 0.037906 0.357344
27 0.925203 0.203875 0.016406 0.092500
27 0.086797 0.489633 0.085250 0.502328
27 0.445695 0.395914 0.082047 0.458109
27 0.666164 0.368336 0.063109 0.402172
27 0.704391 0.358797 0.054750 0.399062
27 0.723320 0.350383 0.057859 0.389172
