2 0.204742 0.651499 0.081547 0.047307
2 0.035102 0.654731 0.066734 0.056815
2 0.280961 0.649895 0.036859 0.036604
2 0.832750 0.661393 0.041281 0.032201
2 0.353234 0.674391 0.054062 0.075855
2 0.986453 0.655773 0.027094 0.019415
2 0.007695 0.724578 0.015391 0.080539
5 0.590320 0.673595 0.425391 0.335574
0 0.808594 0.722518 0.028125 0.186300
0 0.714766 0.643993 0.026219 0.076792
0 0.776586 0.647026 0.032984 0.059672
2 0.961508 0.659520 0.068234 0.039180
2 0.915461 0.662155 0.030359 0.030632
13 0.986938 0.762494 0.025156 0.081429
2 0.059594 0.646171 0.080625 0.070187
0 0.685234 0.625445 0.021438 0.037260
0 0.240320 0.641780 0.010516 0.020703
2 0.005164 0.652576 0.009047 0.048618
7 0.352672 0.672810 0.057937 0.078689
