27 0.590531 0.539094 0.060937 0.183344
26 0.470969 0.668305 0.099604 0.293359
0 0.571438 0.655172 0.321667 0.638469
0 0.271083 0.457234 0.053875 0.113563
0 0.314802 0.461250 0.043104 0.102000
0 0.469687 0.424766 0.035208 0.028375
0 0.497760 0.419906 0.029896 0.037625
0 0.752844 0.448766 0.023438 0.076781
0 0.866156 0.468867 0.023854 0.058328
0 0.180385 0.443555 0.030896 0.077453
0 0.130719 0.430164 0.030271 0.064172
1 0.022260 0.474859 0.043771 0.041625
0 0.897896 0.453828 0.030042 0.087844
0 0.300510 0.412437 0.027521 0.023312
0 0.352615 0.474273 0.049021 0.071797
1 0.767677 0.465187 0.108854 0.054750
1 0.088365 0.478695 0.095021 0.041859
0 0.536865 0.423617 0.053479 0.041453
1 0.990594 0.490305 0.018812 0.048297
