58 0.112453 0.700000 0.224906 0.222469
8 0.845398 0.429749 0.211078 0.214895
8 0.462383 0.431757 0.070641 0.155941
8 0.322570 0.404100 0.046922 0.129163
0 0.514172 0.591266 0.093094 0.303619
0 0.614000 0.618243 0.106219 0.312971
8 0.274039 0.515262 0.068453 0.046004
13 0.496234 0.687709 0.378812 0.231151
13 0.922109 0.690638 0.155781 0.226967
8 0.604734 0.407657 0.038687 0.033766
8 0.388375 0.441506 0.077844 0.041590
8 0.562211 0.389446 0.055422 0.238724
8 0.943219 0.458285 0.069719 0.034310
8 0.607555 0.446025 0.040359 0.025397
8 0.702430 0.450136 0.026016 0.037427
0 0.400914 0.607699 0.122484 0.314603
