56 0.731250 0.495702 0.258344 0.208597
56 0.426977 0.432831 0.215859 0.078532
56 0.059250 0.465879 0.106031 0.208145
60 0.500289 0.703282 0.973297 0.553984
40 0.557688 0.513282 0.085312 0.190597
41 0.347844 0.498032 0.069531 0.062097
41 0.333344 0.601177 0.083156 0.143258
45 0.213297 0.637282 0.164719 0.077661
45 0.306086 0.730073 0.063703 0.056210
45 0.235227 0.560339 0.056016 0.034194
45 0.478250 0.854702 0.108031 0.083145
48 0.704383 0.597427 0.163734 0.053145
48 0.709430 0.652202 0.049891 0.039952
48 0.677055 0.638524 0.051547 0.038855
48 0.404898 0.788516 0.142922 0.110516
48 0.431430 0.732226 0.187422 0.104161
41 0.975641 0.724290 0.018688 0.171419
45 0.068891 0.881935 0.104781 0.091742
45 0.805008 0.697306 0.084672 0.054839
45 0.564961 0.682613 0.068797 0.057613
45 0.772984 0.660573 0.075813 0.040177
45 0.655930 0.686879 0.078891 0.062339
26 0.807133 0.506831 0.089859 0.204597
48 0.639336 0.628121 0.031609 0.032629
