57 0.732102 0.780844 0.535797 0.438312
60 0.433141 0.837083 0.421344 0.235958
0 0.909313 0.408729 0.127000 0.441792
0 0.797195 0.573781 0.235953 0.824729
0 0.394469 0.483635 0.230250 0.553063
41 0.484867 0.752385 0.040453 0.064729
41 0.446773 0.797469 0.056484 0.095937
65 0.287797 0.262625 0.012531 0.018583
65 0.730461 0.566125 0.027453 0.015417
24 0.126406 0.932583 0.215719 0.107875
65 0.512000 0.781000 0.036969 0.034458
65 0.408586 0.889573 0.116109 0.037521
65 0.397883 0.778396 0.041422 0.020208
