4 0.458242 0.531385 0.832391 0.313896
4 0.382875 0.433969 0.519937 0.193812
0 0.402055 0.764167 0.018359 0.074333
0 0.805602 0.651094 0.016828 0.043729
4 0.323086 0.414010 0.224891 0.078271
4 0.314914 0.373042 0.246859 0.104375
4 0.296633 0.334708 0.113516 0.061333
4 0.095859 0.332510 0.095031 0.035188
7 0.523125 0.732229 0.218031 0.113417
0 0.975648 0.671313 0.016641 0.053083
0 0.955852 0.306979 0.014859 0.023583
0 0.598586 0.685646 0.014672 0.023833
0 0.620047 0.721885 0.007250 0.016313
7 0.766813 0.653938 0.075219 0.057958
0 0.566594 0.517323 0.010937 0.014437
7 0.911797 0.659385 0.064156 0.067562
7 0.978781 0.680292 0.042438 0.064125
0 0.108781 0.491646 0.075156 0.137958
0 0.875602 0.610104 0.013422 0.031833
