5 0.613484 0.475281 0.347187 0.231479
0 0.318266 0.596656 0.038156 0.121063
0 0.552453 0.733958 0.040188 0.156250
0 0.563641 0.591698 0.038875 0.095229
0 0.369023 0.632854 0.275766 0.203125
0 0.409187 0.637167 0.042594 0.127125
0 0.536477 0.586969 0.022609 0.095771
0 0.225914 0.584406 0.026141 0.117438
0 0.216023 0.591385 0.030266 0.112146
0 0.354914 0.602396 0.037328 0.126333
0 0.539828 0.923646 0.075094 0.152708
0 0.641227 0.736385 0.050891 0.185062
0 0.572688 0.565344 0.035187 0.108729
7 0.131852 0.386760 0.060922 0.074521
0 0.499508 0.554562 0.034703 0.126958
7 0.337008 0.408677 0.178547 0.168271
