22 0.811063 0.627681 0.127406 0.113864
22 0.703031 0.605913 0.041938 0.085785
22 0.786070 0.490562 0.173547 0.133021
22 0.658531 0.591358 0.143687 0.110304
22 0.457719 0.583817 0.160531 0.102201
22 0.553109 0.467834 0.145969 0.074215
22 0.467898 0.508665 0.067797 0.067073
22 0.427344 0.571288 0.195906 0.098314
22 0.345414 0.561429 0.173922 0.112131
22 0.283016 0.556920 0.105844 0.094309
22 0.557766 0.586042 0.054375 0.100890
22 0.323359 0.580773 0.042094 0.077190
22 0.208289 0.536768 0.160891 0.098923
