39 0.304465 0.159500 0.029243 0.047406
39 0.280692 0.158570 0.030627 0.050328
39 0.236110 0.163961 0.026475 0.053297
39 0.508225 0.199141 0.092585 0.233500
39 0.327219 0.152727 0.029634 0.044328
39 0.361240 0.153031 0.029164 0.053969
39 0.259178 0.162656 0.026554 0.049312
39 0.215927 0.166023 0.027624 0.051516
0 0.137546 0.407406 0.269869 0.146594
0 0.130979 0.277453 0.261958 0.198781
41 0.371593 0.305297 0.109713 0.136406
41 0.577480 0.285281 0.090418 0.134906
43 0.543512 0.554523 0.395274 0.122047
53 0.428081 0.496367 0.503159 0.157297
53 0.382167 0.800445 0.764334 0.255609
39 0.122010 0.165625 0.036501 0.062281
39 0.097611 0.168570 0.025405 0.049141
39 0.163525 0.167844 0.034465 0.050406
40 0.426449 0.270469 0.125117 0.167094
41 0.965131 0.293602 0.069739 0.156266
42 0.536854 0.670281 0.078564 0.021937
60 0.503185 0.615727 0.991332 0.741578
53 0.689439 0.385313 0.415640 0.093844
56 0.430235 0.178703 0.108512 0.120000
56 0.835966 0.112891 0.188120 0.046094
56 0.661723 0.210797 0.257650 0.126469
0 0.327715 0.036922 0.118668 0.072250
0 0.692990 0.663062 0.614021 0.463500
