26 0.228789 0.705729 0.049891 0.295958
26 0.396586 0.636156 0.022359 0.024562
0 0.133664 0.659563 0.174641 0.680875
0 0.397148 0.646135 0.021797 0.111521
0 0.425547 0.642385 0.029406 0.117604
0 0.913930 0.653875 0.041953 0.119625
0 0.888195 0.666573 0.028703 0.101062
0 0.979508 0.657177 0.023547 0.101062
0 0.233438 0.656771 0.027594 0.129708
26 0.108516 0.612750 0.126781 0.323708
33 0.143563 0.155510 0.018781 0.029104
33 0.788992 0.168083 0.011953 0.014917
0 0.615344 0.639198 0.016938 0.036646
0 0.767852 0.605042 0.005922 0.020125
0 0.313563 0.629073 0.009469 0.026771
33 0.753688 0.181906 0.059281 0.027062
0 0.714281 0.631510 0.008219 0.028229
0 0.410625 0.661073 0.012531 0.053562
0 0.453922 0.631094 0.024063 0.119354
