56 0.526312 0.794646 0.209969 0.389717
0 0.269609 0.609752 0.372844 0.757854
0 0.748852 0.551686 0.428766 0.838184
0 0.058805 0.622618 0.117609 0.719104
0 0.581687 0.598950 0.128031 0.557288
0 0.176422 0.575283 0.132500 0.579764
0 0.264172 0.422311 0.057719 0.172311
73 0.670289 0.756710 0.062266 0.041533
55 0.488438 0.458231 0.102688 0.008915
56 0.664898 0.630767 0.099734 0.141675
0 0.792125 0.300578 0.240500 0.127901
0 0.404937 0.530248 0.066500 0.131910
55 0.547164 0.452217 0.026547 0.023066
56 0.923289 0.832300 0.076609 0.167759
