39 0.863992 0.455142 0.064766 0.216132
56 0.546875 0.376002 0.181500 0.097476
56 0.743102 0.257665 0.045359 0.059670
46 0.660266 0.799021 0.156313 0.164033
50 0.764492 0.777594 0.198078 0.186321
71 0.876656 0.655047 0.246688 0.537075
56 0.731250 0.308738 0.098219 0.077854
56 0.906352 0.265884 0.086891 0.077571
68 0.690094 0.187559 0.070563 0.065024
73 0.945078 0.325425 0.053875 0.025566
74 0.524320 0.150094 0.025953 0.040755
75 0.403258 0.373774 0.095734 0.209528
39 0.808406 0.485649 0.058813 0.169316
58 0.799250 0.188267 0.039719 0.075495
60 0.847852 0.357606 0.238203 0.147618
56 0.777383 0.391863 0.177578 0.086792
