58 0.652195 0.563897 0.071641 0.213005
56 0.271391 0.493204 0.060000 0.148052
57 0.835945 0.758239 0.323547 0.449671
60 0.372672 0.485399 0.201437 0.094507
56 0.391172 0.434237 0.046562 0.034249
56 0.352367 0.488134 0.065203 0.106737
65 0.453914 0.703369 0.044859 0.040634
73 0.396023 0.688169 0.063953 0.034789
75 0.537687 0.474155 0.015563 0.053146
45 0.509953 0.481455 0.021594 0.013474
56 0.366977 0.670857 0.251703 0.270681
56 0.487344 0.459765 0.056219 0.049671
56 0.544742 0.885246 0.551828 0.229507
58 0.546695 0.433568 0.029141 0.133756
