5 0.566797 0.556452 0.341500 0.235433
5 0.895750 0.554461 0.145406 0.186815
5 0.780000 0.533794 0.089312 0.134707
0 0.534516 0.635351 0.045875 0.183864
0 0.560172 0.639028 0.038437 0.198009
0 0.158641 0.570293 0.022219 0.060304
0 0.651227 0.657178 0.045141 0.214684
0 0.197359 0.574637 0.026781 0.119391
0 0.605984 0.649110 0.055250 0.195316
0 0.044195 0.533981 0.015484 0.042810
24 0.643164 0.619169 0.028359 0.064379
0 0.006766 0.528747 0.013531 0.064052
0 0.035086 0.533864 0.013047 0.042904
24 0.593781 0.618478 0.031375 0.075363
0 0.127586 0.569274 0.026078 0.055550
