34 0.568914 0.717714 0.113141 0.185368
34 0.545461 0.731899 0.064578 0.166302
35 0.662953 0.666024 0.032656 0.075030
35 0.907570 0.630835 0.051109 0.055746
35 0.441008 0.655318 0.047359 0.076720
35 0.586320 0.635795 0.057734 0.059026
35 0.916711 0.541968 0.040797 0.050457
0 0.478391 0.413499 0.100781 0.243340
0 0.400867 0.436720 0.066734 0.227396
0 0.336211 0.423787 0.081484 0.196759
0 0.273336 0.430298 0.080266 0.203499
0 0.197492 0.435378 0.078891 0.209563
0 0.136875 0.583897 0.121875 0.435944
0 0.663859 0.412087 0.092531 0.213320
0 0.345961 0.642316 0.123516 0.341014
0 0.852172 0.595507 0.153656 0.355070
0 0.739734 0.399344 0.069969 0.195626
0 0.755914 0.602247 0.127172 0.350577
0 0.651375 0.604563 0.123000 0.341372
27 0.211227 0.423201 0.016078 0.053996
35 0.764555 0.650467 0.042828 0.059622
35 0.332633 0.693926 0.048547 0.068529
35 0.260250 0.677336 0.048156 0.083738
0 0.444422 0.637028 0.107344 0.358986
35 0.302852 0.515189 0.025234 0.025924
