9 0.359790 0.091153 0.025820 0.054937
9 0.311610 0.094486 0.020740 0.049574
9 0.535180 0.099812 0.024440 0.049699
9 0.704260 0.057381 0.024080 0.054762
0 0.147620 0.403810 0.032000 0.104662
0 0.190100 0.400000 0.038600 0.101003
2 0.854120 0.306078 0.111680 0.119223
2 0.654190 0.325564 0.105380 0.108571
2 0.547380 0.286617 0.082120 0.067068
9 0.300860 0.185627 0.009280 0.019925
9 0.865140 0.173985 0.022480 0.018797
9 0.360510 0.219198 0.005180 0.008271
2 0.438500 0.278935 0.061000 0.062682
2 0.272070 0.280226 0.032660 0.039449
2 0.350990 0.254912 0.058500 0.034185
2 0.659560 0.249674 0.101560 0.051880
