67 0.414828 0.491625 0.109469 0.177917
0 0.202070 0.501740 0.309078 0.737229
0 0.338766 0.614615 0.653937 0.748313
0 0.829727 0.552479 0.340547 0.895042
45 0.338852 0.928250 0.237109 0.107625
42 0.711555 0.545948 0.054859 0.037729
44 0.080148 0.667427 0.031609 0.039813
56 0.645547 0.892698 0.094312 0.214604
60 0.706508 0.537146 0.243234 0.075917
41 0.142875 0.989135 0.109187 0.021729
44 0.114836 0.345573 0.045797 0.020979
56 0.690969 0.476406 0.148625 0.059354
56 0.820656 0.529490 0.083031 0.122937
60 0.120055 0.876375 0.239547 0.247250
45 0.626047 0.506240 0.045781 0.046938
41 0.338281 0.937188 0.231250 0.120833
56 0.079289 0.741719 0.043297 0.122271
