2 0.214125 0.624635 0.047969 0.049521
0 0.070930 0.648625 0.026141 0.103417
0 0.035336 0.643437 0.031047 0.101542
0 0.101594 0.632302 0.022531 0.077687
2 0.367805 0.623406 0.053078 0.030354
1 0.033320 0.801510 0.044141 0.060146
9 0.177008 0.561667 0.007172 0.016167
9 0.148352 0.586583 0.004172 0.009667
9 0.250812 0.563260 0.006750 0.014729
9 0.387656 0.547875 0.010187 0.023625
0 0.513539 0.623771 0.015734 0.059583
0 0.480422 0.623625 0.014750 0.050917
0 0.467664 0.620115 0.012578 0.043896
0 0.432750 0.617521 0.011813 0.043000
0 0.449172 0.622833 0.012344 0.044583
9 0.399258 0.578135 0.005391 0.011354
9 0.338586 0.579000 0.008016 0.017042
0 0.526781 0.623552 0.021250 0.057813
1 0.118063 0.661448 0.025469 0.051687
2 0.163727 0.618594 0.039672 0.022062
9 0.160742 0.583167 0.005359 0.013667
0 0.507203 0.627615 0.022062 0.058312
