25 0.281109 0.498177 0.127219 0.064872
25 0.400414 0.474463 0.130078 0.063032
0 0.548359 0.671388 0.078687 0.344923
0 0.395734 0.623203 0.148031 0.336627
0 0.288555 0.648313 0.086578 0.267428
0 0.224797 0.642206 0.085125 0.255451
0 0.082750 0.672956 0.102625 0.207615
0 0.895773 0.671934 0.061547 0.160051
0 0.196766 0.594489 0.029656 0.135997
0 0.255422 0.457939 0.022812 0.027394
0 0.237773 0.459446 0.019547 0.022436
17 0.672977 0.612019 0.087141 0.113407
26 0.404398 0.609940 0.017172 0.022675
27 0.232203 0.562624 0.009844 0.025247
27 0.569102 0.575809 0.008609 0.024259
17 0.938297 0.583126 0.052750 0.055247
17 0.730859 0.600852 0.053719 0.046303
27 0.882516 0.621550 0.008063 0.007973
27 0.093891 0.634864 0.016500 0.023186
