60 0.500000 0.498229 1.000000 0.985875
54 0.349711 0.524438 0.100672 0.200292
54 0.885063 0.368885 0.123438 0.139687
54 0.852203 0.460635 0.120969 0.165146
54 0.942734 0.493667 0.102250 0.173542
54 0.215188 0.698375 0.161844 0.224292
54 0.846508 0.609187 0.099047 0.211292
54 0.698336 0.487615 0.092547 0.184688
54 0.437734 0.614396 0.142219 0.129625
54 0.446211 0.718698 0.136516 0.151396
54 0.142773 0.478510 0.122891 0.142729
54 0.277438 0.532396 0.100937 0.162917
54 0.197461 0.384865 0.084703 0.169063
54 0.927320 0.659760 0.122453 0.223271
