1 0.496914 0.480135 0.008547 0.042271
2 0.779297 0.449323 0.227250 0.035687
2 0.254781 0.470490 0.066812 0.048104
2 0.772102 0.437177 0.047141 0.025646
2 0.729461 0.436979 0.039391 0.019667
0 0.539328 0.500354 0.037344 0.136042
0 0.498484 0.465094 0.023250 0.068646
0 0.159250 0.462958 0.008875 0.033458
0 0.590680 0.446281 0.010609 0.035521
0 0.571781 0.441354 0.007625 0.022917
9 0.590367 0.085229 0.021609 0.082208
9 0.516703 0.315812 0.013375 0.036458
9 0.564187 0.315313 0.010125 0.027042
9 0.372805 0.317042 0.014328 0.034833
9 0.608398 0.316542 0.009891 0.031458
9 0.667859 0.021146 0.034437 0.042292
9 0.447734 0.314760 0.018438 0.038604
0 0.550406 0.470219 0.019125 0.060854
7 0.304977 0.454906 0.055328 0.049729
1 0.538984 0.538125 0.011750 0.082208
0 0.314891 0.447365 0.003750 0.006687
0 0.528633 0.443854 0.009953 0.016125
2 0.982719 0.429635 0.034563 0.017646
2 0.914766 0.433198 0.045312 0.023062
2 0.656531 0.442542 0.028187 0.019292
2 0.828102 0.432490 0.043484 0.018854
