0 0.215625 0.578052 0.012094 0.035396
0 0.541477 0.648958 0.023672 0.072250
0 0.067953 0.783208 0.052000 0.138708
0 0.574141 0.569906 0.038062 0.049646
0 0.578023 0.659052 0.035234 0.073813
0 0.548820 0.546927 0.009266 0.018812
0 0.275523 0.573396 0.012953 0.053250
0 0.245039 0.573708 0.011672 0.027417
0 0.805945 0.657865 0.014078 0.075813
0 0.887594 0.658448 0.019125 0.077813
0 0.478812 0.577365 0.007875 0.037229
30 0.062461 0.866125 0.078891 0.013958
0 0.502266 0.573802 0.012219 0.040229
0 0.821063 0.662458 0.017188 0.072083
