17 0.659984 0.691393 0.680031 0.591405
0 0.513852 0.570176 0.291703 0.859649
0 0.252992 0.495222 0.035078 0.070117
0 0.339148 0.536452 0.043016 0.239696
0 0.172633 0.578443 0.047391 0.237073
0 0.075711 0.477951 0.016797 0.027752
0 0.136500 0.512705 0.041750 0.098618
0 0.629609 0.447752 0.023906 0.069461
0 0.017039 0.500585 0.031891 0.067400
0 0.277320 0.481452 0.026766 0.055644
0 0.195484 0.498712 0.026406 0.070867
0 0.027594 0.540246 0.055188 0.102834
0 0.269656 0.437717 0.023281 0.038337
0 0.059266 0.589508 0.051062 0.235644
