39 0.707500 0.577167 0.037750 0.150250
39 0.769102 0.603313 0.085359 0.218625
39 0.089688 0.427896 0.016188 0.081250
39 0.526211 0.727406 0.023328 0.083729
41 0.469250 0.772729 0.056156 0.128333
41 0.682164 0.721104 0.045234 0.100500
45 0.408648 0.731458 0.132016 0.109917
65 0.823781 0.596281 0.027031 0.033063
45 0.621172 0.632979 0.113813 0.091042
65 0.836055 0.522208 0.028578 0.095250
39 0.859234 0.292531 0.034313 0.059312
44 0.250242 0.289281 0.020672 0.103396
44 0.548102 0.583531 0.089047 0.106729
55 0.689609 0.781906 0.024344 0.011521
55 0.642961 0.785594 0.024578 0.013437
55 0.626188 0.797698 0.027375 0.012729
55 0.624180 0.767479 0.020234 0.006417
55 0.604602 0.782875 0.022984 0.008792
55 0.660492 0.810052 0.024328 0.018646
55 0.559250 0.786115 0.021594 0.012063
55 0.671234 0.794469 0.019938 0.016188
55 0.588992 0.793021 0.025672 0.018583
55 0.590898 0.761708 0.022766 0.012625
55 0.577281 0.771990 0.017938 0.012687
55 0.657477 0.773656 0.017641 0.015146
43 0.218711 0.287177 0.012141 0.075312
0 0.410578 0.462104 0.299625 0.549250
0 0.066234 0.915583 0.124687 0.142875
45 0.567875 0.653604 0.029094 0.032083
