0 0.146836 0.682281 0.026484 0.129312
0 0.173453 0.676177 0.028563 0.155521
0 0.215414 0.677052 0.027141 0.147813
0 0.532195 0.657396 0.043109 0.076208
0 0.591586 0.666010 0.036391 0.089729
0 0.351164 0.648958 0.032578 0.028542
0 0.665086 0.657490 0.042453 0.080854
0 0.923250 0.684167 0.023500 0.105000
0 0.829695 0.697448 0.024203 0.131646
0 0.957297 0.636240 0.032250 0.067187
0 0.517000 0.649604 0.022437 0.059542
0 0.318398 0.639365 0.022234 0.068229
3 0.897289 0.783344 0.126234 0.168313
3 0.769523 0.764292 0.119141 0.136667
3 0.662820 0.736458 0.105828 0.171708
3 0.558398 0.748563 0.114234 0.120667
3 0.477391 0.736427 0.083531 0.110646
3 0.392117 0.727187 0.107922 0.107292
3 0.326453 0.720437 0.082937 0.097167
3 0.305008 0.696156 0.108766 0.106771
3 0.072945 0.672510 0.075953 0.082604
3 0.251352 0.686604 0.051984 0.110708
3 0.109563 0.685198 0.045531 0.065271
0 0.141242 0.630948 0.027047 0.092021
3 0.123781 0.697833 0.026156 0.050292
