2 0.143219 0.728833 0.091938 0.107111
2 0.407828 0.748236 0.055437 0.065083
2 0.088156 0.734542 0.039813 0.071361
2 0.509969 0.766208 0.045500 0.037972
2 0.199430 0.754500 0.026953 0.052889
9 0.519281 0.341875 0.048562 0.027861
9 0.647500 0.344875 0.074719 0.031583
9 0.352102 0.338861 0.052141 0.038833
0 0.711109 0.727667 0.019531 0.101333
0 0.654992 0.748139 0.018234 0.050389
2 0.218500 0.763806 0.016625 0.028278
7 0.384695 0.724319 0.055672 0.114472
9 0.969789 0.220667 0.060422 0.065667
9 0.468500 0.715472 0.011469 0.009000
9 0.433250 0.712958 0.003562 0.007194
9 0.727469 0.569250 0.013437 0.047111
9 0.738656 0.566014 0.012844 0.038083
2 0.033625 0.740375 0.067250 0.087861
2 0.444352 0.759681 0.010141 0.026806
2 0.474969 0.778028 0.011250 0.015722
9 0.715406 0.569764 0.009437 0.029750
