1 0.969805 0.663052 0.060391 0.100437
3 0.860688 0.574156 0.087750 0.085521
5 0.492680 0.485010 0.302953 0.205021
0 0.200594 0.592719 0.032063 0.108104
0 0.840984 0.567208 0.029344 0.090542
7 0.267375 0.530240 0.094969 0.067979
9 0.826453 0.436042 0.045031 0.181000
0 0.559828 0.432406 0.015969 0.033396
0 0.433578 0.437615 0.013031 0.028771
0 0.498266 0.502260 0.039688 0.123271
9 0.038312 0.600167 0.076625 0.271875
9 0.781664 0.415906 0.042516 0.141313
9 0.314727 0.476146 0.026828 0.066625
9 0.884828 0.425750 0.028531 0.081667
24 0.835969 0.545458 0.019000 0.031750
0 0.477008 0.439750 0.018672 0.021875
0 0.467187 0.430760 0.011687 0.016938
0 0.331102 0.504750 0.015328 0.044458
0 0.602313 0.425448 0.020219 0.022479
0 0.987586 0.595729 0.024828 0.074375
0 0.461844 0.436979 0.006813 0.028625
