56 0.145115 0.684266 0.215521 0.271563
0 0.677156 0.665164 0.641187 0.638203
0 0.311573 0.557320 0.466771 0.357828
0 0.101875 0.482773 0.071917 0.094391
0 0.285479 0.481242 0.191458 0.177734
56 0.368865 0.669516 0.130438 0.179750
62 0.444948 0.488766 0.080896 0.105625
62 0.950021 0.551391 0.096083 0.199625
64 0.505740 0.626547 0.052479 0.016125
24 0.076271 0.706648 0.140208 0.093578
62 0.559396 0.528414 0.079167 0.094141
62 0.306000 0.465836 0.059667 0.084984
74 0.045427 0.263891 0.011104 0.039250
0 0.063396 0.486984 0.125500 0.188062
24 0.309708 0.711281 0.150333 0.143594
56 0.329073 0.891656 0.337771 0.216688
66 0.875146 0.706773 0.111083 0.052078
66 0.518302 0.598992 0.141604 0.046891
66 0.410500 0.557867 0.092458 0.030891
0 0.040260 0.534945 0.077438 0.266641
