62 0.971516 0.353360 0.056969 0.322860
57 0.421906 0.550535 0.840938 0.692465
0 0.710289 0.519279 0.471516 0.847535
65 0.917547 0.541593 0.085000 0.040395
65 0.942211 0.526512 0.076859 0.032512
73 0.936867 0.174419 0.019953 0.150233
73 0.995211 0.139198 0.009578 0.101791
73 0.987539 0.141593 0.012734 0.098953
73 0.920359 0.174384 0.015156 0.143698
73 0.910648 0.177919 0.010578 0.135000
73 0.898883 0.176907 0.016734 0.134465
73 0.883562 0.176837 0.022844 0.139256
16 0.376281 0.527488 0.313281 0.517953
66 0.927555 0.530663 0.106766 0.040209
73 0.701305 0.438663 0.048422 0.062767
