39 0.642344 0.444422 0.123021 0.242500
39 0.286771 0.397156 0.082583 0.159906
39 0.410385 0.354680 0.032188 0.074891
39 0.469740 0.371281 0.018812 0.055688
56 0.512250 0.428531 0.177833 0.075187
60 0.659948 0.647000 0.345104 0.181812
60 0.382750 0.520000 0.407833 0.075281
0 0.257219 0.494070 0.501479 0.981672
0 0.749823 0.381180 0.272396 0.322578
0 0.321844 0.335094 0.124313 0.135719
0 0.838594 0.329211 0.115521 0.149016
0 0.890823 0.316891 0.053812 0.068562
41 0.419365 0.476570 0.067896 0.076609
43 0.541635 0.615758 0.080437 0.021484
53 0.762552 0.577914 0.086063 0.049891
53 0.513240 0.471578 0.138396 0.042781
53 0.632208 0.616852 0.311625 0.105609
0 0.565406 0.369570 0.119021 0.210328
26 0.398469 0.843672 0.395354 0.312656
40 0.328823 0.416602 0.075687 0.133797
41 0.842896 0.599133 0.083792 0.151453
41 0.716625 0.483234 0.089167 0.122188
0 0.947937 0.378242 0.104125 0.223297
42 0.519906 0.594469 0.066354 0.036281
56 0.903177 0.412586 0.056896 0.040797
0 0.938240 0.315898 0.069687 0.071641
0 0.800302 0.250312 0.104604 0.101125
