2 0.391680 0.459297 0.094203 0.115831
2 0.326305 0.484930 0.058359 0.094590
2 0.269773 0.473138 0.074078 0.168712
2 0.446289 0.472237 0.032453 0.067424
2 0.468789 0.471768 0.018516 0.059836
2 0.859570 0.532037 0.056078 0.085808
5 0.152180 0.493255 0.304359 0.986511
0 0.930297 0.622471 0.139406 0.719087
0 0.859953 0.457002 0.025156 0.066370
0 0.498836 0.429930 0.048516 0.163934
0 0.741094 0.658665 0.171812 0.682436
0 0.669656 0.630316 0.111437 0.572436
0 0.810656 0.466920 0.022156 0.081288
0 0.573016 0.566756 0.105344 0.502693
0 0.848703 0.461030 0.013406 0.051803
0 0.518914 0.551956 0.075172 0.392248
0 0.828797 0.489286 0.019875 0.103770
0 0.546391 0.363618 0.031313 0.059368
0 0.493563 0.410714 0.013656 0.014684
7 0.393609 0.460948 0.091781 0.115012
9 0.431180 0.280574 0.009734 0.023162
9 0.431727 0.298419 0.007891 0.011077
9 0.594539 0.284450 0.011953 0.050492
7 0.269687 0.471686 0.076469 0.170913
26 0.526430 0.625012 0.025859 0.053630
