14 0.380125 0.613927 0.079844 0.087563
14 0.323227 0.415583 0.042141 0.052375
14 0.539781 0.625521 0.045625 0.056542
14 0.715195 0.689073 0.070578 0.060937
14 0.811187 0.741115 0.074156 0.084687
14 0.908656 0.806250 0.098406 0.075500
14 0.629625 0.702219 0.095125 0.065104
2 0.689430 0.034458 0.153797 0.061667
2 0.850023 0.032792 0.093891 0.061167
0 0.879773 0.087635 0.064047 0.148312
0 0.919445 0.071073 0.039922 0.137896
10 0.118820 0.392885 0.176953 0.391021
2 0.613711 0.018437 0.049359 0.036875
2 0.962578 0.037177 0.065250 0.050979
7 0.804016 0.035656 0.051094 0.048146
14 0.538352 0.662208 0.079922 0.065042
0 0.321625 0.029854 0.023500 0.058625
0 0.503883 0.032333 0.033109 0.062542
0 0.428039 0.030667 0.027453 0.061333
2 0.964008 0.132781 0.071984 0.125396
14 0.625289 0.655646 0.035859 0.060417
14 0.891742 0.861208 0.082391 0.045333
0 0.390523 0.033031 0.034422 0.052396
2 0.578430 0.018781 0.028047 0.022229
