27 0.802641 0.524988 0.078969 0.440937
0 0.207648 0.580527 0.301359 0.815714
0 0.389188 0.574321 0.177313 0.824333
0 0.521594 0.579766 0.134625 0.835972
0 0.643758 0.558700 0.270453 0.882600
0 0.867328 0.517728 0.265344 0.964543
42 0.245875 0.408044 0.046375 0.166534
44 0.669547 0.452623 0.252000 0.207354
44 0.077008 0.394590 0.020547 0.127541
56 0.060500 0.789672 0.083687 0.227494
60 0.975633 0.877939 0.048734 0.220749
0 0.473805 0.807190 0.031859 0.145199
24 0.049188 0.862014 0.085687 0.142389
