41 0.592132 0.182770 0.334820 0.289886
44 0.787974 0.353170 0.355065 0.396144
45 0.524657 0.665923 0.856503 0.605376
50 0.296054 0.625294 0.112794 0.115882
50 0.623440 0.547108 0.083840 0.111765
50 0.408489 0.524714 0.110212 0.093154
50 0.709624 0.593423 0.073170 0.086879
50 0.255221 0.828954 0.116389 0.163660
50 0.767606 0.741789 0.070408 0.089199
50 0.744943 0.885392 0.083154 0.125850
50 0.422435 0.933709 0.090000 0.062092
40 0.209763 0.216806 0.352467 0.360931
50 0.676855 0.903497 0.075866 0.098007
50 0.557802 0.536904 0.039592 0.051127
