25 0.610969 0.147809 0.778062 0.295618
0 0.639500 0.725338 0.220938 0.526900
0 0.381094 0.628089 0.551312 0.600000
2 0.772359 0.810711 0.095000 0.216434
0 0.836797 0.571503 0.076063 0.214522
0 0.064367 0.643998 0.126547 0.339417
0 0.782758 0.546270 0.064922 0.205128
0 0.704664 0.576900 0.089734 0.250396
0 0.127172 0.508228 0.039563 0.108718
0 0.180117 0.554033 0.230578 0.338881
0 0.158086 0.543671 0.051078 0.104172
0 0.793547 0.488683 0.028125 0.080350
2 0.501984 0.643124 0.171156 0.219347
0 0.906539 0.674033 0.186922 0.625967
