0 0.479164 0.760090 0.333484 0.201796
0 0.706242 0.693563 0.114266 0.295689
37 0.371180 0.843129 0.505453 0.056198
8 0.632758 0.396662 0.019547 0.080988
8 0.160500 0.433039 0.007312 0.056257
8 0.107328 0.430988 0.008000 0.062156
8 0.654656 0.439521 0.028406 0.008503
37 0.756516 0.835135 0.249969 0.026617
8 0.209836 0.439102 0.006047 0.038922
8 0.225398 0.441946 0.011516 0.037964
8 0.434125 0.435210 0.015750 0.017665
8 0.296734 0.431766 0.008188 0.045928
8 0.477531 0.425943 0.018719 0.044401
8 0.702813 0.418458 0.015094 0.045958
0 0.261852 0.771347 0.177109 0.146287
