60 0.499594 0.573322 0.999188 0.825657
41 0.687102 0.268415 0.063641 0.111009
42 0.686602 0.251937 0.005953 0.069836
44 0.925398 0.371761 0.110203 0.032394
45 0.315266 0.377300 0.147969 0.108498
55 0.550063 0.654812 0.219344 0.257230
55 0.301398 0.529214 0.204922 0.235939
41 0.828156 0.074918 0.026625 0.034202
41 0.831133 0.050305 0.019109 0.029859
44 0.669203 0.495282 0.113625 0.031268
44 0.173570 0.326350 0.039172 0.080258
44 0.675234 0.263838 0.044812 0.088380
44 0.677172 0.228744 0.008719 0.031808
60 0.712844 0.149777 0.553188 0.292793
41 0.705352 0.023310 0.018984 0.044836
41 0.689555 0.022383 0.014141 0.043357
41 0.798789 0.075751 0.023141 0.042676
41 0.645695 0.014542 0.012484 0.029085
41 0.735531 0.031878 0.019813 0.063756
41 0.672453 0.021866 0.015250 0.042512
41 0.852875 0.064472 0.012250 0.026925
41 0.774547 0.072735 0.027656 0.036362
43 0.195344 0.615610 0.038375 0.128873
44 0.657273 0.214577 0.011234 0.026103
44 0.697094 0.246080 0.015344 0.052394
44 0.704820 0.661608 0.090984 0.096972
56 0.159922 0.775329 0.319844 0.423380
56 0.106156 0.766714 0.168281 0.093146
41 0.789234 0.033991 0.033625 0.041690
51 0.623695 0.409577 0.014609 0.023897
51 0.603086 0.483216 0.021828 0.025915
55 0.416039 0.159061 0.083734 0.059671
55 0.585234 0.450763 0.200125 0.163357
55 0.386523 0.226491 0.106109 0.080587
55 0.472344 0.201080 0.094063 0.169953
55 0.782047 0.380716 0.180719 0.135751
41 0.609789 0.014495 0.011297 0.028991
