0 0.145906 0.383073 0.008625 0.020938
0 0.284930 0.534406 0.018422 0.041479
2 0.341320 0.931104 0.106484 0.137792
2 0.970305 0.647667 0.047859 0.087250
2 0.842031 0.641198 0.062875 0.107729
2 0.648875 0.580208 0.050562 0.101125
2 0.368117 0.508312 0.075328 0.104208
2 0.220945 0.523729 0.101516 0.078958
2 0.110320 0.524510 0.055859 0.049771
2 0.089273 0.514125 0.061953 0.054458
2 0.063117 0.508583 0.034578 0.039167
33 0.186687 0.318792 0.024281 0.019167
33 0.217844 0.089146 0.012063 0.024250
33 0.352898 0.115760 0.012172 0.035146
33 0.068367 0.386052 0.031422 0.021896
0 0.695281 0.342469 0.007938 0.019312
0 0.258344 0.258604 0.008906 0.012167
0 0.147867 0.318708 0.019141 0.015333
0 0.817320 0.303448 0.013547 0.016146
0 0.085664 0.350021 0.005328 0.011958
0 0.257523 0.539417 0.010266 0.030417
0 0.902063 0.440438 0.008594 0.021292
0 0.053195 0.358646 0.004641 0.008792
2 0.054141 0.502875 0.049531 0.043500
2 0.414250 0.571021 0.074156 0.088458
2 0.226297 0.912833 0.137125 0.174333
2 0.191914 0.513250 0.056078 0.057125
0 0.004664 0.487406 0.008984 0.017771
0 0.296797 0.503073 0.010906 0.029521
