2 0.566078 0.859988 0.238656 0.160164
2 0.031352 0.921663 0.061859 0.083091
0 0.680547 0.861042 0.025000 0.125597
0 0.663188 0.869461 0.012844 0.098454
0 0.803078 0.835574 0.013844 0.063326
0 0.786211 0.837307 0.014453 0.061405
33 0.674156 0.167026 0.170781 0.074333
33 0.790438 0.112763 0.057688 0.036956
33 0.278578 0.572810 0.018125 0.031663
2 0.190602 0.897131 0.142891 0.101241
2 0.073344 0.903103 0.046156 0.076838
2 0.091930 0.879520 0.039828 0.032529
2 0.302211 0.914906 0.138672 0.114403
33 0.128406 0.494906 0.225406 0.078056
33 0.864273 0.586440 0.066297 0.038829
33 0.846070 0.664883 0.060109 0.071546
33 0.992086 0.677834 0.012297 0.025785
33 0.069812 0.366663 0.012250 0.012155
33 0.330734 0.488279 0.012750 0.015246
33 0.548234 0.439813 0.217875 0.123372
0 0.691477 0.869321 0.012484 0.094192
2 0.106937 0.908607 0.038312 0.048501
