0 0.497242 0.634927 0.170359 0.398521
0 0.149891 0.265500 0.066250 0.138250
0 0.448734 0.213938 0.072625 0.162375
0 0.621305 0.254500 0.063391 0.124542
0 0.672008 0.196250 0.054047 0.098750
30 0.603828 0.770792 0.355563 0.049792
0 0.492531 0.254844 0.062594 0.139562
0 0.524461 0.243469 0.042078 0.145313
0 0.674656 0.259000 0.053187 0.119292
0 0.717102 0.250677 0.044266 0.124937
24 0.183328 0.256625 0.017438 0.056958
24 0.741914 0.269104 0.012422 0.060375
0 0.789266 0.210437 0.050406 0.111167
0 0.899227 0.229521 0.040203 0.165625
0 0.937227 0.238031 0.048328 0.156021
30 0.528727 0.810865 0.457891 0.031646
0 0.270492 0.259531 0.057484 0.141396
