0 0.256477 0.907385 0.203734 0.077854
0 0.724438 0.733698 0.137625 0.091438
0 0.361367 0.747854 0.050922 0.133250
0 0.486609 0.658604 0.025438 0.114875
0 0.511445 0.655417 0.024609 0.096625
0 0.983516 0.612250 0.032969 0.044417
0 0.565937 0.677385 0.057625 0.027687
0 0.786711 0.636354 0.053234 0.017042
25 0.250281 0.646813 0.490437 0.570792
25 0.182867 0.139479 0.362359 0.265167
25 0.277422 0.567573 0.307531 0.071312
25 0.073203 0.609719 0.095844 0.047104
0 0.023305 0.950625 0.045766 0.098750
0 0.012484 0.787052 0.024188 0.113562
0 0.187336 0.696635 0.016234 0.039562
0 0.397320 0.722510 0.032703 0.031646
56 0.360680 0.939115 0.066203 0.121771
0 0.216602 0.666250 0.012453 0.042333
25 0.514516 0.585417 0.066125 0.033667
25 0.663859 0.529323 0.152094 0.049521
25 0.793828 0.612979 0.212344 0.368833
25 0.828063 0.602979 0.115719 0.173583
25 0.933117 0.428573 0.132453 0.166229
25 0.561852 0.628052 0.082578 0.165604
25 0.115984 0.629385 0.107406 0.046979
25 0.186562 0.620177 0.072281 0.040937
25 0.232766 0.622635 0.052000 0.032063
