32 0.285677 0.455758 0.057313 0.037922
0 0.567635 0.523648 0.579187 0.809859
56 0.521031 0.061859 0.084396 0.032156
56 0.783521 0.056180 0.098875 0.040453
56 0.107698 0.067750 0.145979 0.025500
56 0.703781 0.053180 0.099521 0.044453
56 0.668802 0.022555 0.079979 0.045109
56 0.452885 0.063617 0.078146 0.029609
56 0.385792 0.063617 0.082458 0.032672
56 0.910562 0.032953 0.115333 0.065906
56 0.977177 0.019898 0.043271 0.037047
56 0.820167 0.035508 0.035667 0.041891
56 0.739573 0.023500 0.089354 0.047000
56 0.636000 0.057313 0.081958 0.041063
38 0.677708 0.517797 0.287000 0.114031
