34 0.524453 0.529235 0.085875 0.084871
34 0.422266 0.492694 0.017031 0.097059
35 0.308609 0.727212 0.036250 0.038847
0 0.490016 0.724482 0.113094 0.323600
0 0.440961 0.591212 0.090766 0.183035
0 0.256875 0.765565 0.144219 0.311365
0 0.107750 0.717659 0.212125 0.339459
0 0.104438 0.382282 0.083781 0.108141
0 0.256844 0.393776 0.053219 0.077529
0 0.896172 0.550506 0.082375 0.207835
0 0.303836 0.347035 0.039297 0.106024
0 0.376688 0.388718 0.054750 0.077341
0 0.500383 0.385541 0.042516 0.082847
0 0.048352 0.641941 0.072672 0.143035
0 0.169781 0.383188 0.053156 0.103459
13 0.926484 0.610188 0.145625 0.074588
0 0.180672 0.309259 0.021875 0.071035
13 0.446398 0.109165 0.035266 0.039412
13 0.501383 0.071341 0.033922 0.033506
