64 0.608062 0.559271 0.030500 0.017375
66 0.631000 0.531854 0.054000 0.049500
73 0.176516 0.383521 0.012406 0.046042
73 0.144453 0.383542 0.012531 0.050833
73 0.185305 0.466427 0.019703 0.037521
73 0.154773 0.385115 0.011797 0.047188
73 0.133070 0.387000 0.012453 0.049375
73 0.107109 0.390865 0.009312 0.046604
73 0.075117 0.391271 0.009641 0.053542
73 0.140117 0.386438 0.011734 0.051958
0 0.474672 0.571979 0.229594 0.328333
73 0.127477 0.295417 0.029516 0.052458
73 0.167805 0.381844 0.013047 0.053437
73 0.141828 0.475896 0.012812 0.030833
73 0.139664 0.462740 0.020609 0.047604
74 0.960852 0.357917 0.030016 0.056208
62 0.693141 0.447344 0.059594 0.173271
56 0.386672 0.476375 0.389281 0.681792
73 0.106937 0.477427 0.028437 0.044729
