62 0.969523 0.426138 0.059297 0.184859
39 0.620063 0.667840 0.018906 0.061690
39 0.720437 0.615704 0.017813 0.052254
60 0.521312 0.520939 0.137656 0.054883
60 0.219227 0.678063 0.251422 0.245282
41 0.234422 0.617746 0.016344 0.038545
0 0.801562 0.646984 0.165500 0.278803
0 0.826180 0.797535 0.322703 0.404930
0 0.394359 0.635469 0.110187 0.206432
0 0.354461 0.543239 0.037266 0.092535
0 0.204328 0.520528 0.060562 0.111009
0 0.115750 0.560552 0.073875 0.116174
0 0.625656 0.450446 0.024563 0.037793
0 0.562641 0.428486 0.018750 0.101995
0 0.502680 0.425329 0.028109 0.055305
0 0.290148 0.685469 0.096234 0.170094
0 0.353922 0.401843 0.017094 0.024014
39 0.729891 0.561796 0.013781 0.043169
39 0.752922 0.547899 0.014563 0.052840
39 0.557125 0.521385 0.006406 0.032535
44 0.247125 0.669671 0.009594 0.007887
0 0.125094 0.730986 0.182344 0.237418
41 0.227758 0.664331 0.015734 0.023638
41 0.195172 0.572676 0.012406 0.027653
56 0.304031 0.803251 0.098875 0.232700
56 0.498016 0.615117 0.061906 0.136573
56 0.656625 0.526244 0.036406 0.086948
56 0.304883 0.536913 0.038984 0.054484
56 0.269383 0.532876 0.033797 0.062512
56 0.144328 0.512207 0.046969 0.091455
56 0.066672 0.521561 0.057125 0.099366
56 0.088813 0.853627 0.132781 0.225376
56 0.020867 0.719906 0.041734 0.163662
56 0.369164 0.510599 0.018891 0.044484
56 0.385367 0.690505 0.070828 0.159085
60 0.132508 0.462746 0.118641 0.034413
60 0.650758 0.510282 0.110297 0.110798
60 0.295547 0.489918 0.113656 0.050681
60 0.621539 0.766232 0.375172 0.441573
60 0.073867 0.442923 0.126609 0.063404
60 0.209648 0.428263 0.086609 0.021221
60 0.498648 0.459566 0.041359 0.027770
60 0.301133 0.441045 0.038672 0.019883
60 0.464531 0.425012 0.032906 0.020728
0 0.514555 0.577500 0.075047 0.170352
56 0.671656 0.462453 0.021344 0.019413
41 0.125688 0.650411 0.015219 0.019601
41 0.146492 0.642371 0.018078 0.031174
