18 0.500188 0.827471 0.456000 0.326188
18 0.551953 0.539776 0.241344 0.361294
18 0.876320 0.466671 0.247234 0.333671
18 0.110680 0.619365 0.221359 0.486024
18 0.298734 0.581576 0.164875 0.380235
0 0.736437 0.605612 0.299938 0.766282
0 0.339492 0.435953 0.276078 0.669647
0 0.704172 0.226176 0.264437 0.317671
0 0.134680 0.497318 0.269359 0.718871
0 0.384180 0.128988 0.095047 0.245082
0 0.286141 0.102859 0.061937 0.201200
0 0.219391 0.133824 0.068750 0.234847
0 0.059891 0.143847 0.080375 0.286188
0 0.671461 0.070988 0.063016 0.127153
0 0.915969 0.327953 0.168063 0.651012
0 0.016688 0.242318 0.033375 0.277765
0 0.938992 0.585224 0.122016 0.185694
27 0.699328 0.551200 0.064281 0.136753
27 0.946344 0.201318 0.029563 0.214682
18 0.940695 0.825976 0.118609 0.316894
0 0.609250 0.081588 0.111250 0.163176
27 0.760164 0.244718 0.041234 0.096776
27 0.343633 0.356600 0.014266 0.159412
