25 0.942125 0.513667 0.067500 0.069792
7 0.543930 0.510833 0.179328 0.134208
0 0.732266 0.664406 0.285469 0.648646
0 0.872547 0.510594 0.036156 0.215979
0 0.380031 0.626510 0.293625 0.746979
0 0.221609 0.532698 0.056781 0.230729
0 0.159445 0.530073 0.055578 0.207854
29 0.962844 0.802052 0.050125 0.030437
0 0.963000 0.664365 0.074000 0.272604
0 0.984547 0.456417 0.030906 0.162708
29 0.813492 0.626083 0.105641 0.030333
0 0.261492 0.564438 0.021359 0.049750
0 0.926609 0.529052 0.007719 0.013146
0 0.422703 0.534667 0.047938 0.252000
0 0.481352 0.526062 0.050984 0.195083
0 0.553039 0.546646 0.074766 0.219875
0 0.648438 0.469385 0.030219 0.123354
24 0.551367 0.513052 0.038016 0.078313
