49 0.678609 0.190900 0.078875 0.120397
49 0.741352 0.142664 0.076891 0.111215
49 0.811836 0.162956 0.073922 0.106519
49 0.682945 0.079007 0.091484 0.122640
49 0.762164 0.052687 0.074891 0.105374
51 0.490969 0.642395 0.032000 0.227173
51 0.459555 0.607862 0.041953 0.216612
73 0.163805 0.747185 0.261484 0.483154
73 0.471875 0.832582 0.150281 0.303388
49 0.634617 0.909848 0.089609 0.126425
50 0.750031 0.549977 0.105094 0.298458
50 0.776391 0.317956 0.048969 0.189369
50 0.832625 0.530315 0.094375 0.519836
50 0.676109 0.312956 0.076656 0.089977
