60 0.535148 0.623592 0.929703 0.752817
0 0.210047 0.165340 0.193375 0.330681
0 0.302930 0.116573 0.117641 0.233146
41 0.126359 0.151068 0.024906 0.029413
41 0.118555 0.202570 0.028641 0.034202
43 0.627844 0.554718 0.177750 0.056244
55 0.426594 0.511420 0.208406 0.228803
73 0.837266 0.108697 0.072656 0.121432
73 0.883680 0.358979 0.232641 0.201009
73 0.912547 0.130798 0.081594 0.131690
0 0.146758 0.071784 0.099734 0.143568
0 0.061289 0.430282 0.122578 0.860563
40 0.819906 0.832054 0.060375 0.108052
40 0.846945 0.778310 0.058078 0.110845
40 0.766484 0.664695 0.051656 0.146385
40 0.732695 0.712840 0.059172 0.154507
40 0.621789 0.859707 0.054484 0.164765
40 0.746344 0.953110 0.069969 0.091244
40 0.843570 0.957254 0.106422 0.085493
40 0.957344 0.783345 0.065875 0.114155
40 0.365086 0.329495 0.031922 0.106549
40 0.694984 0.754390 0.038594 0.134178
40 0.819320 0.679108 0.055109 0.099906
41 0.150625 0.053169 0.019813 0.023897
56 0.354281 0.176127 0.055250 0.208826
56 0.104164 0.094214 0.026047 0.055939
60 0.105023 0.194038 0.135797 0.131362
60 0.644039 0.310446 0.289359 0.405822
73 0.860195 0.228885 0.029453 0.089507
73 0.835297 0.221021 0.024656 0.087723
73 0.871859 0.235258 0.025469 0.088216
40 0.787281 0.757876 0.059906 0.160822
56 0.323758 0.060563 0.019297 0.053333
56 0.205500 0.241291 0.213281 0.135258
40 0.203047 0.423451 0.044188 0.113380
73 0.846977 0.227735 0.026109 0.086268
