1 0.261531 0.788709 0.300687 0.315021
37 0.859969 0.701281 0.280062 0.450000
37 0.185227 0.703719 0.363609 0.218967
0 0.268508 0.611229 0.139359 0.620227
0 0.126609 0.665176 0.249812 0.602252
0 0.349406 0.626612 0.102313 0.574835
0 0.449937 0.633471 0.162281 0.561157
0 0.519031 0.535486 0.102906 0.434897
0 0.573562 0.560671 0.066281 0.402252
0 0.649547 0.636353 0.117844 0.544979
0 0.719031 0.613192 0.118438 0.590599
0 0.796180 0.520227 0.100266 0.429215
0 0.921617 0.603409 0.145797 0.624256
0 0.676664 0.394587 0.045078 0.096777
14 0.502437 0.798017 0.111781 0.204628
