5 0.573031 0.654500 0.357313 0.170792
5 0.889328 0.612365 0.221344 0.141563
5 0.499898 0.540104 0.083453 0.083458
5 0.182430 0.699323 0.236484 0.144146
5 0.351922 0.595208 0.165688 0.094875
5 0.791016 0.483896 0.131469 0.067833
5 0.466859 0.483333 0.045344 0.019042
5 0.420477 0.527656 0.071141 0.074854
5 0.560094 0.537125 0.091938 0.080333
5 0.649453 0.547396 0.085187 0.063250
5 0.867648 0.530958 0.107828 0.056167
5 0.966695 0.519365 0.064891 0.051562
2 0.166016 0.860677 0.305063 0.143813
2 0.142961 0.942646 0.285922 0.114708
2 0.436422 0.825427 0.223500 0.111187
2 0.347797 0.973073 0.278031 0.053854
2 0.658953 0.808771 0.191469 0.098792
7 0.643133 0.929906 0.283547 0.140188
2 0.413148 0.915146 0.232328 0.123917
2 0.880305 0.906833 0.239391 0.155667
2 0.680422 0.873031 0.210594 0.092188
2 0.756680 0.984687 0.208297 0.030000
7 0.815781 0.771260 0.152156 0.091021
7 0.884273 0.511865 0.100641 0.072438
7 0.884125 0.808510 0.231750 0.118063
5 0.226930 0.553896 0.070266 0.126833
