17 0.414859 0.532490 0.160031 0.210979
17 0.652469 0.615427 0.332750 0.334937
0 0.566203 0.412021 0.044125 0.187042
0 0.671133 0.377792 0.049859 0.195542
0 0.814078 0.491740 0.040031 0.111854
0 0.489703 0.420000 0.164125 0.265875
0 0.903359 0.404292 0.098469 0.336792
0 0.728141 0.489917 0.124438 0.477583
0 0.615625 0.417240 0.064375 0.207146
0 0.161234 0.488812 0.039219 0.158750
0 0.117633 0.503281 0.031547 0.157188
0 0.154445 0.403073 0.063453 0.158521
0 0.089234 0.432844 0.038094 0.204979
0 0.307430 0.467906 0.054234 0.070604
0 0.212859 0.467510 0.046000 0.180979
