74 0.850977 0.106010 0.049078 0.064271
60 0.484555 0.779927 0.315172 0.417979
41 0.379297 0.501719 0.010750 0.025771
41 0.344812 0.499896 0.012625 0.024833
41 0.364203 0.505760 0.013437 0.024562
43 0.115414 0.188354 0.007953 0.068667
43 0.134133 0.195146 0.007047 0.074042
43 0.036984 0.162271 0.007656 0.108292
43 0.028336 0.163073 0.010547 0.108729
43 0.019187 0.172583 0.010656 0.090375
43 0.003391 0.150771 0.006594 0.085583
45 0.608430 0.234833 0.060672 0.092125
45 0.242508 0.477156 0.095516 0.042063
69 0.648594 0.623688 0.173094 0.128542
69 0.675766 0.737438 0.121125 0.154875
75 0.031008 0.327219 0.044172 0.056604
39 0.516023 0.444781 0.008672 0.033854
39 0.500313 0.444479 0.012219 0.034208
39 0.491312 0.446375 0.008188 0.030375
44 0.108133 0.267479 0.012922 0.077583
45 0.185711 0.489750 0.109391 0.054208
72 0.055617 0.603375 0.111234 0.474167
15 0.454352 0.617760 0.150891 0.084563
39 0.480117 0.433615 0.015672 0.055521
39 0.531977 0.343740 0.010828 0.071604
39 0.492961 0.346177 0.010234 0.059729
39 0.524305 0.445365 0.010734 0.032521
39 0.539266 0.509437 0.011781 0.021458
39 0.773016 0.653656 0.023281 0.079354
39 0.433875 0.504437 0.007250 0.029583
39 0.541719 0.348656 0.009531 0.059979
39 0.397852 0.508271 0.015266 0.022375
39 0.509578 0.340531 0.023625 0.075646
43 0.015898 0.150323 0.013109 0.080312
45 0.463352 0.834000 0.155516 0.147375
45 0.383695 0.336698 0.039859 0.015271
45 0.288727 0.317323 0.027172 0.010187
