48 0.317328 0.891604 0.103500 0.088220
48 0.458305 0.887119 0.109828 0.083091
48 0.250719 0.780222 0.068156 0.064239
48 0.164180 0.882939 0.096453 0.085831
48 0.482023 0.821347 0.082453 0.056183
48 0.215328 0.817553 0.074906 0.071639
48 0.464039 0.946066 0.094453 0.076393
0 0.647750 0.508829 0.265781 0.796721
0 0.829109 0.657295 0.329844 0.662927
0 0.068500 0.410070 0.105937 0.366323
0 0.798836 0.399508 0.080578 0.255550
41 0.472141 0.714005 0.034750 0.055410
41 0.390648 0.724180 0.032078 0.057681
41 0.355289 0.729824 0.028422 0.060539
24 0.074906 0.343454 0.044344 0.106487
0 0.743867 0.269063 0.051547 0.110117
0 0.052602 0.470527 0.105203 0.343162
24 0.082852 0.460714 0.073641 0.066019
44 0.301289 0.674485 0.011484 0.071265
44 0.396594 0.663630 0.009625 0.103372
48 0.186914 0.806920 0.055391 0.063021
45 0.136187 0.568033 0.075625 0.045902
48 0.321227 0.828759 0.100078 0.068712
48 0.130961 0.951101 0.113672 0.061733
48 0.195711 0.984087 0.077328 0.031827
