34 0.649350 0.404494 0.087580 0.170774
35 0.557950 0.545937 0.066660 0.092054
0 0.460140 0.639568 0.270680 0.457589
0 0.099670 0.571905 0.190260 0.600000
0 0.675020 0.541563 0.238600 0.431458
0 0.532930 0.394048 0.041460 0.218810
0 0.354080 0.332143 0.041200 0.133571
0 0.222600 0.339479 0.057600 0.126994
0 0.109840 0.259196 0.035560 0.107798
32 0.553070 0.535997 0.019420 0.018185
0 0.630380 0.384003 0.062040 0.213958
0 0.469880 0.379107 0.054440 0.245714
0 0.043170 0.255625 0.027900 0.089345
0 0.702660 0.318557 0.020200 0.033899
0 0.084020 0.344747 0.075040 0.166220
0 0.399820 0.335045 0.060440 0.175982
