39 0.281352 0.367248 0.050078 0.149438
39 0.448328 0.261803 0.031031 0.094895
39 0.467023 0.260000 0.026609 0.100047
39 0.041609 0.547307 0.077469 0.195691
27 0.857367 0.356347 0.024797 0.049180
27 0.442437 0.482295 0.010625 0.042623
56 0.444734 0.689590 0.203844 0.256838
56 0.609578 0.608431 0.194437 0.257752
56 0.854930 0.659871 0.227547 0.350609
56 0.485406 0.974274 0.099250 0.051452
0 0.694750 0.525129 0.127031 0.470820
0 0.622203 0.603817 0.191906 0.584262
0 0.391445 0.798419 0.464328 0.403162
0 0.860914 0.553806 0.237859 0.712998
41 0.472523 0.597377 0.025797 0.045105
41 0.604031 0.541979 0.022719 0.030937
41 0.037562 0.695457 0.053000 0.051850
0 0.155023 0.578033 0.167766 0.843934
39 0.040812 0.447529 0.053375 0.171780
41 0.491055 0.311885 0.023578 0.055340
41 0.467805 0.326077 0.019297 0.045597
41 0.446273 0.323384 0.018922 0.030609
0 0.485773 0.601124 0.233891 0.537096
46 0.384820 0.780152 0.013078 0.050000
27 0.174906 0.349356 0.032406 0.081897
27 0.241844 0.781534 0.060656 0.042412
27 0.681289 0.433864 0.024922 0.044169
39 0.307406 0.372670 0.026438 0.090492
