0 0.637672 0.442847 0.138781 0.434306
0 0.502109 0.444431 0.174750 0.474990
0 0.139063 0.474151 0.189938 0.503375
0 0.204047 0.403323 0.135063 0.552733
0 0.403016 0.393219 0.110781 0.520393
0 0.556664 0.307433 0.113891 0.353623
0 0.750945 0.329400 0.131078 0.426791
0 0.846500 0.440694 0.200281 0.490745
0 0.692406 0.603209 0.160500 0.240290
32 0.331648 0.868458 0.020266 0.031946
41 0.313516 0.313219 0.026562 0.031615
41 0.216195 0.326936 0.025516 0.024513
41 0.828828 0.425787 0.026312 0.026439
0 0.358891 0.609886 0.143437 0.251077
0 0.344281 0.444348 0.182844 0.493665
32 0.358391 0.857950 0.021438 0.033623
32 0.334773 0.839348 0.026266 0.035217
32 0.175328 0.827681 0.024688 0.035197
32 0.302727 0.771729 0.021109 0.028965
32 0.134727 0.827164 0.024422 0.032795
56 0.282570 0.412164 0.033203 0.078323
56 0.501242 0.402671 0.031422 0.097060
56 0.687102 0.402878 0.026734 0.103188
60 0.834531 0.539058 0.189719 0.309876
27 0.404336 0.279431 0.027422 0.113354
27 0.707953 0.583634 0.037125 0.028054
38 0.347914 0.708592 0.130984 0.284431
38 0.243633 0.721905 0.081641 0.310932
38 0.215945 0.708810 0.088172 0.221760
38 0.334437 0.711273 0.074625 0.196170
