39 0.408984 0.730817 0.143996 0.412900
60 0.287054 0.762717 0.568661 0.453500
60 0.083304 0.635200 0.163482 0.211267
8 0.865413 0.413533 0.113728 0.053133
25 0.290424 0.444950 0.312991 0.224700
25 0.534520 0.420633 0.324308 0.242133
25 0.608594 0.452300 0.254152 0.075600
41 0.243571 0.757883 0.176473 0.409900
8 0.986529 0.393667 0.026942 0.041733
25 0.189275 0.449333 0.239799 0.072067
56 0.717511 0.727217 0.051942 0.054233
56 0.143002 0.726933 0.058906 0.083067
25 0.049944 0.450133 0.045156 0.074333
57 0.738047 0.910950 0.519353 0.177500
57 0.622321 0.693833 0.334821 0.321267
60 0.883170 0.707750 0.202366 0.125433
39 0.067824 0.584417 0.020871 0.103900
39 0.046953 0.576317 0.028013 0.088167
0 0.672723 0.691583 0.075134 0.103833
