45 0.661813 0.221569 0.080281 0.020861
45 0.580195 0.317292 0.080891 0.042694
45 0.747211 0.320097 0.082234 0.048861
45 0.466727 0.325639 0.070766 0.038444
45 0.295914 0.331000 0.079672 0.038111
45 0.374734 0.325333 0.069875 0.040389
44 0.898805 0.331028 0.018703 0.024444
71 0.407461 0.735083 0.181766 0.035056
45 0.663109 0.291764 0.079781 0.021250
45 0.663039 0.260069 0.078453 0.018028
45 0.662797 0.319139 0.080750 0.043444
45 0.140586 0.326625 0.075516 0.040639
45 0.073695 0.331069 0.067016 0.031361
45 0.748727 0.270556 0.081109 0.020667
45 0.466977 0.273236 0.074453 0.021750
71 0.189578 0.707139 0.223781 0.086000
71 0.878813 0.735069 0.232313 0.046750
