39 0.484375 0.435302 0.023625 0.087688
39 0.942203 0.419031 0.033313 0.063146
41 0.809953 0.477521 0.029469 0.051208
43 0.261203 0.399167 0.009625 0.022583
45 0.404609 0.472927 0.084219 0.047896
69 0.122195 0.501125 0.241016 0.157292
69 0.817117 0.700437 0.181203 0.353458
71 0.569797 0.491937 0.291250 0.026292
43 0.241812 0.403042 0.013000 0.033000
43 0.247344 0.404333 0.013000 0.029375
43 0.248563 0.413927 0.010625 0.029604
43 0.508805 0.590802 0.084328 0.014021
43 0.255141 0.411344 0.006188 0.020354
45 0.991117 0.494323 0.016734 0.040771
58 0.451688 0.315188 0.096219 0.140250
44 0.389250 0.410260 0.021969 0.087188
