8 0.152180 0.175281 0.049484 0.022459
8 0.326344 0.174707 0.043281 0.017892
0 0.344359 0.720433 0.186531 0.559133
0 0.565031 0.154883 0.013594 0.055293
0 0.336977 0.139040 0.012859 0.025199
8 0.556984 0.156136 0.052406 0.029461
8 0.845180 0.158981 0.076516 0.017260
8 0.409344 0.160105 0.039219 0.042881
8 0.695617 0.159836 0.058516 0.022576
0 0.847203 0.141850 0.007094 0.022998
0 0.703617 0.145187 0.017516 0.037541
0 0.549578 0.144321 0.023062 0.047424
0 0.411195 0.140609 0.017109 0.021124
0 0.323094 0.148115 0.006625 0.022693
0 0.104953 0.668536 0.203906 0.631452
0 0.181992 0.151218 0.021141 0.035316
0 0.136117 0.151089 0.012703 0.037213
0 0.830711 0.124204 0.013703 0.027377
0 0.868875 0.137881 0.012438 0.038993
8 0.872516 0.079824 0.025656 0.035293
8 0.116969 0.135539 0.084687 0.024614
8 0.085000 0.100504 0.170000 0.073653
8 0.916047 0.077014 0.058937 0.037447
8 0.716422 0.092389 0.030375 0.012646
8 0.402813 0.097424 0.014656 0.017190
8 0.326891 0.108770 0.033750 0.030328
