56 0.141477 0.433525 0.066328 0.103613
38 0.673484 0.253584 0.116250 0.143965
0 0.677477 0.511260 0.378391 0.858105
0 0.139328 0.350566 0.145625 0.310117
0 0.956250 0.167529 0.087500 0.132949
0 0.920273 0.087881 0.086734 0.120684
0 0.819219 0.215840 0.089625 0.083047
0 0.891352 0.233486 0.054078 0.049590
0 0.861594 0.175010 0.064250 0.074824
0 0.404164 0.178008 0.127734 0.125625
0 0.248688 0.177295 0.076563 0.106035
0 0.048539 0.186523 0.075516 0.067422
0 0.189008 0.171162 0.064516 0.111504
56 0.827711 0.236074 0.111047 0.047188
56 0.937312 0.245264 0.065062 0.034902
56 0.888414 0.152861 0.092922 0.049043
56 0.988977 0.160195 0.022047 0.021328
56 0.250742 0.103740 0.078547 0.037871
56 0.331992 0.103125 0.034016 0.031328
56 0.354781 0.163408 0.057094 0.080957
67 0.079094 0.124824 0.016094 0.013086
0 0.108930 0.157393 0.079359 0.131074
56 0.915961 0.111182 0.094297 0.037402
56 0.194102 0.100898 0.054391 0.036484
56 0.353500 0.065508 0.040000 0.024609
56 0.387484 0.105088 0.067906 0.037676
0 0.298039 0.149883 0.064391 0.163242
56 0.380477 0.180928 0.048547 0.036230
