39 0.140237 0.092557 0.024395 0.075899
60 0.500000 0.746062 1.000000 0.485392
0 0.665980 0.430458 0.572745 0.683105
0 0.617778 0.103750 0.243105 0.207500
0 0.329216 0.070792 0.217974 0.137075
41 0.054052 0.126503 0.056732 0.112484
42 0.609020 0.412426 0.063987 0.107533
53 0.382884 0.781528 0.567565 0.396389
39 0.765752 0.904665 0.118431 0.190539
41 0.025817 0.826479 0.049837 0.218186
43 0.237925 0.581258 0.073170 0.050294
60 0.153039 0.298268 0.306078 0.561634
39 0.164428 0.063301 0.019902 0.039771
41 0.132761 0.861307 0.229510 0.277386
56 0.323897 0.303864 0.501814 0.510931
56 0.748317 0.464592 0.503366 0.528301
56 0.720989 0.077631 0.163775 0.119314
