60 0.503383 0.750000 0.993234 0.471792
60 0.843102 0.408042 0.151297 0.045667
0 0.220437 0.462833 0.434125 0.702708
41 0.072656 0.703135 0.097500 0.094437
53 0.416289 0.820656 0.691016 0.280896
0 0.713680 0.387385 0.569266 0.515771
0 0.410305 0.346958 0.072891 0.192625
0 0.460609 0.353906 0.111156 0.208979
0 0.834805 0.383729 0.130328 0.274042
41 0.859320 0.676115 0.071703 0.069021
53 0.484094 0.694802 0.309750 0.106479
0 0.778148 0.322365 0.064422 0.126312
41 0.049711 0.780094 0.077703 0.081562
41 0.966922 0.724792 0.066156 0.131125
