2 0.506820 0.497510 0.052797 0.054354
2 0.563984 0.480854 0.041406 0.050667
2 0.524242 0.475240 0.028734 0.034063
2 0.766063 0.479750 0.081781 0.045708
2 0.136297 0.536031 0.042000 0.081146
5 0.650016 0.475292 0.135531 0.143500
5 0.466227 0.468490 0.052047 0.062938
0 0.439078 0.644687 0.047438 0.305458
0 0.312891 0.496104 0.072688 0.183042
0 0.324023 0.530375 0.117109 0.108333
0 0.950930 0.497125 0.013703 0.057583
2 0.438180 0.474396 0.009734 0.019708
0 0.573930 0.466552 0.008984 0.008146
0 0.251711 0.518615 0.091016 0.136313
0 0.274922 0.812635 0.053500 0.023521
