32 0.380938 0.957009 0.627500 0.084159
32 0.104367 0.986133 0.027609 0.025818
38 0.169063 0.787640 0.187844 0.105607
38 0.379461 0.795502 0.172828 0.233715
38 0.565891 0.819346 0.172437 0.204626
38 0.524102 0.711706 0.951797 0.274766
0 0.580836 0.737079 0.196859 0.422477
0 0.392984 0.720234 0.202875 0.402243
0 0.354711 0.515759 0.149109 0.360350
0 0.441156 0.301285 0.127750 0.390421
0 0.615648 0.505479 0.166734 0.375350
0 0.712055 0.300140 0.155453 0.414299
0 0.165313 0.751682 0.231438 0.366308
0 0.855141 0.277629 0.138688 0.362640
0 0.222273 0.537079 0.132328 0.412243
0 0.491250 0.556086 0.130875 0.499977
0 0.773641 0.484369 0.158156 0.353832
38 0.480898 0.640911 0.130766 0.117103
0 0.914258 0.476449 0.147891 0.311121
32 0.944633 0.349439 0.006578 0.009860
32 0.962781 0.355514 0.007656 0.011308
32 0.982617 0.345619 0.006422 0.009416
0 0.086523 0.587173 0.155266 0.504953
