0 0.524539 0.659146 0.116016 0.480125
0 0.762898 0.536917 0.228672 0.506375
0 0.903062 0.648521 0.193875 0.380958
0 0.219055 0.421885 0.053578 0.156188
0 0.493305 0.427396 0.028141 0.133250
24 0.527500 0.635312 0.082187 0.247375
0 0.892305 0.374042 0.009484 0.038208
0 0.929219 0.375281 0.017313 0.050479
0 0.530047 0.384979 0.020469 0.042625
1 0.437867 0.451156 0.039828 0.085646
67 0.106273 0.316437 0.014547 0.047833
0 0.083422 0.610115 0.146625 0.712354
24 0.861336 0.628396 0.048891 0.081917
24 0.296281 0.385813 0.016406 0.075375
0 0.307453 0.438542 0.135969 0.449375
