2 0.773580 0.952078 0.107840 0.087590
2 0.402130 0.637982 0.043060 0.055301
2 0.577680 0.655813 0.059200 0.045060
3 0.218030 0.861145 0.012820 0.040723
5 0.796800 0.634834 0.382000 0.105633
2 0.204860 0.942199 0.108920 0.110904
9 0.521440 0.570783 0.008120 0.021687
24 0.768580 0.824006 0.012960 0.034819
24 0.220230 0.822364 0.014180 0.029789
26 0.460540 0.781898 0.007720 0.015422
0 0.218640 0.835000 0.036280 0.093735
2 0.326900 0.568358 0.018280 0.028404
2 0.342940 0.543946 0.021840 0.025361
2 0.060540 0.553901 0.031440 0.019970
5 0.369240 0.583599 0.039120 0.075512
5 0.401040 0.602907 0.052160 0.071536
25 0.626410 0.715346 0.038780 0.023886
0 0.410450 0.796069 0.019500 0.093645
0 0.547220 0.834232 0.016000 0.078464
0 0.580540 0.881355 0.030800 0.101024
0 0.758260 0.842304 0.025520 0.102078
0 0.699540 0.756642 0.020920 0.074488
0 0.389400 0.802364 0.012840 0.084127
0 0.667110 0.748419 0.011860 0.075211
0 0.397050 0.808389 0.016740 0.088765
0 0.450110 0.788931 0.009500 0.033765
3 0.489700 0.666958 0.037720 0.032952
9 0.517440 0.562123 0.006320 0.025693
0 0.537630 0.839774 0.019740 0.092801
7 0.208440 0.945151 0.104840 0.109699
16 0.676610 0.848057 0.019940 0.042319
0 0.093410 0.807048 0.021380 0.089880
0 0.860850 0.803675 0.020060 0.069337
2 0.368530 0.540602 0.030740 0.014157
2 0.111850 0.565964 0.024420 0.021265
2 0.546380 0.541416 0.032080 0.026506
9 0.270250 0.503449 0.010380 0.039669
9 0.404210 0.506114 0.012380 0.041024
9 0.199330 0.526973 0.009900 0.043946
9 0.505260 0.549518 0.005880 0.024578
9 0.532970 0.619774 0.010700 0.038343
9 0.798150 0.702846 0.015340 0.035331
