14 0.338586 0.620292 0.033297 0.057917
14 0.439758 0.607222 0.069547 0.068889
14 0.109445 0.626403 0.045516 0.043917
14 0.539234 0.507250 0.030375 0.018000
14 0.543531 0.540486 0.025156 0.016361
14 0.356805 0.472194 0.026141 0.020667
14 0.162312 0.609722 0.044094 0.061889
14 0.609875 0.597389 0.025969 0.017500
14 0.662547 0.601486 0.029125 0.018194
14 0.044188 0.541861 0.022375 0.022889
14 0.747367 0.501944 0.023953 0.013556
14 0.148344 0.436819 0.014844 0.021250
14 0.054398 0.506972 0.014391 0.024167
