32 0.799547 0.568406 0.015063 0.015521
56 0.142453 0.409156 0.084094 0.136979
56 0.193242 0.416552 0.085578 0.112312
38 0.434445 0.421979 0.059828 0.124583
38 0.531336 0.382542 0.026734 0.045708
0 0.480602 0.437906 0.121766 0.291646
56 0.400109 0.248781 0.030719 0.026729
56 0.251102 0.252167 0.023047 0.022125
0 0.194937 0.261469 0.038875 0.058688
0 0.287969 0.312344 0.028437 0.026687
0 0.353930 0.589885 0.188766 0.424729
0 0.475922 0.208521 0.028156 0.059500
0 0.079469 0.310635 0.038469 0.059396
0 0.147453 0.274646 0.036687 0.037083
0 0.517484 0.257583 0.024906 0.031500
0 0.428133 0.261979 0.036109 0.039000
0 0.302039 0.314438 0.024703 0.055542
0 0.519328 0.205042 0.024781 0.045250
26 0.131227 0.464531 0.039109 0.043562
56 0.432187 0.224833 0.040500 0.062042
56 0.437203 0.245510 0.032125 0.026313
56 0.554594 0.202229 0.018500 0.020125
56 0.479625 0.116740 0.009344 0.014313
56 0.296359 0.151146 0.018188 0.031708
56 0.392953 0.219208 0.028063 0.021125
0 0.135164 0.332562 0.054422 0.070167
28 0.268117 0.450260 0.022047 0.039562
56 0.536891 0.199552 0.020094 0.023813
0 0.149820 0.316823 0.008641 0.021688
56 0.680609 0.255115 0.034625 0.018854
