25 0.446511 0.254039 0.122389 0.041734
25 0.292002 0.287156 0.097916 0.065312
25 0.718290 0.274836 0.066323 0.034203
0 0.632412 0.301820 0.083934 0.087484
0 0.725820 0.307719 0.047283 0.063781
0 0.303735 0.330828 0.055340 0.127156
26 0.613044 0.312648 0.035316 0.025297
26 0.457178 0.295133 0.050094 0.034359
0 0.453232 0.326336 0.056159 0.122797
25 0.753536 0.300805 0.050258 0.034047
26 0.721077 0.339250 0.045199 0.033094
26 0.343009 0.339359 0.029719 0.029906
25 0.627119 0.276031 0.097330 0.053125
