0 0.223729 0.421172 0.381375 0.279281
0 0.531531 0.387383 0.264271 0.236484
53 0.505990 0.662922 0.988021 0.229219
40 0.103562 0.403281 0.025208 0.020656
40 0.668823 0.412305 0.132604 0.286578
56 0.360906 0.525125 0.192396 0.064312
56 0.107167 0.546578 0.205500 0.068031
56 0.683979 0.520766 0.142125 0.068031
56 0.602594 0.522156 0.032729 0.060313
0 0.056833 0.384945 0.113667 0.157297
0 0.861052 0.374156 0.277896 0.379781
60 0.936958 0.516539 0.124667 0.027641
60 0.099448 0.489070 0.175104 0.027703
