0 0.361206 0.653148 0.317307 0.328828
0 0.218653 0.769414 0.437307 0.437641
0 0.924953 0.609500 0.150094 0.304031
0 0.155749 0.509594 0.130234 0.090750
40 0.756311 0.793594 0.074450 0.110187
40 0.801534 0.776391 0.069391 0.105875
40 0.673700 0.841047 0.076159 0.080500
40 0.684977 0.786141 0.075433 0.054844
43 0.454614 0.837945 0.107073 0.020453
40 0.732073 0.615414 0.036276 0.039422
40 0.778208 0.681852 0.030000 0.052641
40 0.696393 0.692703 0.036721 0.065156
40 0.713091 0.635805 0.030070 0.041016
40 0.741183 0.714766 0.043864 0.049719
42 0.489778 0.884203 0.198009 0.020906
43 0.515176 0.721242 0.077424 0.033266
44 0.834496 0.713742 0.106932 0.012016
45 0.609567 0.697313 0.135714 0.030625
60 0.675539 0.791664 0.648923 0.396391
0 0.307623 0.540234 0.136089 0.113312
0 0.881534 0.520008 0.081663 0.134547
0 0.038958 0.512602 0.077916 0.074797
40 0.692272 0.645727 0.041358 0.030578
40 0.741464 0.662836 0.043536 0.055578
41 0.584731 0.628742 0.036909 0.023984
41 0.874602 0.944344 0.101616 0.111312
45 0.714754 0.900289 0.276300 0.084047
0 0.971569 0.658336 0.056862 0.121578
39 0.647190 0.631516 0.054754 0.055281
0 0.497272 0.579102 0.226159 0.195328
