14 0.344953 0.536566 0.044438 0.126868
14 0.152641 0.661293 0.039969 0.080287
14 0.221703 0.640603 0.052719 0.132356
14 0.256055 0.581221 0.037266 0.080891
14 0.575805 0.460330 0.184953 0.181408
14 0.456375 0.492557 0.035000 0.112011
14 0.589570 0.434626 0.035484 0.069828
14 0.399266 0.519828 0.040031 0.132529
14 0.299742 0.562486 0.036734 0.078822
14 0.543828 0.465144 0.037156 0.142299
14 0.912883 0.341480 0.060203 0.084454
14 0.805828 0.362917 0.032719 0.069741
14 0.697273 0.435474 0.036891 0.138305
