39 0.579844 0.435953 0.499000 0.755062
39 0.338344 0.325844 0.018531 0.064312
39 0.326555 0.299453 0.009984 0.022156
0 0.656898 0.317148 0.239203 0.325484
0 0.927766 0.341430 0.144469 0.408578
0 0.202250 0.279398 0.269656 0.388766
40 0.257273 0.614313 0.143172 0.319906
40 0.689758 0.549984 0.103859 0.215687
40 0.092672 0.595258 0.121781 0.302547
40 0.763781 0.469250 0.084687 0.084156
39 0.314031 0.292531 0.008156 0.018063
40 0.758695 0.414672 0.064703 0.029656
0 0.808164 0.582586 0.338734 0.180953
60 0.501297 0.516883 0.940250 0.903891
