33 0.369010 0.171102 0.490479 0.130641
0 0.146448 0.558602 0.040313 0.053922
0 0.383625 0.585750 0.027000 0.020250
0 0.141052 0.608578 0.041688 0.043969
0 0.448083 0.608656 0.019833 0.030937
0 0.497542 0.617992 0.011375 0.025609
0 0.186521 0.586664 0.033000 0.048297
0 0.830719 0.672039 0.008854 0.017891
0 0.217469 0.581430 0.030521 0.033172
0 0.237656 0.567914 0.014313 0.028922
0 0.204000 0.578875 0.026208 0.050562
13 0.253635 0.570594 0.018479 0.013500
13 0.498125 0.626609 0.042792 0.013531
0 0.537969 0.728742 0.102979 0.173328
0 0.508125 0.624211 0.011708 0.020609
0 0.592510 0.633977 0.019062 0.026391
