2 0.499828 0.211304 0.089625 0.161323
3 0.419336 0.286115 0.072172 0.118809
0 0.418992 0.194244 0.110859 0.204329
0 0.797375 0.194802 0.083281 0.258223
0 0.859320 0.135974 0.067078 0.106011
0 0.608656 0.202514 0.147969 0.401210
0 0.254609 0.220955 0.051594 0.167618
13 0.932813 0.249679 0.043688 0.098563
26 0.701211 0.214178 0.047297 0.106957
0 0.290102 0.225274 0.042984 0.136030
0 0.718891 0.183658 0.088875 0.252268
0 0.357547 0.221900 0.043312 0.125388
0 0.865977 0.114216 0.037453 0.101096
0 0.904797 0.127817 0.053906 0.084669
2 0.870539 0.209348 0.171766 0.075066
19 0.695664 0.563270 0.378516 0.421739
