32 0.397391 0.169053 0.023844 0.034088
0 0.237625 0.556143 0.248219 0.758383
0 0.726961 0.556143 0.268797 0.790069
0 0.836242 0.233233 0.056922 0.187436
0 0.411711 0.239734 0.019734 0.141039
0 0.268570 0.231813 0.044641 0.164088
0 0.030437 0.241559 0.027781 0.175081
0 0.738195 0.190635 0.037547 0.082610
0 0.364687 0.236917 0.060844 0.190092
38 0.203469 0.140797 0.099250 0.203210
38 0.700828 0.162945 0.112813 0.239284
56 0.955352 0.281109 0.059109 0.098199
0 0.429234 0.235035 0.024094 0.183048
32 0.882156 0.168637 0.022375 0.032610
0 0.899711 0.233961 0.027453 0.182610
56 0.470219 0.295554 0.028437 0.087044
