39 0.564453 0.684110 0.025406 0.064567
39 0.570266 0.641499 0.025469 0.060328
56 0.791375 0.825000 0.370500 0.350000
60 0.416430 0.721686 0.600016 0.556628
0 0.215898 0.494555 0.224891 0.469110
0 0.758648 0.626967 0.377828 0.665176
41 0.208281 0.746370 0.074625 0.178970
53 0.431859 0.582775 0.122250 0.071780
53 0.407695 0.682260 0.161078 0.128735
53 0.546234 0.570984 0.111094 0.071101
41 0.595945 0.515059 0.028078 0.080047
41 0.382531 0.736335 0.052250 0.153513
42 0.386984 0.907998 0.088750 0.160445
43 0.383297 0.941452 0.100500 0.115410
39 0.590258 0.462002 0.030359 0.131265
39 0.596914 0.677190 0.040484 0.079251
41 0.567859 0.497447 0.025938 0.065948
41 0.621336 0.492412 0.024703 0.037939
41 0.619648 0.524496 0.021234 0.033770
42 0.633969 0.630152 0.070250 0.052248
42 0.273359 0.666593 0.069594 0.069016
45 0.569547 0.696101 0.124594 0.107471
45 0.655133 0.348630 0.030047 0.033372
0 0.411836 0.440749 0.168859 0.356300
