17 0.770501 0.718055 0.271259 0.446203
17 0.452366 0.711172 0.224592 0.378500
25 0.822844 0.474227 0.354312 0.086672
32 0.473555 0.719469 0.082634 0.055375
0 0.455350 0.607242 0.272890 0.326922
0 0.855862 0.591109 0.083193 0.090969
0 0.265245 0.585805 0.079674 0.068672
0 0.918823 0.595609 0.082587 0.093437
0 0.075524 0.584406 0.070117 0.067469
0 0.182529 0.582016 0.088648 0.075844
0 0.326876 0.579953 0.072494 0.088844
0 0.236235 0.578688 0.037925 0.047500
0 0.737821 0.638227 0.335315 0.294328
0 0.125268 0.583586 0.077716 0.068016
0 0.026399 0.583187 0.052797 0.070062
0 0.823963 0.550000 0.070536 0.088406
0 0.990303 0.608156 0.017622 0.078250
