5 0.521703 0.538500 0.545969 0.404750
0 0.928227 0.596927 0.059016 0.221979
0 0.030078 0.504146 0.010531 0.045792
0 0.217570 0.527219 0.018641 0.085562
0 0.436250 0.479063 0.051656 0.043750
0 0.565727 0.497438 0.030328 0.097500
13 0.798125 0.641729 0.037687 0.057042
0 0.200656 0.528625 0.017938 0.071292
0 0.244461 0.522885 0.016203 0.103104
0 0.096633 0.493385 0.016797 0.026646
0 0.275648 0.470490 0.014328 0.043646
0 0.037594 0.504990 0.009719 0.045104
0 0.351641 0.473844 0.026312 0.039146
0 0.003750 0.507865 0.007437 0.063812
0 0.232141 0.524406 0.015594 0.081312
