35 0.670797 0.550469 0.057531 0.076197
0 0.704844 0.711268 0.192812 0.491033
0 0.420961 0.499918 0.035734 0.190164
0 0.455984 0.496268 0.050375 0.210845
0 0.541742 0.513028 0.039641 0.213380
0 0.577586 0.504777 0.044266 0.210211
0 0.292922 0.480610 0.039969 0.206995
0 0.110156 0.535728 0.096875 0.150798
0 0.099461 0.430340 0.043359 0.159554
0 0.037758 0.479049 0.050766 0.244390
0 0.501516 0.506232 0.048188 0.197582
0 0.384141 0.496854 0.043812 0.184554
0 0.359125 0.496068 0.032875 0.179413
0 0.663445 0.463192 0.012766 0.019765
