17 0.065219 0.465164 0.130438 0.323583
17 0.372227 0.459824 0.104266 0.300679
17 0.489523 0.467459 0.196203 0.266440
17 0.631117 0.451194 0.101766 0.256066
17 0.777094 0.438970 0.156656 0.277939
2 0.871961 0.455913 0.078734 0.032763
0 0.471906 0.359391 0.064406 0.242201
0 0.774828 0.353314 0.074313 0.224941
0 0.071164 0.348267 0.094047 0.256674
0 0.618641 0.354578 0.077656 0.216745
2 0.706820 0.452330 0.102234 0.029813
2 0.135695 0.434660 0.049922 0.056721
2 0.981625 0.458665 0.036750 0.028478
2 0.705539 0.452459 0.104516 0.029883
2 0.288937 0.442377 0.074344 0.037822
0 0.358383 0.353372 0.074766 0.264918
