3 0.341367 0.616854 0.679359 0.748875
0 0.289047 0.523604 0.379219 0.835958
0 0.457484 0.409302 0.340125 0.718812
0 0.908570 0.338406 0.182859 0.676813
0 0.752773 0.115927 0.093016 0.213146
0 0.689617 0.283708 0.161797 0.566292
0 0.241469 0.066344 0.079063 0.130646
0 0.601758 0.110865 0.075984 0.196813
0 0.435727 0.113865 0.158828 0.223521
0 0.052742 0.132771 0.105484 0.152208
0 0.150359 0.137052 0.085125 0.129521
0 0.819156 0.159740 0.114937 0.272729
0 0.295312 0.135052 0.098594 0.144979
67 0.408375 0.261406 0.027750 0.025604
