60 0.948187 0.690896 0.103625 0.291958
40 0.512734 0.637469 0.026969 0.075813
40 0.424523 0.667000 0.028641 0.089292
40 0.550836 0.647260 0.026297 0.069687
40 0.475016 0.617969 0.024438 0.081438
40 0.395508 0.584094 0.018734 0.063646
40 0.379781 0.582344 0.019906 0.056063
60 0.480680 0.721156 0.380141 0.283188
0 0.447656 0.492854 0.103094 0.178833
0 0.262922 0.716854 0.330344 0.548333
0 0.644586 0.550156 0.164078 0.267813
0 0.705398 0.725021 0.314391 0.549958
0 0.833945 0.409031 0.069234 0.148896
0 0.811469 0.392052 0.051031 0.120104
0 0.720867 0.419052 0.075734 0.208813
0 0.097562 0.600135 0.099094 0.275521
0 0.046750 0.524844 0.071688 0.139604
0 0.271617 0.486854 0.074547 0.147792
0 0.237055 0.421927 0.038734 0.063521
26 0.165258 0.714521 0.116766 0.213500
26 0.014438 0.713896 0.028156 0.256750
26 0.064539 0.827875 0.115922 0.344250
40 0.489555 0.611333 0.018109 0.072500
40 0.336797 0.567844 0.017563 0.060021
40 0.988906 0.556052 0.022187 0.088521
56 0.828703 0.820906 0.098594 0.353479
56 0.893516 0.717625 0.118844 0.345292
56 0.598883 0.515490 0.060234 0.046687
56 0.576844 0.527875 0.035937 0.046708
56 0.386555 0.494531 0.047141 0.086979
56 0.312820 0.490979 0.033641 0.100792
56 0.333375 0.491990 0.025625 0.102854
56 0.051281 0.630677 0.033063 0.068479
56 0.046844 0.767208 0.085750 0.385583
0 0.532680 0.537375 0.122578 0.174250
26 0.722367 0.920375 0.142016 0.159250
40 0.255898 0.578865 0.021672 0.053896
40 0.412672 0.657521 0.028063 0.090083
56 0.093266 0.830281 0.101781 0.339438
56 0.714102 0.567000 0.032266 0.093875
40 0.319922 0.567448 0.018937 0.061312
56 0.514500 0.498594 0.025094 0.055313
60 0.330953 0.476042 0.066562 0.057958
