16 0.788516 0.375012 0.063687 0.085553
18 0.381906 0.634329 0.108312 0.167388
18 0.230852 0.580694 0.159609 0.158800
18 0.446555 0.426047 0.058234 0.020188
18 0.060906 0.672482 0.121812 0.108541
18 0.083641 0.549871 0.127562 0.139647
18 0.257375 0.484306 0.102344 0.065788
18 0.325234 0.471459 0.081094 0.083671
18 0.499195 0.486624 0.125328 0.121576
18 0.565055 0.461059 0.120234 0.093506
18 0.361758 0.515153 0.134922 0.114212
18 0.421930 0.480376 0.105547 0.116753
18 0.486289 0.419659 0.033047 0.039318
18 0.788312 0.375882 0.066375 0.091012
