60 0.501078 0.638920 0.993219 0.700235
44 0.750305 0.706878 0.297891 0.140000
45 0.409500 0.509167 0.658188 0.901573
46 0.479070 0.203932 0.107453 0.179366
46 0.294547 0.484390 0.130750 0.193709
46 0.464273 0.369554 0.118953 0.127465
46 0.548422 0.367723 0.084562 0.170892
46 0.187352 0.626385 0.086422 0.194742
46 0.321336 0.593298 0.106641 0.071385
46 0.364617 0.217653 0.123703 0.106620
46 0.581859 0.655810 0.101719 0.170775
46 0.587805 0.491808 0.062141 0.101596
46 0.487859 0.657547 0.083625 0.126455
46 0.414969 0.796068 0.091594 0.170775
