74 0.543688 0.387659 0.042094 0.037671
56 0.065961 0.831859 0.131922 0.335294
56 0.164148 0.795506 0.131328 0.386494
40 0.651852 0.129835 0.028578 0.067388
44 0.042703 0.522953 0.024938 0.159694
44 0.018734 0.525871 0.024000 0.157482
45 0.915023 0.211529 0.026578 0.020000
45 0.915312 0.194694 0.031750 0.012871
68 0.230922 0.324765 0.203031 0.167271
69 0.279602 0.623459 0.126672 0.094871
71 0.933414 0.646106 0.133172 0.025435
40 0.623641 0.135059 0.016875 0.065035
45 0.916039 0.173565 0.032453 0.012353
45 0.914883 0.185776 0.031234 0.012918
45 0.927547 0.086024 0.022500 0.034965
45 0.657312 0.314624 0.017531 0.022894
45 0.622203 0.314929 0.013656 0.016588
47 0.540359 0.207235 0.038812 0.056447
69 0.267117 0.910118 0.113422 0.152800
43 0.670055 0.526082 0.003922 0.030000
43 0.665289 0.511000 0.005297 0.055035
43 0.681969 0.525129 0.005219 0.036188
43 0.672398 0.526988 0.003703 0.032565
43 0.665031 0.490294 0.010437 0.044871
43 0.675672 0.528400 0.002781 0.033506
43 0.680352 0.486353 0.009516 0.041741
45 0.987891 0.159941 0.024188 0.050612
60 0.082367 0.665624 0.164734 0.142118
69 0.741758 0.549012 0.099172 0.072753
76 0.380695 0.521306 0.014047 0.033953
