74 0.505531 0.398012 0.043531 0.068588
0 0.536430 0.796565 0.053016 0.260141
0 0.476539 0.808812 0.063484 0.285482
0 0.518094 0.768247 0.035281 0.225812
0 0.499312 0.714259 0.033563 0.132424
0 0.314125 0.769659 0.085062 0.276400
0 0.111922 0.785400 0.071625 0.303365
0 0.589414 0.766000 0.072047 0.143294
0 0.734750 0.820671 0.065844 0.286235
0 0.064055 0.772282 0.056266 0.152424
0 0.382961 0.754365 0.086391 0.180965
0 0.440344 0.794718 0.042438 0.252918
0 0.482977 0.675353 0.018672 0.068071
0 0.677305 0.829165 0.077078 0.341482
