0 0.654250 0.757281 0.145094 0.177812
0 0.750062 0.743188 0.099687 0.208583
0 0.509219 0.504563 0.037437 0.097208
0 0.680547 0.526865 0.015781 0.026646
0 0.483625 0.585948 0.041125 0.050521
0 0.448148 0.502656 0.013297 0.022229
0 0.391945 0.549354 0.036359 0.034292
13 0.908086 0.664656 0.183672 0.032521
34 0.511813 0.623552 0.007781 0.035729
35 0.593320 0.712052 0.028047 0.032271
0 0.803523 0.648927 0.036109 0.055604
0 0.616930 0.541167 0.031672 0.044250
56 0.522211 0.254844 0.013578 0.011229
56 0.567469 0.394313 0.011750 0.010792
0 0.574563 0.534062 0.021844 0.032000
56 0.483938 0.258031 0.009687 0.005604
56 0.617070 0.228417 0.010172 0.007917
56 0.800563 0.428042 0.018219 0.008083
56 0.080852 0.538417 0.014609 0.009083
56 0.043422 0.294177 0.009125 0.007562
56 0.136273 0.274031 0.010891 0.006646
56 0.517125 0.366490 0.014281 0.007687
56 0.543039 0.367594 0.014609 0.012979
0 0.772305 0.643635 0.033641 0.054813
0 0.701039 0.643031 0.011141 0.042063
56 0.572469 0.364083 0.011594 0.006417
0 0.456508 0.720531 0.132672 0.275812
56 0.362477 0.303385 0.013578 0.009979
