0 0.756398 0.650562 0.184422 0.671897
0 0.651188 0.598443 0.096937 0.391030
0 0.536508 0.505293 0.035516 0.174145
0 0.581984 0.567002 0.071906 0.335597
0 0.225148 0.721311 0.015922 0.052178
0 0.248719 0.672658 0.017031 0.041007
30 0.488477 0.922740 0.079516 0.154520
30 0.664016 0.899485 0.111250 0.164215
30 0.567625 0.749286 0.039688 0.036979
24 0.782141 0.521393 0.121719 0.247752
24 0.451289 0.537073 0.098953 0.220234
0 0.544477 0.432377 0.016703 0.034871
0 0.437789 0.640070 0.167922 0.692131
30 0.712039 0.916745 0.035172 0.166511
30 0.251320 0.687810 0.032984 0.037073
30 0.230719 0.747272 0.014781 0.019602
