38 0.575133 0.725845 0.127141 0.328075
56 0.706883 0.849495 0.136359 0.075282
56 0.535492 0.082031 0.098734 0.110117
56 0.715766 0.569965 0.106125 0.045376
56 0.744875 0.067688 0.093750 0.120305
0 0.887750 0.828087 0.213906 0.253920
0 0.748641 0.696631 0.142094 0.247207
0 0.863820 0.646068 0.204922 0.159554
0 0.744688 0.932007 0.081000 0.134812
0 0.925898 0.939331 0.071797 0.121338
0 0.575109 0.939167 0.060844 0.121667
0 0.244734 0.219930 0.137375 0.439859
0 0.033539 0.451608 0.066516 0.226408
0 0.972398 0.757535 0.055203 0.217042
0 0.224047 0.937477 0.088125 0.125047
0 0.072500 0.228791 0.105281 0.422136
56 0.958727 0.601819 0.082547 0.122324
56 0.789016 0.636268 0.073000 0.066714
56 0.582695 0.853016 0.084547 0.082089
56 0.635609 0.954707 0.099000 0.087864
56 0.664328 0.648333 0.065938 0.081831
56 0.431367 0.093498 0.098547 0.135070
0 0.593484 0.723568 0.146469 0.250094
0 0.414938 0.592207 0.314656 0.784413
56 0.955922 0.528110 0.088156 0.091244
