25 0.835850 0.228087 0.310300 0.433730
25 0.647400 0.227717 0.288320 0.114920
25 0.095530 0.251801 0.188260 0.204051
25 0.494730 0.232219 0.197260 0.083794
0 0.199880 0.488071 0.287920 0.631447
0 0.326650 0.489791 0.143660 0.538553
0 0.527860 0.348215 0.048960 0.095531
0 0.565520 0.528248 0.152000 0.412572
0 0.714740 0.621302 0.288680 0.735402
0 0.420020 0.444952 0.076880 0.328103
0 0.809850 0.378248 0.063540 0.199518
0 0.873130 0.408135 0.091260 0.190804
0 0.925710 0.383296 0.020860 0.084277
49 0.640320 0.705852 0.022720 0.031640
49 0.850570 0.637492 0.021940 0.029003
26 0.147110 0.666415 0.113260 0.175273
26 0.269490 0.406158 0.014940 0.053859
0 0.498070 0.338280 0.040140 0.107106
46 0.150960 0.941576 0.170520 0.094405
46 0.269860 0.928135 0.062760 0.116592
46 0.103960 0.820916 0.051000 0.130514
46 0.142570 0.849084 0.074700 0.061640
25 0.070060 0.267154 0.140120 0.029743
46 0.182040 0.836752 0.141360 0.191061
46 0.039340 0.744325 0.078680 0.056559
46 0.102450 0.791801 0.073140 0.046817
46 0.093550 0.764373 0.055740 0.027524
46 0.106740 0.914277 0.045040 0.068489
49 0.662530 0.721640 0.021700 0.018071
0 0.473830 0.340096 0.025140 0.105916
0 0.455000 0.340804 0.018080 0.102894
25 0.279650 0.263633 0.032780 0.052733
0 0.576530 0.359100 0.034100 0.052219
