17 0.316023 0.572115 0.254766 0.262562
2 0.949680 0.522885 0.099734 0.088646
0 0.742445 0.515854 0.087609 0.167583
0 0.571289 0.466115 0.079359 0.187312
0 0.695281 0.506990 0.036437 0.100687
0 0.788945 0.482469 0.017672 0.047104
0 0.810422 0.505740 0.028687 0.113646
0 0.665445 0.523646 0.062891 0.144583
9 0.765000 0.364615 0.030969 0.082604
9 0.738336 0.355229 0.017047 0.052417
13 0.050109 0.564240 0.100219 0.067771
0 0.885688 0.508875 0.017656 0.052750
0 0.675133 0.480302 0.023578 0.052312
1 0.889391 0.518240 0.010000 0.036521
17 0.349859 0.567469 0.201000 0.229104
25 0.388852 0.444490 0.118297 0.035062
26 0.689398 0.520323 0.018609 0.042896
25 0.135766 0.452760 0.115969 0.027021
